metamdb_pathway_id,inhouse_id,source_database,source_db_id,kegg_module_id,pathway_description,reaction_ids,ec_numbers,ec3_numbers,neo4j_id
1.0,ME.1,metacyc,PWY-7333,,UDP-N-acetyl-alpha-D-fucosamine biosynthesis,49347|49348,4.2.1.135|1.1.1,4.2.1|1.1.1,3335
2.0,ME.2,metacyc,PROTOCATECHUATE-ORTHO-CLEAVAGE-PWY,,protocatechuate degradation II (ortho-cleavage pathway),31289|31288|31287|31286,1.13.11.3|4.1.1.44|5.5.1.5|3.1.1.24,1.13.11|4.1.1|5.5.1|3.1.1,214
3.0,ME.3,metacyc,PWY-7771,,butachlor degradation,44053|44057|44055|44056|44054|44052,3.1.3|3.5.1|3.1.3|3.8.1.3,3.1.3|3.5.1|3.1.3|3.8.1,2425
4.0,ME.4,metacyc,PWY-7031,,protein N-glycosylation (bacterial),47378|47380|47375|47376|47377|47379,2.4.1.292|2.4.99.19|2.7.8.36|2.4.1.290|2.4.1.291|2.4.1.293,2.4.1|2.4.99|2.7.8|2.4.1|2.4.1|2.4.1,3000
5.0,ME.5,metacyc,PWY66-366,,flavin biosynthesis IV (mammalian),43146|43147,2.7.1.26|2.7.7.2,2.7.1|2.7.7,2267
6.0,ME.6,metacyc,PWY0-1021,,L-alanine biosynthesis III,42881,,,2217
7.0,ME.7,metacyc,PWY-8028,,cycloartenol biosynthesis,30557,5.4.99.8,5.4.99,62
9.0,ME.9,metacyc,PWY0-461,,L-lysine degradation I,43256|43255|43251|43252|43254|43253|43257,2.6.1.82|1.2.1.20|2.6.1.48|1.14.11.64|1.2.1.19|4.1.1.18|1.1.5.13,2.6.1|1.2.1|2.6.1|1.14.11|1.2.1|4.1.1|1.1.5,2287
10.0,ME.10,metacyc,PWY-6167,,flavin biosynthesis II (archaea),30979|30980|30981|30982|30983|30984|30975|30976|30977|30978,1.1.1.302|2.5.1.78|3.1.3.104|4.1.99.12|3.5.1.102|3.5.4.26|2.5.1.9|3.5.4.29|2.7.7.2|2.7.1.161,1.1.1|2.5.1|3.1.3|4.1.99|3.5.1|3.5.4|2.5.1|3.5.4|2.7.7|2.7.1,148
11.0,ME.11,metacyc,PWY-6336,,protocatechuate degradation III (para-cleavage pathway),46629|46632|46630|46628|46634|46631|46633,1.2.1.85|4.1.1.77|1.13.11|5.3.2.6|5.3.2.6,1.2.1|4.1.1|1.13.11|5.3.2|5.3.2,2858
12.0,ME.12,metacyc,PWY-7512,,"3,5,6-trichloro-2-pyridinol degradation",43651,3.5.99,3.5.99,2353
13.0,ME.13,metacyc,PWY-6116,,mannosylfructose biosynthesis,44679|44680,2.4.1.246|3.1.3.79,2.4.1|3.1.3,2521
14.0,ME.14,metacyc,RIBOSYN2-PWY,,flavin biosynthesis I (bacteria and plants),39565|39567|39566|39564|39563|39562|39561|39560|39559,3.1.3.104|4.1.99.12|3.5.4.25|2.5.1.78|2.7.7.2|2.7.1.26|2.5.1.9|1.1.1.193|3.5.4.26,3.1.3|4.1.99|3.5.4|2.5.1|2.7.7|2.7.1|2.5.1|1.1.1|3.5.4,1632
16.0,ME.16,metacyc,PWY-6008,,baruol biosynthesis,45088,5.4.99.57,5.4.99,2604
17.0,ME.17,metacyc,PWY-6271,,eudesmol biosynthesis,35265|35263|35264,4.2.3.85|4.2.3.68|4.2.3.84,4.2.3|4.2.3|4.2.3,894
18.0,ME.18,metacyc,PWY-6168,,flavin biosynthesis III (fungi),33076|33075|33069|33072|33074|33068|33073|33070|33071,3.5.4.26|4.1.99.12|2.7.1.26|2.5.1.78|3.5.4.25|2.5.1.9|3.1.3.104|2.7.7.2|1.1.1.302,3.5.4|4.1.99|2.7.1|2.5.1|3.5.4|2.5.1|3.1.3|2.7.7|1.1.1,536
19.0,ME.19,metacyc,PWY-7331,,UDP-N-acetyl-beta-L-quinovosamine biosynthesis,33746|33745|33744,1.1.1|4.2.1.115,1.1.1|4.2.1,638
20.0,ME.20,metacyc,PWY-7496,,linuron degradation,39782|39783,,,1678
21.0,ME.21,metacyc,PWY-5337,,stachyose biosynthesis,34069|34071|34070,2.4.1.67|2.4.1.123|2.4.1.82,2.4.1|2.4.1|2.4.1,700
22.0,ME.22,metacyc,PWY0-1597,,prenylated FMNH2 biosynthesis,37496|37494|37495,2.5.1.129|2.7.4.26,2.5.1|2.7.4,1249
23.0,ME.23,metacyc,ALANINE-SYN2-PWY,,L-alanine biosynthesis II,44843,2.6.1.2,2.6.1,2551
24.0,ME.24,metacyc,PWY-7474,,avenacin A-2 biosynthesis,30921,2.3.1,2.3.1,136
25.0,ME.25,metacyc,PWY-6128,,cis-calamenene related sesquiterpenoids biosynthesis,43649|43650,4.2.3.67|4.2.3.67,4.2.3|4.2.3,2352
26.0,ME.26,metacyc,PWY-5324,,L-lysine degradation IX,44097|44098|44098,2.6.1.71|1.4.1.18|1.2.1.31,2.6.1|1.4.1|1.2.1,2432
27.0,ME.27,metacyc,PWY-6200,,"2,4,5-trichlorophenoxyacetate degradation",38659|38663|38662|38661|38660|38658|38657|38656|38664,1.3.8|4.5.1|1.14.14|1.14.14|1.13.11.37|1.3.1.32|1.6.5.7|1.3.8,1.3.8|4.5.1|1.14.14|1.14.14|1.13.11|1.3.1|1.6.5|1.3.8,1474
28.0,ME.28,metacyc,PWY-7037,,protein O-glycosylation (Neisseria),36014|36013|36017|36018|36015|36016,2.4.1|2.7.8.36|2.4.1|2.4.1|2.4.1|2.4.1,2.4.1|2.7.8|2.4.1|2.4.1|2.4.1|2.4.1,1013
29.0,ME.29,metacyc,PWY-6765,,hydrogen production IV,33362,1.12.1.5,1.12.1,589
30.0,ME.30,metacyc,PWY-5875,,staphyloxanthin biosynthesis,47686|47691|47683|47684|47687|47690|47685|47685|47688|47689,2.5.1.103|1.3.8.2|1.3.8.2|2.5.1.96|1.3.8|1.3.8.2,2.5.1|1.3.8|1.3.8|2.5.1|1.3.8|1.3.8,3056
31.0,ME.31,metacyc,PWY-7720,,ophiobolin F biosynthesis,42567|42569|42568,2.5.1|4.2.3.145|2.5.1.81,2.5.1|4.2.3|2.5.1,2148
32.0,ME.32,metacyc,PWY-7330,,UDP-N-acetyl-beta-L-fucosamine biosynthesis,49425|49424|49426,1.1.1.367|4.2.1.115,1.1.1|4.2.1,3349
33.0,ME.33,metacyc,PWY-6197,,chlorinated phenols degradation,33912|33913|33910|33911,1.14.13.7|1.14.13.7|1.14.13.7|1.14.13.7,1.14.13|1.14.13|1.14.13|1.14.13,677
34.0,ME.34,metacyc,PWY-6524,,lychnose and isolychnose biosynthesis,41288|41290|41287|41289,2.4.1.82|2.4.1.166|2.4.1.166|2.4.1.123,2.4.1|2.4.1|2.4.1|2.4.1,1945
35.0,ME.35,metacyc,PWY-7072,,hopanoid biosynthesis (bacteria),41221|41226|41223|41222|41220|41219|41218|41217|41224|41225,4.2.1.123|1.17.8.1|4.2.1.129|5.4.99.17|4.2.3.156|2.5.1.103,4.2.1|1.17.8|4.2.1|5.4.99|4.2.3|2.5.1,1939
36.0,ME.36,metacyc,PWY-6257,,curcumene biosynthesis,35038|35039|35040,4.2.3.94|4.2.3,4.2.3|4.2.3,865
37.0,ME.37,metacyc,PWY-5298,,L-lysine degradation VI,30751|30753|30752|30753,2.6.1.36|1.4.1.18|1.2.1.31|1.2.1.31,2.6.1|1.4.1|1.2.1|1.2.1,103
38.0,ME.38,metacyc,VALSYN-PWY,,L-valine biosynthesis,35076|35078|35077|35076|35075,1.1.1.383|4.2.1.9|2.6.1.42|1.1.1.86|2.2.1.6,1.1.1|4.2.1|2.6.1|1.1.1|2.2.1,874
39.0,ME.39,metacyc,PWY-6178,,"2,4,6-trichlorophenol degradation",32335|32339|32338|32337|32337|32336,1.3.1.32|1.3.1.32|1.14.14.173|1.5.1.37|1.13.11,1.3.1|1.3.1|1.14.14|1.5.1|1.13.11,406
40.0,ME.40,metacyc,PWY-6416,,quinate degradation II,40111|40109|40110,4.2.1.118|4.2.1.10|1.1.1.282,4.2.1|4.2.1|1.1.1,1729
41.0,ME.41,metacyc,PWY-5756,,saponin biosynthesis II,34399|34398|34397|34396|34395|34394|34393|34392,2.4.1|2.4.1|2.4.1|2.4.1|2.4.1|2.4.1|2.4.1|2.4.1.17,2.4.1|2.4.1|2.4.1|2.4.1|2.4.1|2.4.1|2.4.1|2.4.1,747
42.0,ME.42,metacyc,PWY-5733,,germacrene biosynthesis,39258|39261|39260|39259|39262,4.2.3.60|4.2.3.77|4.2.3.75|4.2.3.71|4.2.3.23,4.2.3|4.2.3|4.2.3|4.2.3|4.2.3,1585
43.0,ME.43,metacyc,PWY-7090,,"UDP-2,3-diacetamido-2,3-dideoxy-alpha-D-mannuronate biosynthesis",35427|35428|35426|35425,1.1.1.335|2.6.1.98|2.3.1.201|1.1.1.136,1.1.1|2.6.1|2.3.1|1.1.1,914
44.0,ME.44,metacyc,PWY-6107,,chlorosalicylate degradation,37041|37036|37037|37038|37039|37040|37042,3.1.1.45|5.5.1.7|1.3.1.32|1.14.13.1|1.14.13.1,3.1.1|5.5.1|1.3.1|1.14.13|1.14.13,1181
45.0,ME.45,metacyc,QUINATEDEG-PWY,,quinate degradation I,41509|41511|41507|41508|41510,1.1.5.8|1.1.5.8|4.2.1.10|4.2.1.118|1.1.5.8,1.1.5|1.1.5|4.2.1|4.2.1|1.1.5,1970
46.0,ME.46,metacyc,PWY-882,,L-ascorbate biosynthesis I (L-galactose pathway),38849|38854|38855|38851|38852|38853|38850,2.7.7.13|1.1.1.316|3.1.3.93|1.3.2.3|5.3.1.8|5.4.2.8|2.7.7.69,2.7.7|1.1.1|3.1.3|1.3.2|5.3.1|5.4.2|2.7.7,1509
47.0,ME.47,metacyc,PWY-7067,,betulinate biosynthesis,39081|39079|39080,,,1540
48.0,ME.48,metacyc,PWY-7712,,deoxynivalenol biosynthesis,43225|43224|43223|43222|43221|43220,3.1.1|3.1.1|3.1.1|3.1.1|1.14.14,3.1.1|3.1.1|3.1.1|3.1.1|1.14.14,2281
49.0,ME.49,metacyc,PWY66-425,,L-lysine degradation II (L-pipecolate pathway),48831|48832|48837|48838|48836|48835|48833|48834|48839,1.4.3.14|1.5.1.1|1.2.1.105|1.2.1.31|2.6.1|1.5.1|1.5.3.7|2.6.1.39,1.4.3|1.5.1|1.2.1|1.2.1|2.6.1|1.5.1|1.5.3|2.6.1,3255
50.0,ME.50,metacyc,PWY-5331,,taurine biosynthesis I,47873|47871|47875|47872|47874,4.1.1.29|1.13.11.20|4.1.1.29|1.8.1.3,4.1.1|1.13.11|4.1.1|1.8.1,3098
51.0,ME.51,metacyc,PWY-5265,,peptidoglycan biosynthesis II (staphylococci),36307|36306|36305|36309|36304|36308,3.4.16.4|6.3.5.13|2.7.8.13|2.4.1.227|2.4.1.129,3.4.16|6.3.5|2.7.8|2.4.1|2.4.1,1072
52.0,ME.52,metacyc,PWY-6102,,5-chloro-3-methyl-catechol degradation,43987|43984|43986|43985,5.5.1.7,5.5.1,2412
53.0,ME.53,metacyc,PWY-7731,,superpathway of photosynthetic hydrogen production,32271,1.6.5.2,1.6.5,389
54.0,ME.54,metacyc,PWY-7847,,heme degradation VI,44058|44059,1.14.99.48|1.14.99.48,1.14.99|1.14.99,2426
55.0,ME.55,metacyc,PWY-5521,,L-ascorbate biosynthesis III,47411|47410|47408|47409,1.1.99.21|1.1.99.32,1.1.99|1.1.99,3006
56.0,ME.56,metacyc,PWY-5377,,alpha-amyrin biosynthesis,30675,5.4.99.40,5.4.99,86
57.0,ME.57,metacyc,PWY-2961,,sesquiterpenoid phytoalexins biosynthesis,44102|44105|44107|44109|44103|44101|44106|44104|44108,1.14.99|1.14.99|4.2.3.21,1.14.99|1.14.99|4.2.3,2434
58.0,ME.58,metacyc,PWY0-1586,,peptidoglycan maturation (meso-diaminopimelate containing),31300|31301|31297|31296|31295|31299|31298|31302,3.4.16.4|2.4.1.129,3.4.16|2.4.1,216
59.0,ME.59,metacyc,PWY-7028,,"UDP-N,N-diacetylbacillosamine biosynthesis",40162|40161|40160,4.2.1.135|2.3.1.203|2.6.1.34,4.2.1|2.3.1|2.6.1,1744
60.0,ME.60,metacyc,PWY-6086,,4-chloro-2-methylphenoxyacetate degradation,35066|35067,1.14.13.20|1.14.11,1.14.13|1.14.11,871
62.0,ME.62,metacyc,PWY3DJ-35471,,L-ascorbate biosynthesis IV,40025|40027|40029|40026|40028|40024,1.1.3.8|1.1.3.8|3.2.1|3.1.1.17|1.1.1.19,1.1.3|1.1.3|3.2.1|3.1.1|1.1.1,1708
63.0,ME.63,metacyc,PWY-6836,,santalene biosynthesis II,40865|40863|40864|40862,4.2.3.83|4.2.3.81|4.2.3.82|4.2.3.55,4.2.3|4.2.3|4.2.3|4.2.3,1870
64.0,ME.64,metacyc,PWY-7850,,taurine biosynthesis II,31863|31860|31861|31862,3.5.1|6.3.2.51|1.8.1.3|1.13.11.19,3.5.1|6.3.2|1.8.1|1.13.11,305
65.0,ME.65,metacyc,PWY-6385,,peptidoglycan biosynthesis III (mycobacteria),42431|42433|42432|42434,2.4.1.129|2.4.1.227|2.7.8.13|2.4.1,2.4.1|2.4.1|2.7.8|2.4.1,2129
66.0,ME.66,metacyc,PWY-6085,,"2,4-dichlorophenoxyacetate degradation",43023|43024,1.14.13.20|1.14.11,1.14.13|1.14.11,2248
68.0,ME.68,metacyc,PWY-6772,,hydrogen production V,35409,1.17.98.4,1.17.98,911
69.0,ME.69,metacyc,PWY-7844,,heme degradation III,33133|33134,1.14.99.58|1.14.99.58,1.14.99|1.14.99,543
70.0,ME.70,metacyc,PWY-6415,,L-ascorbate biosynthesis V,38906|38907|38909|38908|38911|38910,1.1.1.365|3.1.1,1.1.1|3.1.1,1519
71.0,ME.71,metacyc,PWY-6291,,valencene and 7-epi-alpha-selinene biosynthesis,47591|47592,4.2.3.73|4.2.3.86,4.2.3|4.2.3,3038
73.0,ME.73,metacyc,PEPTIDOGLYCANSYN-PWY,,peptidoglycan biosynthesis I (meso-diaminopimelate containing),48392|48391|48393,2.4.1.227|2.7.8.13|2.4.1.227,2.4.1|2.7.8|2.4.1,3174
74.0,ME.74,metacyc,PWY-7976,,sulfur reduction III,40755,1.8.1.18,1.8.1,1845
75.0,ME.75,metacyc,PWY4FS-11,,L-ascorbate biosynthesis II (L-gulose pathway),40492|40491|40493|40494,1.1.1|2.7.7|3.1.3,1.1.1|2.7.7|3.1.3,1789
76.0,ME.76,metacyc,PWY-6275,,beta-caryophyllene biosynthesis,46441|46439|46440,4.2.3|4.2.3.57|4.2.3.104,4.2.3|4.2.3|4.2.3,2822
77.0,ME.77,metacyc,PWY-5311,,L-lysine degradation VII,34322|34323|34321,1.4.3.14,1.4.3,737
78.0,ME.78,metacyc,PWY-5350,,thiosulfate disproportionation IV (rhodanese),39656,2.8.1.1,2.8.1,1650
79.0,ME.79,metacyc,PWY-5195,,artemisinin and arteannuin B biosynthesis,47011|47012|47013|47016|47015|47014|47017|47018|47010,1.3.1.92|4.2.3.24,1.3.1|4.2.3,2935
80.0,ME.80,metacyc,PWY-3721,,choline degradation II,46989|46988|46989,1.1.99.1|1.1.3.17|1.1.3.17,1.1.99|1.1.3|1.1.3,2929
81.0,ME.81,metacyc,PWY-6758,,hydrogen production II,33031|33031|33031|33031,1.12.99.6|1.12.7.2|1.12.1.5|1.12.1.2,1.12.99|1.12.7|1.12.1|1.12.1,528
82.0,ME.82,metacyc,PWY-7848,,heme degradation VII,36838|36839,1.14.99.57|1.14.99.57,1.14.99|1.14.99,1145
83.0,ME.83,metacyc,PWY-7167,,choline degradation III,32513,4.3.99.4,4.3.99,444
84.0,ME.84,metacyc,PWY-7165,,L-ascorbate biosynthesis VI (engineered pathway),45661|45659|45660|45658|45657|45656|45662|45663|45661,1.1.5.2|1.1.1.274|1.1.1.346|1.1.99.4|1.1.99.3|3.1.1.17|1.1.5.2|1.1.5.9,1.1.5|1.1.1|1.1.1|1.1.99|1.1.99|3.1.1|1.1.5|1.1.5,2694
85.0,ME.85,metacyc,PWY-6254,,santalene biosynthesis I,44941|44942,4.2.3.50|4.2.3,4.2.3|4.2.3,2578
86.0,ME.86,metacyc,PWY-5113,,UDP-D-apiose biosynthesis (from UDP-D-glucuronate),38226,4.1.1,4.1.1,1388
87.0,ME.87,metacyc,PWY-6540,,costunolide biosynthesis,47555|47554|47552|47553|47551|47550|47549|47558|47556|47557,1.14.14.168|1.14.14.170|1.14.14.150|4.2.3.23,1.14.14|1.14.14|1.14.14|4.2.3,3027
88.0,ME.88,metacyc,CHOLINE-BETAINE-ANA-PWY,,choline degradation I,40057|40058,1.1.99.1|1.2.1.8,1.1.99|1.2.1,1714
89.0,ME.89,metacyc,PWY-7374,,"1,4-dihydroxy-6-naphthoate biosynthesis I",31720|31721|31722|31719|31718|31717,3.2.2.26|4.2.1.151|3.5.4.40|2.5.1.120|1.21.98.1,3.2.2|4.2.1|3.5.4|2.5.1|1.21.98,282
90.0,ME.90,metacyc,PWY-7494,,choline degradation IV,49073,1.2.1.8,1.2.1,3287
91.0,ME.91,metacyc,PWY-6852,,senecionine N-oxide biosynthesis,35025,1.14.13.101,1.14.13,860
92.0,ME.92,metacyc,PWY-7730,,T-2 toxin biosynthesis,46385|46387|46384|46386|46388,2.3.1|2.3.1|1.14.14|1.14.14|3.1.1,2.3.1|2.3.1|1.14.14|1.14.14|3.1.1,2810
93.0,ME.93,metacyc,PWY-5280,,L-lysine degradation IV,46563|46562|46561|46560|46559,2.8.3.13|1.2.1.20|2.6.1.48|1.13.12.2|3.5.1.30,2.8.3|1.2.1|2.6.1|1.13.12|3.5.1,2845
94.0,ME.94,metacyc,PWY-7497,,3beta-hydroxysesquiterpene lactone biosynthesis,44840|44842|44841,1.14.14|1.14.14|1.14.14,1.14.14|1.14.14|1.14.14,2550
95.0,ME.95,metacyc,P542-PWY,,choline-O-sulfate degradation,39223,3.1.6.6,3.1.6,1575
96.0,ME.96,metacyc,PWY-6780,,hydrogen production VI,38417,1.2.7.4,1.2.7,1434
97.0,ME.97,metacyc,PWY-7845,,heme degradation II,45958,1.14.15.20,1.14.15,2742
98.0,ME.98,metacyc,PWY-3561,,choline biosynthesis III,43011|43013|43012,3.1.4.4|2.7.8.2|2.7.7.15,3.1.4|2.7.8|2.7.7,2245
99.0,ME.99,metacyc,PWY-7371,,"1,4-dihydroxy-6-naphthoate biosynthesis II",36156|36157|36158|36159|36160,1.21.98.1|2.5.1.120|3.2.2.30|4.2.1.151,1.21.98|2.5.1|3.2.2|4.2.1,1048
100.0,ME.100,metacyc,PWY-6258,,patchoulol biosynthesis,36831|36828|36829|36830|36832,4.2.3|4.2.3.70|4.2.3|4.2.3|4.2.3,4.2.3|4.2.3|4.2.3|4.2.3|4.2.3,1143
101.0,ME.101,metacyc,PWY-5800,,xylan biosynthesis,44976|44975|44977,2.4.1|2.4.2|2.4.2.24,2.4.1|2.4.2|2.4.2,2586
103.0,ME.103,metacyc,PWY-3385,,choline biosynthesis I,30806|30810|30807|30808|30809|30805,2.7.1.82|4.1.1|3.1.3.75|2.1.1.103|2.1.1.103|2.1.1.103,2.7.1|4.1.1|3.1.3|2.1.1|2.1.1|2.1.1,115
104.0,ME.104,metacyc,PWY-5822,,trichloroethene degradation,34540|34545|34544|34542|34543|34539|34541,2.4.1|1.21.1,2.4.1|1.21.1,779
105.0,ME.105,metacyc,PWY-7139,,sesaminol glucoside biosynthesis,33229|33231|33230|33228|33227,2.4.1|2.4.1|2.4.1|2.4.1|1,2.4.1|2.4.1|2.4.1|2.4.1|1,560
106.0,ME.106,metacyc,PWY-7234,,inosine-5-phosphate biosynthesis III,39838|39837|39836|39835|39839|39834,6.3.4.18|5.4.99.18|3.5.4.10|4.3.2.2|6.3.4.23|6.3.2.6,6.3.4|5.4.99|3.5.4|4.3.2|6.3.4|6.3.2,1690
107.0,ME.107,metacyc,PWY-7993,,beta-dihydromenaquinone-9 biosynthesis,32182|32183,1.3.99.38,1.3.99,373
108.0,ME.108,metacyc,PWY-3542,,choline biosynthesis II,48798|48796|48797,2.1.1|2.1.1|2.1.1,2.1.1|2.1.1|2.1.1,3249
109.0,ME.109,metacyc,PWY-6686,,mannosylglucosylglycerate biosynthesis I,48523|48521|48522,2.4.1.270|2.4.1.266|3.1.3,2.4.1|2.4.1|3.1.3,3200
110.0,ME.110,metacyc,PWY-5773,,gossypol biosynthesis,32807|32808|32811|32812|32810|32813|32814|32809,4.2.3.97|1.14.14|1.10.3.2|2.1.1|1.10.3.2,4.2.3|1.14.14|1.10.3|2.1.1|1.10.3,498
111.0,ME.111,metacyc,LYSDEGII-PWY,,L-lysine degradation III,44940|44938|44937|44936|44935|44935|44939,1.1.1|2.6.1|3.5.1|2.6.1.48|1.2.1.20|1.2.1.88,1.1.1|2.6.1|3.5.1|2.6.1|1.2.1|1.2.1,2577
112.0,ME.112,metacyc,PCPDEG-PWY,,pentachlorophenol degradation,47372|47369|47367|47368|47373|47366|47365|47371|47370|47370|47374,1.8.5.7|1.1.1.404|1.8.5.7|2.5.1.18|1.14.13.50|1.3.1.32|1.3.1.32|1.13.11|1.13.11.66|2.5.1.18,1.8.5|1.1.1|1.8.5|2.5.1|1.14.13|1.3.1|1.3.1|1.13.11|1.13.11|2.5.1,2999
114.0,ME.114,metacyc,PWY-5874,,heme degradation I,38775|38774|38778|38777|38776|38773,2.4.1.17|1.14.14.18|2.4.1.17|2.4.1.17|2.4.1.17|1.3.1.24,2.4.1|1.14.14|2.4.1|2.4.1|2.4.1|1.3.1,1492
115.0,ME.115,metacyc,PWY-7781,,omega-sulfo-II-dihydromenaquinone-9 biosynthesis,36443|36442,1.14.15.27,1.14.15,1094
116.0,ME.116,metacyc,PWY-7713,,nivalenol biosynthesis,49608|49613|49612|49611|49610|49609|49607,3.1.1|3.1.1|3.1.1|2.3.1|1.14.14|1.14.14,3.1.1|3.1.1|3.1.1|2.3.1|1.14.14|1.14.14,3387
117.0,ME.117,metacyc,PWY-4,,UDP-alpha-D-galacturonate biosynthesis II (from D-galacturonate),39159|39158|39160|39158,2.7.1.44|2.7.7|2.7.7.64,2.7.1|2.7.7|2.7.7,1556
118.0,ME.118,metacyc,PWY-6945,,cholesterol degradation to androstenedione I (cholesterol oxidase),35672|35671|35684|35683|35682|35681|35680|35679|35678|35677|35676|35675|35674|35673,6.2.1.42|1.1.3.6|2.3.1|4.2.1|2.3.1.16|1.1.1|4.2.1|2.3.1.176|1.1.1.35|4.2.1|1.14.15.29|5.3.3.1|1.14.15.29|1.14.15.29,6.2.1|1.1.3|2.3.1|4.2.1|2.3.1|1.1.1|4.2.1|2.3.1|1.1.1|4.2.1|1.14.15|5.3.3|1.14.15|1.14.15,962
119.0,ME.119,metacyc,PCEDEG-PWY,,tetrachloroethene degradation,38183|38181|38182|38180,1.21.99.5|1.21.99.5,1.21.99|1.21.99,1374
120.0,ME.120,metacyc,PWY-5479,,6-methoxypodophyllotoxin biosynthesis,37609|37610|37611|37608,1.14.14|2.1.1|1|1.14.20.8,1.14.14|2.1.1|1|1.14.20,1271
121.0,ME.121,metacyc,PWY-6123,,inosine-5-phosphate biosynthesis I,45742|45745|45744|45743|45739|45740|45741,5.4.99.18|2.1.2.3|2.1.2.3|6.3.4.18|6.3.2.6|4.3.2.2|3.5.4.10,5.4.99|2.1.2|2.1.2|6.3.4|6.3.2|4.3.2|3.5.4,2705
122.0,ME.122,metacyc,PWY-7864,,8-methylmenaquinone biosynthesis,39179|39178,2.1.1.350|2.1.1.350,2.1.1|2.1.1,1560
123.0,ME.123,metacyc,PWY-6946,,cholesterol degradation to androstenedione II (cholesterol dehydrogenase),39418|39435|39421|39434|39433|39432|39431|39430|39429|39428|39427|39426|39425|39424|39423|39422|39436|39420|39419,6.2.1.42|5.3.3.1|5.1.99.4|2.3.1|4.2.1|2.3.1.16|1.1.1|4.2.1|2.3.1.176|1.1.1.35|4.2.1|1.14.15.29|1.14.15.28|1.14.15.28|1.1.1.145|6.2.1.42|1.14.15.29|1.14.15.29,6.2.1|5.3.3|5.1.99|2.3.1|4.2.1|2.3.1|1.1.1|4.2.1|2.3.1|1.1.1|4.2.1|1.14.15|1.14.15|1.14.15|1.1.1|6.2.1|1.14.15|1.14.15,1607
124.0,ME.124,metacyc,PWY-6687,,mannosylglucosylglycerate biosynthesis II,40553|40554,2.4.1.268,2.4.1,1805
125.0,ME.125,metacyc,PWY-5425,,oleoresin sesquiterpene volatiles biosynthesis,47478|47477|47482|47481|47480|47479,4.2.3.56|4.2.3.38|4.2.3.80|4.2.3.76|4.2.3.58|4.2.3.57,4.2.3|4.2.3|4.2.3|4.2.3|4.2.3|4.2.3,3016
126.0,ME.126,metacyc,TRPSYN-PWY,,L-tryptophan biosynthesis,30947|30942|30943|30944|30945|30946,4.2.1.122|4.1.1.48|2.4.2.18|5.3.1.24|4.1.3.27|4.1.2.8,4.2.1|4.1.1|2.4.2|5.3.1|4.1.3|4.1.2,140
127.0,ME.127,metacyc,GAMMAHEXCHLORDEG-PWY,,gamma-hexachlorocyclohexane degradation,48001|48010|48011|48008|48003|48006|48007|48009|48004|48005|48002,1.3.1.32|4.5.1|3.8.1.5|3.8.1.5|1.1.1|4.5.1,1.3.1|4.5.1|3.8.1|3.8.1|1.1.1|4.5.1,3122
128.0,ME.128,metacyc,CHLOROPHYLL-SYN,,"3,8-divinyl-chlorophyllide a biosynthesis I (aerobic, light-dependent)",40814|40813|40809|40812|40811|40808|40810,1.3.1.33|1.14.13.81|1.3.3.3|1.14.13.81|1.14.13.81|4.1.1.37|1.3.3.4,1.3.1|1.14.13|1.3.3|1.14.13|1.14.13|4.1.1|1.3.3,1857
129.0,ME.129,metacyc,PWY-6744,,hydrogen production I,35822,1.12.1.4,1.12.1,978
130.0,ME.130,metacyc,PWY-7846,,heme degradation V,41068|41066|41067,2.1.1.342,2.1.1,1905
131.0,ME.131,metacyc,PWY-5531,,"3,8-divinyl-chlorophyllide a biosynthesis II (anaerobic)",48887|48886|48885|48884|48883|48888,1.3.7.7|1.3.5.3|1.21.98.3|1.3.98.3|4.1.1.37|1.3.5.3,1.3.7|1.3.5|1.21.98|1.3.98|4.1.1|1.3.5,3261
132.0,ME.132,metacyc,PWY-6888,,zealexin biosynthesis,30929|30928|30931|30923|30922|30925|30930|30924|30926|30927,5.5.1.17|4.2.3.55,5.5.1|4.2.3,137
133.0,ME.133,metacyc,PWY-3261,,UDP-beta-L-rhamnose biosynthesis,31353|31352,1.1.1|4.2.1.76,1.1.1|4.2.1,224
134.0,ME.134,metacyc,PWY-7159,,"3,8-divinyl-chlorophyllide a biosynthesis III (aerobic, light independent)",41867|41863|41864|41865|41866|41868|41869,1.14.13.81|4.1.1.37|1.3.3.3|1.3.3.4|1.14.13.81|1.14.13.81|1.3.7.7,1.14.13|4.1.1|1.3.3|1.3.3|1.14.13|1.14.13|1.3.7,2041
135.0,ME.135,metacyc,12DICHLORETHDEG-PWY,,"1,2-dichloroethane degradation",49117|49120|49116|49118|49119,1.2.1.4|1.1.2.7|3.8.1.3|3.8.1.5|1.1.2.7,1.2.1|1.1.2|3.8.1|3.8.1|1.1.2,3298
136.0,ME.136,metacyc,PWY-7631,,arctigenin and isoarctigenin biosynthesis,39240|39239,2.1.1|2.1.1,2.1.1|2.1.1,1580
137.0,ME.137,metacyc,PWY-6124,,inosine-5-phosphate biosynthesis II,43605|43606|43607|43602|43603|43604,4.1.1.21|2.1.2.3|2.1.2.3|6.3.2.6|4.3.2.2|3.5.4.10,4.1.1|2.1.2|2.1.2|6.3.2|4.3.2|3.5.4,2343
138.0,ME.138,metacyc,PWY-7764,,chlorophyll a biosynthesis III,40455,2.5.1.62,2.5.1,1782
139.0,ME.139,metacyc,PWY-6294,,selinene biosynthesis,44914|44915,4.2.3.66|4.2.3.198,4.2.3|4.2.3,2571
140.0,ME.140,metacyc,UDPNACETYLGALSYN-PWY,,UDP-N-acetyl-D-glucosamine biosynthesis II,32176|32171|32172|32173|32174|32175|32175,2.7.7.23|5.4.2.3|5.3.1.9|2.3.1.4|2.6.1.16|2.7.1.2|2.7.1.1,2.7.7|5.4.2|5.3.1|2.3.1|2.6.1|2.7.1|2.7.1,371
141.0,ME.141,metacyc,PWY-5068,,chlorophyll cycle,44963|44964|44965|44961|44962,1.17.7.2|1.1.1.294|2.5.1.62|2.5.1.62|1.14.13.122,1.17.7|1.1.1|2.5.1|2.5.1|1.14.13,2583
142.0,ME.142,metacyc,PWY-3581,,(S)-reticuline biosynthesis I,47441|47442|47443|47444|47444|47444|47444|47445|47445|47446|47448|47447|47438|47439|47439|47440,2.1.1.140|4.1.1.80|4.2.1.78|2.6.1.57|2.6.1.1|2.6.1.27|2.6.1.5|1.10.3.1|1.14.18.1|2.1.1.128|1.14.14.102|1.14.16.2|2.1.1.116|4.1.1.25|4.1.1.28|4.1.1.28,2.1.1|4.1.1|4.2.1|2.6.1|2.6.1|2.6.1|2.6.1|1.10.3|1.14.18|2.1.1|1.14.14|1.14.16|2.1.1|4.1.1|4.1.1|4.1.1,3012
143.0,ME.143,metacyc,PWY-7843,,heme degradation IV,48758,,,3240
144.0,ME.144,metacyc,PWY-5086,,chlorophyll a biosynthesis I,44695|44696,2.5.1.62|1.3.1.75,2.5.1|1.3.1,2525
145.0,ME.145,metacyc,PWY-6278,,botrydial biosynthesis,49750|49749,4.2.3.74,4.2.3,3406
146.0,ME.146,metacyc,PWY-6133,,(S)-reticuline biosynthesis II,31541|31541|31542|31543|31543|31544|31545|31547|31546,4.1.1.25|4.1.1.28|2.6.1.49|1.10.3.1|1.14.18.1|4.2.1.78|1.14.16.2,4.1.1|4.1.1|2.6.1|1.10.3|1.14.18|4.2.1|1.14.16,247
147.0,ME.147,metacyc,PWY-7487,,(+)-secoisolariciresinol diglucoside biosynthesis,37597|37596,2.4.1|2.4.1,2.4.1|2.4.1,1269
148.0,ME.148,metacyc,PWY-7219,,adenosine ribonucleotides de novo biosynthesis,43310|43311|43309,4.3.2.2|2.7.4.3|6.3.4.4,4.3.2|2.7.4|6.3.4,2300
149.0,ME.149,metacyc,CRNFORCAT-PWY,,creatinine degradation I,34878|34877|34876|34879,1.5.3.1|3.5.3.3|3.5.2.10|1.5.8.3,1.5.3|3.5.3|3.5.2|1.5.8,834
150.0,ME.150,metacyc,PWY-5064,,chlorophyll a biosynthesis II,31947|31946|31945,1.3.1.75,1.3.1,328
151.0,ME.151,metacyc,PWY-7736,,stellatic acid biosynthesis,31607|31611|31610|31609|31608|31606|31605,2.5.1|1.14.14|1.14.14|4.2.3.178|2.5.1.81|2.5.1.1|2.5.1.10,2.5.1|1.14.14|1.14.14|4.2.3|2.5.1|2.5.1|2.5.1,256
152.0,ME.152,metacyc,UDPNAGSYN-PWY,,UDP-N-acetyl-D-glucosamine biosynthesis I,38632|38631|38635|38633|38634,5.3.1.9|5.4.2.10|2.7.7.23|2.3.1.157|2.6.1.16,5.3.1|5.4.2|2.7.7|2.3.1|2.6.1,1468
153.0,ME.153,metacyc,PWY-4722,,creatinine degradation II,41275|41274|41277|41278|41276,3.5.2.14|3.5.1.59|1.5.3.1|1.5.8.3|3.5.4.21,3.5.2|3.5.1|1.5.3|1.5.8|3.5.4,1942
154.0,ME.154,metacyc,PWY-7760,,bacteriochlorophyll e biosynthesis,42689|42684|42683|42687|42688|42686|42685,4.2.1.169|2.1.1.331|3.1.1.100|1.3.1.75|4.2.1.169|2.1.1.332|2.1.1.332,4.2.1|2.1.1|3.1.1|1.3.1|4.2.1|2.1.1|2.1.1,2172
155.0,ME.155,metacyc,PWY-6610,,adenine salvage,47064|47063|47065,3.5.4.2|2.4.2.7|2.4.2.8,3.5.4|2.4.2|2.4.2,2944
156.0,ME.156,metacyc,PWY-7437,,protein O-[N-acetyl]-glucosylation,31924|31925,2.4.1.255|3.2.1.169,2.4.1|3.2.1,322
157.0,ME.157,metacyc,PWY-4741,,creatinine degradation III,33383|33384,3.5.3.16,3.5.3,595
158.0,ME.158,metacyc,PWY-5526,,bacteriochlorophyll a biosynthesis,47646|47645|47644|47643|47642,1.3.1.75|2.5.1.133|1.3.7.15|1.3.7.15|1.1.1.396,1.3.1|2.5.1|1.3.7|1.3.7|1.1.1,3050
159.0,ME.159,metacyc,PWY-6265,,zerumbone biosynthesis,38049|38048|38050,1.1.1.326|4.2.3.104|1.14.14.113,1.1.1|4.2.3|1.14.14,1349
160.0,ME.160,metacyc,PWY-7762,,bacteriochlorophyll b biosynthesis,40827|40826,2.5.1.133|1.3.7.14,2.5.1|1.3.7,1859
161.0,ME.161,metacyc,PWY-7981,,alpha-dystroglycan glycosylation,39772|39773|39768|39771|39769|39770|39774|39767,2.4.2|2.4.1|2.7.8|2.4.1|2.7.8|2.4.2.61|2.7.7.40,2.4.2|2.4.1|2.7.8|2.4.1|2.7.8|2.4.2|2.7.7,1675
162.0,ME.162,metacyc,P121-PWY,,adenine and adenosine salvage I,48015|48014,2.4.2.1|2.4.2.7,2.4.2|2.4.2,3124
163.0,ME.163,metacyc,PWY-6820,,diphyllin biosynthesis,42036,1.14.14,1.14.14,2071
164.0,ME.164,metacyc,PWY-7221,,guanosine ribonucleotides de novo biosynthesis,31024|31025|31022|31023,2.7.4.8|2.7.4.6|6.3.5.2|1.1.1.205,2.7.4|2.7.4|6.3.5|1.1.1,162
165.0,ME.165,metacyc,PWY-7758,,bacteriochlorophyll d biosynthesis,44746|44747|44748|44749|44750|44751|44752,3.1.1.100|2.1.1.331|2.1.1.332|2.1.1.332|1.3.1.75|4.2.1.169|4.2.1.169,3.1.1|2.1.1|2.1.1|2.1.1|1.3.1|4.2.1|4.2.1,2535
166.0,ME.166,metacyc,PWY-5950,,geosmin biosynthesis,36327|36328|36329,4.2.3.22|4.1.99.16|4.1.99.16,4.2.3|4.1.99|4.1.99,1076
167.0,ME.167,metacyc,THRDLCTCAT-PWY,,L-threonine degradation III (to methylglyoxal),40056|40054|40055,1.4.3.21|1.1.1.103|1.1.1.381,1.4.3|1.1.1|1.1.1,1713
168.0,ME.168,metacyc,PWY-7759,,bacteriochlorophyll c biosynthesis,38117|38116|38115|38114|38113|38112|38111,4.2.1.169|4.2.1.169|1.3.1.75|2.1.1.332|2.1.1.332|2.1.1.331|3.1.1.100,4.2.1|4.2.1|1.3.1|2.1.1|2.1.1|2.1.1|3.1.1,1361
169.0,ME.169,metacyc,PWY-6611,,adenine and adenosine salvage V,42195|42197|42196,3.5.4.4|2.4.2.1|2.7.1.73,3.5.4|2.4.2|2.7.1,2093
170.0,ME.170,metacyc,PWY-7433,,mucin core 1 and core 2 O-glycosylation,49714|49716|49712|49713|49715,2.4.1.146|2.4.99.4|2.4.1.122|2.4.1.102|2.4.1.41,2.4.1|2.4.99|2.4.1|2.4.1|2.4.1,3399
171.0,ME.171,metacyc,PWY-7941,,isorenieratene biosynthesis II (Chlorobiaceae),37956|37957,1.3.99.39,1.3.99,1329
172.0,ME.172,metacyc,PWY-7714,,harzianum A and trichodermin biosynthesis,39716|39717|39718|39715,1.14.14|2.3.1|2.3.1,1.14.14|2.3.1|2.3.1,1666
173.0,ME.173,metacyc,PWY-6605,,adenine and adenosine salvage II,43717|43716,3.2.2.7|2.4.2.7,3.2.2|2.4.2,2367
174.0,ME.174,metacyc,PWY-7921,,protein O-mannosylation I (yeast),36235|36237|36238|36236|36239|36234,2.4.1.109|2.4.1|2.4.1|2.4.1|2.4.1|2.4.1.83,2.4.1|2.4.1|2.4.1|2.4.1|2.4.1|2.4.1,1060
175.0,ME.175,metacyc,PWY-5466,,matairesinol biosynthesis,34475|34483|34481|34482|34480|34479|34478|34477|34476|34474,1.23.1.2|1.11.1.7|1.10.3.2|1.23.1.4|1.23.1.3|1.23.1.1,1.23.1|1.11.1|1.10.3|1.23.1|1.23.1|1.23.1,769
176.0,ME.176,metacyc,PWY-5194,,siroheme biosynthesis,34711|34709|34710|34712,2.1.1.107|2.1.1.107|1.3.1.76|4.99.1.4,2.1.1|2.1.1|1.3.1|4.99.1,812
177.0,ME.177,metacyc,PWY-7711,,calonectrin biosynthesis,49688|49689|49684|49685|49686|49687|49690|49691|49692|49683,1.14.14|1.14.14|1.14.14|1.14.14|2.3.1|1.14.14|2.3.1|4.2.3.6,1.14.14|1.14.14|1.14.14|1.14.14|2.3.1|1.14.14|2.3.1|4.2.3,3396
178.0,ME.178,metacyc,PWY-5436,,L-threonine degradation IV,35566|35566|35564|35565|35566|35565|35566|35566,4.1.2.42|4.1.2.5|1.2.1.10|4.1.2.5|2.1.2.1|4.1.2.48|4.1.2.48|4.1.2.26,4.1.2|4.1.2|1.2.1|4.1.2|2.1.2|4.1.2|4.1.2|4.1.2,938
179.0,ME.179,metacyc,PWY-5297,,siroheme amide biosynthesis,40530|40529,,,1800
180.0,ME.180,metacyc,PWY-6619,,adenine and adenosine salvage VI,41142,2.7.1.20,2.7.1,1922
181.0,ME.181,metacyc,PWY-7918,,protein N-glycosylation processing phase (yeast),41210|41208|41211|41209,3.2.1.207|3.2.1.106|3.2.1.209|3.2.1.207,3.2.1|3.2.1|3.2.1|3.2.1,1937
182.0,ME.182,metacyc,PWY-7938,,isorenieratene biosynthesis I (actinobacteria),38668|38667|38666|38665,1.3.99.39|1.3.99.39|5.5.1.19|5.5.1.19,1.3.99|1.3.99|5.5.1|5.5.1,1475
183.0,ME.183,metacyc,PWY-2921,,capsidiol biosynthesis,43102|43101|43099|43100|43098,4.2.3.61,4.2.3,2259
184.0,ME.184,metacyc,PWY-8086,,"(S)-lactate fermentation to propanoate, acetate and hydrogen",40934|40931|40935|40933|40933|40923|40932|40930|40924|40925|40926|40926|40926|40926|40926|40926|40926|40930|40929|40928|40927|40926|40926|40926|40926|40926,1.3.5.4|1.3.5.4|1.3.5.1|6.4.1.1|2.3.1.54|2.7.2.15|5.4.99.2|1.1.1.27|1.1.1.27|1.1.1.95|1.1.1.337|1.1.1.85|1.1.1.375|1.1.1.38|1.1.1.81|2.7.2.1|2.3.1.8|4.2.1.2|7.2.4.3|1.1.1.82|1.1.1.299|1.1.1.96|1.1.1.37|1.1.1.28,1.3.5|1.3.5|1.3.5|6.4.1|2.3.1|2.7.2|5.4.99|1.1.1|1.1.1|1.1.1|1.1.1|1.1.1|1.1.1|1.1.1|1.1.1|2.7.2|2.3.1|4.2.1|7.2.4|1.1.1|1.1.1|1.1.1|1.1.1|1.1.1,1885
185.0,ME.185,metacyc,PWY-7832,,ABH and Lewis epitopes biosynthesis from type 1 precursor disaccharide,32253|32254|32255|32256|32257|32258|32259|32260|32261|32262,2.4.1.65|2.4.1.69|2.4.1.40|2.4.1.37|2.4.1.65|2.4.1.65|2.4.1.65|2.4.99.2|2.4.1.65|2.4.1.86,2.4.1|2.4.1|2.4.1|2.4.1|2.4.1|2.4.1|2.4.1|2.4.99|2.4.1|2.4.1,385
186.0,ME.186,metacyc,PWY-6609,,adenine and adenosine salvage III,33487|33489|33488|33486,2.4.2.1|2.4.2.1|2.4.2.8|3.5.4.4,2.4.2|2.4.2|2.4.2|3.5.4,613
187.0,ME.187,metacyc,PWY-7749,,(-)-4-demethyl-epipodophyllotoxin biosynthesis,41816|41818|41817,1.14.20.8|1.14.14.132,1.14.20|1.14.14,2027
188.0,ME.188,metacyc,PWY-7142,,cyanide detoxification II,44161|44162,4.2.1.66|3.5.1.49,4.2.1|3.5.1,2443
189.0,ME.189,metacyc,PWY-5098,,chlorophyll a degradation I,33263|33266|33264|33265|33260|33261|33262,1.14.15.17|3.1.1.14|4.99.1.10|3.1.1.14|1.3.7.12|3.1.1.82|1.14.15.17,1.14.15|3.1.1|4.99.1|3.1.1|1.3.7|3.1.1|1.14.15,569
190.0,ME.190,metacyc,PWY-6669,,delta-guaiene biosynthesis,44185|44184,4.2.3.23,4.2.3,2448
191.0,ME.191,metacyc,PWY-5437,,L-threonine degradation I,32056|32054|32053|32056|32052|32056|32052|32052|32052|32057|32056|32055,4.3.1.19|2.3.1.222|3.5.99.10|3.5.99.7|2.7.2.14|4.4.1.1|2.7.2.1|2.7.2.7|2.7.2.15|2.3.1|4.4.1.2|4.3.1.19,4.3.1|2.3.1|3.5.99|3.5.99|2.7.2|4.4.1|2.7.2|2.7.2|2.7.2|2.3.1|4.4.1|4.3.1,346
192.0,ME.192,metacyc,P122-PWY,,heterolactic fermentation,43267|43267|43267|43267|43267|43267|43267|43268|43269|43270|43271|43272|43273|43274|43275|43275|43276|43277|43278|43279|43280|43281|43267|43281|43282|43282|43282|43282|43282|43282|43282|43282|43282|43282|43282|43282|43267|43282|43282|43282|43282|43282|43282|43282|43282|43282|43267|43267|43267|43267|43267|43267|43267|43267|43267|43267|43267|43267|43266|43265|43264|43263,1.1.1.245|1.1.1.306|1.1.1.2|1.1.1.14|1.1.1.202|1.1.1.17|1.1.1.103|1.1.1.27|1.1.1.28|1.1.1.44|1.1.1.363|4.2.1.11|1.2.1.10|2.3.1.8|2.7.1.2|2.7.1.1|2.7.1.4|2.7.1.40|2.7.2.3|4.1.2.9|1.1.1.1|2.7.1.4|1.1.1.184|2.7.1.1|1.1.1.71|1.1.1.6|1.1.1.77|1.1.1.244|1.1.1.73|1.1.1.307|1.1.1.21|1.1.1.11|1.1.1.80|1.1.1.1|1.1.1.192|1.1.1.284|1.1.1.78|1.1.1.245|1.1.1.17|1.1.1.202|1.1.1.14|1.1.1.2|1.1.1.306|1.1.1.184|1.1.1.78|1.1.1.103|1.1.1.284|1.1.1.192|1.1.1.1|1.1.1.80|1.1.1.11|1.1.1.21|1.1.1.307|1.1.1.73|1.1.1.244|1.1.1.77|1.1.1.6|1.1.1.71|5.3.1.9|5.4.2.11|1.2.1.12|3.1.1.31,1.1.1|1.1.1|1.1.1|1.1.1|1.1.1|1.1.1|1.1.1|1.1.1|1.1.1|1.1.1|1.1.1|4.2.1|1.2.1|2.3.1|2.7.1|2.7.1|2.7.1|2.7.1|2.7.2|4.1.2|1.1.1|2.7.1|1.1.1|2.7.1|1.1.1|1.1.1|1.1.1|1.1.1|1.1.1|1.1.1|1.1.1|1.1.1|1.1.1|1.1.1|1.1.1|1.1.1|1.1.1|1.1.1|1.1.1|1.1.1|1.1.1|1.1.1|1.1.1|1.1.1|1.1.1|1.1.1|1.1.1|1.1.1|1.1.1|1.1.1|1.1.1|1.1.1|1.1.1|1.1.1|1.1.1|1.1.1|1.1.1|1.1.1|5.3.1|5.4.2|1.2.1|3.1.1,2291
193.0,ME.193,metacyc,PWY-7658,,protein N-glycosylation (Methanococcus voltae),36545|36546|36544|36543|36542,2.4.99.21|2.4.1|2.4.1.335|2.4.1.153,2.4.99|2.4.1|2.4.1|2.4.1,1102
194.0,ME.194,metacyc,PWY-6927,,chlorophyll a degradation II,37538|37542|37541|37540|37539,1.3.7.12|3.1.1.14|4.99.1.10|1.14.15.17|1.14.15.17,1.3.7|3.1.1|4.99.1|1.14.15|1.14.15,1259
195.0,ME.195,metacyc,PWY-1782,,superpathway of indole-3-acetate conjugate biosynthesis,39664,2.4.1.121,2.4.1,1653
196.0,ME.196,metacyc,PWY-7164,,chlorophyll a degradation III,43108|43107|43106|43109,3.1.1.14|3.1.1.14|4.99.1.10,3.1.1|3.1.1|4.99.1,2261
197.0,ME.197,metacyc,PWY-7434,,terminal O-glycans residues modification (via type 2 precursor disaccharide),35320|35321|35322|35323|35324|35317|35318|35319,2.4.1.150|2.4.99.6|2.4.99.1|2.4.1.38|2.4.1.38|2.4.1.87|2.4.1.149|2.4.1.38,2.4.1|2.4.99|2.4.99|2.4.1|2.4.1|2.4.1|2.4.1|2.4.1,901
198.0,ME.198,metacyc,PWY-5169,,cyanuric acid degradation II,36348|36351|36350|36350|36349|36352,3.5.2.15|3.5.1.110|4.2.1.104|3.5.1.84,3.5.2|3.5.1|4.2.1|3.5.1,1080
199.0,ME.199,metacyc,PWY-6591,,manganese oxidation I,36988|36987|36987,1.16.3.3|1.11.1.16|1.11.1.13,1.16.3|1.11.1|1.11.1,1173
200.0,ME.200,metacyc,SALVPURINE2-PWY,,xanthine and xanthosine salvage,34708|34707,2.4.2.1|2.4.2.22,2.4.2|2.4.2,811
201.0,ME.201,metacyc,PWY-7491,,podophyllotoxin glucosides metabolism,38577|38575|38579|38578|38576,2.4.1|2.4.1|3.2.1|3.2.1|2.4.1,2.4.1|2.4.1|3.2.1|3.2.1|2.4.1,1463
202.0,ME.202,metacyc,PWY-8025,,cyanuric acid degradation I,34883|34880|34881|34881|34882|34884,3.5.2.15|3.5.1.110|4.2.1.104|3.5.1.131,3.5.2|3.5.1|4.2.1|3.5.1,835
203.0,ME.203,metacyc,THREONINE-DEG2-PWY,,L-threonine degradation II,47884|47885,1.1.1.103|2.3.1.29,1.1.1|2.3.1,3102
204.0,ME.204,metacyc,PWY-7922,,"protein O-mannosylation II (mammals, core M1 and core M2)",46840|46841|46843|46842,2.4.1.83|2.4.1.109|2.4.1,2.4.1|2.4.1|2.4.1,2896
205.0,ME.205,metacyc,PWY-7224,,purine deoxyribonucleosides salvage,45567|45567|45571|45568|45568|45568|45569|45569|45570|45570|45572|45567,2.7.1.113|2.7.1.145|2.7.4.6|2.7.1.74|2.7.1.145|2.7.1.76|2.7.4.13|2.7.4.12|2.7.4.11|2.7.4.13|2.7.4.6|2.7.1.74,2.7.1|2.7.1|2.7.4|2.7.1|2.7.1|2.7.1|2.7.4|2.7.4|2.7.4|2.7.4|2.7.4|2.7.1,2679
206.0,ME.206,metacyc,PWY-6083,,chlorobenzene degradation,49835|49834,1.14.12.26|1.3.1.119,1.14.12|1.3.1,3423
207.0,ME.207,metacyc,PWY-5797,,indole-3-acetate inactivation VI,40558|40556|40557|40555,2.4.1|2.4.1|6.3,2.4.1|2.4.1|6.3,1806
208.0,ME.208,metacyc,PWY-6090,,"1,2-dichlorobenzene degradation",44361|44362,1.14.12.26|1.3.1.119,1.14.12|1.3.1,2480
209.0,ME.209,metacyc,PWY-7919,,protein N-glycosylation processing phase (plants and animals),31383|31370|31371|31372|31373|31374|31375|31376|31382|31385|31386|31388|31389|31381|31380|31377|31387|31378|31384|31379,3.2.1.113|3.2.1.106|3.2.1.130|3.2.1.207|3.2.1.207|3.2.1.209|3.2.1.210|3.2.1.113|3.2.1.113|3.2.1.113|3.2.1.113|3.2.1.113|3.2.1.113,3.2.1|3.2.1|3.2.1|3.2.1|3.2.1|3.2.1|3.2.1|3.2.1|3.2.1|3.2.1|3.2.1|3.2.1|3.2.1,229
210.0,ME.210,metacyc,14DICHLORBENZDEG-PWY,,"1,4-dichlorobenzene degradation",40288|40287|40286|40289|40285|40283|40290|40284|40282,5.5.1.11|1.3.1.32|1.14.12.26|3.1.1.45|1.3.1.119|1.3.1.32,5.5.1|1.3.1|1.14.12|3.1.1|1.3.1|1.3.1,1764
211.0,ME.211,metacyc,PWY-6592,,manganese oxidation II,36738|36737|36737,1.16.3.3|1.16.3.1|1.16.3.3,1.16.3|1.16.3|1.16.3,1122
212.0,ME.212,metacyc,PWY-6824,,justicidin B biosynthesis,45624|45621|45622|45623|45620|45619|45618|45617|45616|45615,1.11.1.7|1.10.3.2|1.3.1|1.3.1|1.23.1.2|1.23.1.1,1.11.1|1.10.3|1.3.1|1.3.1|1.23.1|1.23.1,2688
213.0,ME.213,metacyc,PWY-6091,,"1,2,4-trichlorobenzene degradation",40671|40672,1.14.12.26|1.3.1.119,1.14.12|1.3.1,1827
214.0,ME.214,metacyc,PWY-8101,,arsenate detoxification III (thioredoxin),34215|34214,1.20.4.4|7.3.2.7,1.20.4|7.3.2,721
215.0,ME.215,metacyc,PWY-7101,,5-deoxystrigol biosynthesis,32823|32826|32825|32824,1.13.11.68|1.13.11.69,1.13.11|1.13.11,500
216.0,ME.216,metacyc,PWY66-428,,L-threonine degradation V,44387|44388,4.3.1.19|1.2.1.25,4.3.1|1.2.1,2483
217.0,ME.217,metacyc,PWY-7833,,biosynthesis of Lewis epitopes (H. pylori),33693|33695|33692|33694|33687|33688|33689|33690|33691,2.4.1.86|2.4.1.69|2.4.1.152|2.4.1.344|2.4.1.38|2.4.1.152|2.4.1.65|2.4.99.6|2.4.1.69,2.4.1|2.4.1|2.4.1|2.4.1|2.4.1|2.4.1|2.4.1|2.4.99|2.4.1,634
218.0,ME.218,metacyc,PWY-6081,,"1,3-dichlorobenzene degradation",44348|44347,1.14.12.26|1.3.1.119,1.14.12|1.3.1,2476
219.0,ME.219,metacyc,PWY-2021,,indole-3-acetate inactivation IV,36961|36960|36958|36959,2.4.1|6.3,2.4.1|6.3,1166
220.0,ME.220,metacyc,PWY-6099,,"1,2,4,5-tetrachlorobenzene degradation",30736|30737,1.14.12.26,1.14.12,100
221.0,ME.221,metacyc,PWY-4621,,arsenate detoxification II (glutaredoxin),32020|32021,7.3.2.7|1.20.4.1,7.3.2|1.20.4,342
222.0,ME.222,metacyc,PWY-7477,,momilactone A biosynthesis,46431|46434|46433|46428|46429|46432|46430,1.14.14|1.1.1.295,1.14.14|1.1.1,2819
223.0,ME.223,metacyc,PWY-7661,,protein N-glycosylation (Haloferax volcanii),39198|39197|39199|39200|39201|39202|39203|39204,2.1.1|2.4.99.21|2.4.1|2.4.1|2.4.1.356|2.4.1|2.4.1|2.4.1.83,2.1.1|2.4.99|2.4.1|2.4.1|2.4.1|2.4.1|2.4.1|2.4.1,1567
224.0,ME.224,metacyc,PWY-7822,,chitin degradation III (Serratia),46889|46889|46888|46883|46884|46885|46887|46886,3.2.1.165|3.2.1.52|3.2.1.200|3.2.1.52|3.2.1.14|3.2.1.201|1.14.99.53,3.2.1|3.2.1|3.2.1|3.2.1|3.2.1|3.2.1|1.14.99,2905
225.0,ME.225,metacyc,PWY-5469,,sesamin biosynthesis,32511|32507|32512|32510|32509|32508|32506|32505,1|1|1.13.12|1.14.19.74|1.14.19.74|1.11.1.7|1.10.3.2,1|1|1.13.12|1.14.19|1.14.19|1.11.1|1.10.3,443
226.0,ME.226,metacyc,PWY-5750,,itaconate biosynthesis I,32562,4.1.1.6,4.1.1,458
227.0,ME.227,metacyc,ASPASN-PWY,,superpathway of L-aspartate and L-asparagine biosynthesis,33268|33268|33269,3.5.1.38|3.5.1.1|4.3.1.1,3.5.1|3.5.1|4.3.1,571
228.0,ME.228,metacyc,PWY-6855,,chitin degradation I (archaea),47825|47826|47827|47823|47822|47828|47824,3.2.1|3.5.1.136|3.2.1.14|3.5.99.6|3.5.1.33|3.2.1.201|2.7.1.147,3.2.1|3.5.1|3.2.1|3.5.99|3.5.1|3.2.1|2.7.1,3085
229.0,ME.229,metacyc,PWY-6421,,arsenate detoxification IV (mycothiol),39451|39450|39448|39449,1.20.4.3|1.8.1.15|2.8.4.2,1.20.4|1.8.1|2.8.4,1611
230.0,ME.230,metacyc,PWY-5691,,urate conversion to allantoin I,40330|40331|40332,3.5.2.17|4.1.1.97|1.7.3.3,3.5.2|4.1.1|1.7.3,1773
231.0,ME.231,metacyc,PWY-6423,,hemoglobin degradation,38263,4.99.1.8,4.99.1,1394
232.0,ME.232,metacyc,PWY-7435,,mucin core 3 and core 4 O-glycosylation,44307|44308|44309,2.4.1.148|2.4.1.147|2.4.1.41,2.4.1|2.4.1|2.4.1,2466
233.0,ME.233,metacyc,PWY-6902,,chitin degradation II (Vibrio),35610|35611|35612|35613|35614|35614,3.2.1.52|3.2.1.52|3.2.1.14|3.2.1.202|3.2.1.52|3.2.1.165,3.2.1|3.2.1|3.2.1|3.2.1|3.2.1|3.2.1,952
234.0,ME.234,metacyc,PWY-1961,,indole-3-acetate inactivation I,34998|34996|34997,2.4.1,2.4.1,854
235.0,ME.235,metacyc,PWY-6906,,chitin derivatives degradation,48026|48021|48022|48027|48024|48025|48023,2.4.1.280|5.4.2.3|3.5.1.25|3.2.1|2.7.1.8|3.5.99.6|2.7.1.59,2.4.1|5.4.2|3.5.1|3.2.1|2.7.1|3.5.99|2.7.1,3127
236.0,ME.236,metacyc,PWY-4202,,arsenate detoxification I (mammalian),32126|32124|32125|32122|32123,1.20.4.1|2.4.2.1|2.1.1.137|2.1.1.137,1.20.4|2.4.2|2.1.1|2.1.1,361
237.0,ME.237,metacyc,PWY-5481,,pyruvate fermentation to (S)-lactate,47583,1.1.1.27,1.1.1,3034
238.0,ME.238,metacyc,PWY-7489,,"oryzalexin A, B, and C biosynthesis",32129|32127|32128|32130,1.1.1|1.1.1|1.1.1|1.1.1,1.1.1|1.1.1|1.1.1|1.1.1,362
239.0,ME.239,metacyc,PWY-7979,,"protein O-mannosylation III (mammals, core M3)",42017|42013|42015|42014|42016,2.4.1.312|2.4.1.83|2.7.1.183|2.4.1.109|2.4.1.313,2.4.1|2.4.1|2.7.1|2.4.1|2.4.1,2067
240.0,ME.240,metacyc,PWY-7630,,hinokinin biosynthesis,34672|34671,1.14.19|1.14.19.72,1.14.19|1.14.19,800
241.0,ME.241,metacyc,PWY-8018,,itaconate biosynthesis II,37370,4.1.1.113,4.1.1,1229
242.0,ME.242,metacyc,PWY-7394,,urate conversion to allantoin II,45858|45856|45857,4.1.1.97|3.5.2.17|1.14.13.113,4.1.1|3.5.2|1.14.13,2723
243.0,ME.243,metacyc,PWY-7426,,complex N-linked glycan biosynthesis (vertebrates),38077|38076|38075|38073|38074|38082|38081|38080|38079|38078,2.4.1.145|2.4.1.144|2.4.1.143|3.2.1.114|2.4.1.101|2.4.99.1|2.4.99.6|2.4.1.38|2.4.1.68|2.4.1.155,2.4.1|2.4.1|2.4.1|3.2.1|2.4.1|2.4.99|2.4.99|2.4.1|2.4.1|2.4.1,1354
244.0,ME.244,metacyc,PWY-5811,,indole-3-acetate inactivation VII,35913|35914|35915|35917|35916,6.3,6.3,999
245.0,ME.245,metacyc,PWY-7478,,oryzalexin D and E biosynthesis,43715|43711|43712|43713|43714,1.14.14|1.14.14.70|1.14.14.122|1.14.14.123|1.14.14,1.14.14|1.14.14|1.14.14|1.14.14|1.14.14,2366
246.0,ME.246,metacyc,PWY-7920,,complex N-linked glycan biosynthesis (plants),37794|37799|37800|37801|37802|37803|37797|37798|37796|37804|37795,3.2.1.114|3.2.1.114|2.4.2.38|2.4.1.143|2.4.1.214|2.4.1.86|2.4.2.38|2.4.2.38|2.4.1.143|2.4.1.65|2.4.1.101,3.2.1|3.2.1|2.4.2|2.4.1|2.4.1|2.4.1|2.4.2|2.4.2|2.4.1|2.4.1|2.4.1,1313
247.0,ME.247,metacyc,PWY-7469,,gentisate degradation II,49349|49350,1.13.11.4|3.7.1.23,1.13.11|3.7.1,3336
248.0,ME.248,metacyc,ALANINE-DEG3-PWY,,L-alanine degradation III,37408,2.6.1.2,2.6.1,1236
249.0,ME.249,metacyc,PWY-7849,,urate conversion to allantoin III,37463|37465|37464,3.5.2.17|4.1.1.97|1.14.99,3.5.2|4.1.1|1.14.99,1244
250.0,ME.250,metacyc,PWY-7837,,i antigen and I antigen biosynthesis,42054|42056|42057|42055|42058,2.4.1.149|2.4.1.150|2.4.1.38|2.4.1.38|2.4.1.38,2.4.1|2.4.1|2.4.1|2.4.1|2.4.1,2075
251.0,ME.251,metacyc,PWY1-2,,L-alanine degradation IV,43382,1.4.1.1,1.4.1,2311
252.0,ME.252,metacyc,PWY-5784,,indole-3-acetate inactivation VIII,40447|40448|40449|40446|40451|40452|40450,6.3|2.4.1|2.4.1|6.3|3.5.1|3.5.1|2.4.1,6.3|2.4.1|2.4.1|6.3|3.5.1|3.5.1|2.4.1,1780
253.0,ME.253,metacyc,PWY-7831,,ABH and Lewis epitopes biosynthesis from type 2 precursor disaccharide,37335|37329|37330|37331|37332|37333|37334|37336|37337|37338,2.4.1.152|2.4.1.38|2.4.1.152|2.4.99.6|2.4.1.344|2.4.1.40|2.4.1.37|2.4.1.152|2.4.1.152|2.4.1.152,2.4.1|2.4.1|2.4.1|2.4.99|2.4.1|2.4.1|2.4.1|2.4.1|2.4.1|2.4.1,1223
254.0,ME.254,metacyc,PWY-6223,,gentisate degradation I,33007|33008,1.13.11.4|3.7.1,1.13.11|3.7.1,525
255.0,ME.255,metacyc,ALACAT2-PWY,,L-alanine degradation II (to D-lactate),37706|37704|37705,2.6.1.2|1.1.1.28|1.4.1.2,2.6.1|1.1.1|1.4.1,1297
256.0,ME.256,metacyc,PWY-7654,,"(8E,10E)-dodeca-8,10-dienol biosynthesis",34364|34368|34369|34368|34373|34374|34367|34366|34365|34364|34368|34370|34371|34372,2.3.1.155|1.1.1.35|2.3.1.16|4.2.1.17|1.14.19|1.2.1|4.2.1.17|1.1.1.211|4.2.1.17|2.3.1.16|1.1.1.211|1.3.8.8|1.3.8.9|1.14.19,2.3.1|1.1.1|2.3.1|4.2.1|1.14.19|1.2.1|4.2.1|1.1.1|4.2.1|2.3.1|1.1.1|1.3.8|1.3.8|1.14.19,744
257.0,ME.257,metacyc,PWY0-1600,,periplasmic disulfide bond reduction,41039,1.8.4.16,1.8.4,1899
258.0,ME.258,metacyc,ALADEG-PWY,,L-alanine degradation I,48028,1.4.5,1.4.5,3128
259.0,ME.259,metacyc,PWY-1962,,indole-3-acetate inactivation II,46069|46070|46067|46068,6.3,6.3,2763
260.0,ME.260,metacyc,PWY66-395,,aspirin triggered resolvin D biosynthesis,36548|36550|36551|36552|36553|36554|36555|36556|36547|36549,1.13.11|1.13.11.34|3.3.2|3.3.2|1.13.11.34|1.13.11.34|3.3.2|3.3.2|3.1.1.4|1.13.11.34,1.13.11|1.13.11|3.3.2|3.3.2|1.13.11|1.13.11|3.3.2|3.3.2|3.1.1|1.13.11,1103
261.0,ME.261,metacyc,PWY0-1599,,periplasmic disulfide bond formation,37965,,,1333
262.0,ME.262,metacyc,LACTOSEUTIL-PWY,,lactose degradation II,38209|38210|38207|38208,1.1.1|3.2.1.23|1.1.99.13|3.2.1.23,1.1.1|3.2.1|1.1.99|3.2.1,1384
263.0,ME.263,metacyc,PWY-5152,,leucodelphinidin biosynthesis,41493|41495|41494|41492|41491,1.14.14.82|1.14.11.9|1.1.1.219,1.14.14|1.14.11|1.1.1,1967
264.0,ME.264,metacyc,PWY-7306,,estradiol biosynthesis II,38358|38360|38359,,,1420
265.0,ME.265,metacyc,PWY-6968,,trimethylamine degradation,43663|43665|43664,4.1.2.32|1.14.13.238|1.14.13.148,4.1.2|1.14.13|1.14.13,2357
266.0,ME.266,metacyc,PWY-5428,,"1,3-dimethylbenzene degradation to 3-methylbenzoate",44903|44905|44904,1.14.15.26|1.1.1.90|1.2.1.28,1.14.15|1.1.1|1.2.1,2568
267.0,ME.267,metacyc,PWY-7942,,5-oxo-L-proline metabolism,35708|35703|35704|35705|35707|35706,3.5.2.9|4.3.2.7|3.4.19.3|2.3.2.5,3.5.2|4.3.2|3.4.19|2.3.2,966
268.0,ME.268,metacyc,PWY-1741,,indole-3-acetate inactivation IX,44507|44504|44506|44505,2.4.2.34|2.4.1.121|2.3.1.72|2.4.1.156,2.4.2|2.4.1|2.3.1|2.4.1,2493
269.0,ME.269,metacyc,PWY66-392,,lipoxin biosynthesis,42412|42414|42413|42410|42409|42408|42407|42406|42405|42415|42411,1.13.11.34|1.13.11.34|1.13.11|1.13.11.34|1.13.11.34|1.13.11.33,1.13.11|1.13.11|1.13.11|1.13.11|1.13.11|1.13.11,2127
270.0,ME.270,metacyc,P561-PWY,,proline betaine degradation,46793|46792,1.5.3|1.14.13.247,1.5.3|1.14.13,2887
271.0,ME.271,metacyc,PWY-7899,,protein NEDDylation,31613|31612,6.2.1.64|2.3.2.32,6.2.1|2.3.2,257
272.0,ME.272,metacyc,BGALACT-PWY,,lactose degradation III,37632,3.2.1.108,3.2.1,1277
273.0,ME.273,metacyc,PWY1F-823,,leucopelargonidin and leucocyanidin biosynthesis,41296|41299|41297|41298,1.1.1.219|1.14.14.82|1.1.1.219|1.14.11.9,1.1.1|1.14.14|1.1.1|1.14.11,1947
274.0,ME.274,metacyc,PWY0-1477,,ethanolamine utilization,46864|46864|46864|46864|46864|46864|46864|46864|46864|46864|46864|46864|46864|46864|46864|46864|46864|46864|46864|46864|46864|46865|46866|46867|46868|46868|46869|46870|46870|46870|46870|46870|46870|46870|46870|46870|46870|46870|46870|46870|46870|46870|46870|46870|46870|46870|46870|46870,1.1.1.2|1.1.1.71|1.1.1.6|1.1.1.77|1.1.1.244|1.1.1.73|1.1.1.307|1.1.1.21|1.1.1.11|1.1.1.80|1.1.1.1|1.1.1.192|1.1.1.284|1.1.1.245|1.1.1.17|1.1.1.202|1.1.1.14|1.1.1.306|1.1.1.184|1.1.1.78|1.1.1.103|4.3.1.7|1.2.1.10|2.3.1.8|2.7.2.1|2.7.2.15|1.1.1.1|1.1.1.71|1.1.1.6|1.1.1.77|1.1.1.244|1.1.1.73|1.1.1.307|1.1.1.21|1.1.1.11|1.1.1.80|1.1.1.1|1.1.1.192|1.1.1.284|1.1.1.245|1.1.1.17|1.1.1.202|1.1.1.14|1.1.1.2|1.1.1.306|1.1.1.184|1.1.1.78|1.1.1.103,1.1.1|1.1.1|1.1.1|1.1.1|1.1.1|1.1.1|1.1.1|1.1.1|1.1.1|1.1.1|1.1.1|1.1.1|1.1.1|1.1.1|1.1.1|1.1.1|1.1.1|1.1.1|1.1.1|1.1.1|1.1.1|4.3.1|1.2.1|2.3.1|2.7.2|2.7.2|1.1.1|1.1.1|1.1.1|1.1.1|1.1.1|1.1.1|1.1.1|1.1.1|1.1.1|1.1.1|1.1.1|1.1.1|1.1.1|1.1.1|1.1.1|1.1.1|1.1.1|1.1.1|1.1.1|1.1.1|1.1.1|1.1.1,2901
275.0,ME.275,metacyc,PWY-6845,,nitric oxide biosynthesis I (plants),33768|33767,1.14.13.39|1.14.13.39,1.14.13|1.14.13,645
276.0,ME.276,metacyc,PWY-7299,,progesterone biosynthesis,36083|36082,1.1.1.145|5.3.3.1,1.1.1|5.3.3,1027
277.0,ME.277,metacyc,PWY-7085,,triethylamine degradation,45649|45647|45648|45650|45645|45646,4.1.2|1.14.13|1.14.13|4.1.2|1.2.1.10|1.14.13,4.1.2|1.14.13|1.14.13|4.1.2|1.2.1|1.14.13,2691
278.0,ME.278,metacyc,PWY-5429,,"1,4-dimethylbenzene degradation to 4-methylbenzoate",43380|43381|43379,1.2.1.28|1.1.1.90|1.14.15.26,1.2.1|1.1.1|1.14.15,2310
279.0,ME.279,metacyc,PWY-6366,,"D-myo-inositol (1,4,5,6)-tetrakisphosphate biosynthesis",31669|31666|31667|31668,3.1.3|2.7.1.151|2.7.1.140|2.7.1.159,3.1.3|2.7.1|2.7.1|2.7.1,268
280.0,ME.280,metacyc,PWY-7894,,procollagen hydroxylation and glycosylation,38927|38922|38923|38924|38925|38926,2.4.1.66|1.14.11.7|1.14.11.4|1.14.11.2|3.2.1.107|2.4.1.50,2.4.1|1.14.11|1.14.11|1.14.11|3.2.1|2.4.1,1522
281.0,ME.281,metacyc,PWY-5278,,sulfite oxidation III,36781|36780,2.7.7.4|1.8.99.2,2.7.7|1.8.99,1134
282.0,ME.282,metacyc,PWY-6181,,histamine degradation,40083|40085|40084,2.1.1.8|1.2.1.3|1.4.3.22,2.1.1|1.2.1|1.4.3,1720
283.0,ME.283,metacyc,PWY-6219,,indole-3-acetate inactivation VIII,40034|40035|40036|40030|40031|40032|40033,6.3|6.3|6.3|6.3|6.3|6.3|6.3,6.3|6.3|6.3|6.3|6.3|6.3|6.3,1709
284.0,ME.284,metacyc,PWY66-380,,estradiol biosynthesis I (via estrone),42343|42344|42346|42345,1.1.1.62,1.1.1,2112
285.0,ME.285,metacyc,PWY-3621,,gamma-butyrobetaine degradation,30845,1.14.11.1,1.14.11,124
286.0,ME.286,metacyc,PWY-2301,,myo-inositol biosynthesis,45598|45599,3.1.3.25|5.5.1.4,3.1.3|5.5.1,2683
287.0,ME.287,metacyc,PWY-7893,,protein Pupylation and dePupylation,43915|43913|43914,3.5.1.119|6.3.1.19,3.5.1|6.3.1,2399
288.0,ME.288,metacyc,PWY-6433,,hydroxylated fatty acid biosynthesis (plants),48266|48254|48255|48256|48257|48258|48259|48260|48261|48262|48263|48264|48265|48274|48267|48268|48269|48270|48271|48272|48273|48275,2.3.1.23|2.3.1.199|1.1.1.330|4.2.1.134|1.3.1.93|1.14.18.4|1.14.19.25|2.3.1.199|1.1.1.330|4.2.1.134|1.3.1.93|1.14.18.4|1.14.19.25|2.3.1.23|2.3.1.23|2.3.1.23|2.3.1.199|1.1.1.330|4.2.1.134|1.3.1.93|2.3.1.23|2.3.1.23,2.3.1|2.3.1|1.1.1|4.2.1|1.3.1|1.14.18|1.14.19|2.3.1|1.1.1|4.2.1|1.3.1|1.14.18|1.14.19|2.3.1|2.3.1|2.3.1|2.3.1|1.1.1|4.2.1|1.3.1|2.3.1|2.3.1,3156
289.0,ME.289,metacyc,PWY-5326,,sulfite oxidation IV,41657,1.8.3.1,1.8.3,1999
290.0,ME.290,metacyc,PWY-8078,,quebrachitol biosynthesis,36108,2.1.1.40,2.1.1,1036
291.0,ME.291,metacyc,PWY-6805,,cellulose degradation I (cellulosome),35568|35567|35567|35567|35567,3.2.1.74|3.2.1.21|3.2.1.108|3.2.1.4,3.2.1|3.2.1|3.2.1|3.2.1,939
292.0,ME.292,metacyc,PWY-7860,,nitric oxide biosynthesis III (bacteria),46351|46352,1.14.14.47|1.14.14.47,1.14.14|1.14.14,2803
293.0,ME.293,metacyc,PWY-6241,,thyroid hormone biosynthesis,43215|43218|43214|43216|43217|43219,1.11.1.8|1.11.1.8|1.11.1.8|1.11.1.8,1.11.1|1.11.1|1.11.1|1.11.1,2280
294.0,ME.294,metacyc,PWY6666-2,,dopamine degradation,38184|38187|38188|38185|38186,1.2.1.3|2.1.1.6|2.1.1.6|1.4.3.4|2.8.2.1,1.2.1|2.1.1|2.1.1|1.4.3|2.8.2,1375
295.0,ME.295,metacyc,PWY-6364,,"D-myo-inositol (1,3,4)-trisphosphate biosynthesis",41207|41206|41205,3.1.3.62|3.1.3.56|2.7.1.127,3.1.3|3.1.3|2.7.1,1936
296.0,ME.296,metacyc,PWY-7887,,protein SAMPylation and SAMP-mediated thiolation,46878|46882|46881|46880|46879|46877,2.8.1.12|2.8.1.13|2.3.2|2.8.1|2.7.7.100,2.8.1|2.8.1|2.3.2|2.8.1|2.7.7,2904
297.0,ME.297,metacyc,PWY-6784,,cellulose and hemicellulose degradation (cellulolosome),33829|33830,3.1.1.73|3.2.1,3.1.1|3.2.1,662
298.0,ME.298,metacyc,PWY-5279,,sulfite oxidation II,45287|45286,2.7.7.5|1.8.99.2,2.7.7|1.8.99,2636
299.0,ME.299,metacyc,PWY-7431,,aromatic biogenic amine degradation (bacteria),31086|31092|31093|31091|31090|31089|31088|31087,1.2.1.53|1.4.3.4|1.4.99|1.4.3.4|1.2.1.3|4.2.1.88|4.2.1.87|1.14.14.9,1.2.1|1.4.3|1.4.99|1.4.3|1.2.1|4.2.1|4.2.1|1.14.14,177
300.0,ME.300,metacyc,PWY-5338,,galactosylcyclitol biosynthesis,49811|49810|49809|49812,2.4.1|2.4.1|2.4.1|2.4.1,2.4.1|2.4.1|2.4.1|2.4.1,3414
301.0,ME.301,metacyc,PWY-5788,,indole-3-acetate inactivation V,35014|35012|35011|35013,6.3|6.3,6.3|6.3,858
302.0,ME.302,metacyc,PWY-6788,,cellulose degradation II (fungi),45194|45195,3.2.1.21|3.2.1.176,3.2.1|3.2.1,2621
303.0,ME.303,metacyc,PWY66-375,,leukotriene biosynthesis,39740|39736|39737|39739|39741|39738,3.4.13.19|3.3.2.6|1.13.11.34|4.4.1.20|2.3.2.2|1.13.11.34,3.4.13|3.3.2|1.13.11|4.4.1|2.3.2|1.13.11,1668
304.0,ME.304,metacyc,PWY-6369,,inositol diphosphates biosynthesis,44016|44015|44014|44013|44012|44011|44010|44010|44010|44009|44009|44008,2.7.4.21|2.7.4.24|2.7.4.24|2.7.1|2.7.4.24|2.7.1.158|2.7.4|2.7.4.24|2.7.4.21|2.7.4.24|2.7.4.21|2.7.4.21,2.7.4|2.7.4|2.7.4|2.7.1|2.7.4|2.7.1|2.7.4|2.7.4|2.7.4|2.7.4|2.7.4|2.7.4,2417
305.0,ME.305,metacyc,PWY-7884,,lipoprotein posttranslational modification,37707|37709|37708,2.5.1.145|2.3.1.269|3.4.23.36,2.5.1|2.3.1|3.4.23,1298
306.0,ME.306,metacyc,PWY-6710,,poly-hydroxy fatty acids biosynthesis,46014|46013|46021|46019|46018|46020|46017|46012|46011|46015|46016,1.14.18|3.3.2.10|3.3.2.10|3.3.2.10|1.14.13|3.3.2.10,1.14.18|3.3.2|3.3.2|3.3.2|1.14.13|3.3.2,2751
307.0,ME.307,metacyc,PWY-5736,,isopropylamine degradation,34947|34948|34944|34944|34944|34944|34944|34944|34944|34944|34950|34944|34949|34944|34945|34946|34944,1.1.1.1|1.2.1.19|1.2.1.77|1.2.1.8|1.2.1.4|1.2.1.24|1.2.1.3|1.2.1.22|1.5.1.6|1.2.1.26|4.3.1.7|1.2.1.5,1.1.1|1.2.1|1.2.1|1.2.1|1.2.1|1.2.1|1.2.1|1.2.1|1.5.1|1.2.1|4.3.1|1.2.1,843
308.0,ME.308,metacyc,PWY-6365,,"D-myo-inositol (3,4,5,6)-tetrakisphosphate biosynthesis",48076|48077|48078|48079,2.7.1.151|2.7.1.140|2.7.1.159|3.1.3,2.7.1|2.7.1|2.7.1|3.1.3,3135
309.0,ME.309,metacyc,PWY-7656,,Spodoptera littoralis pheromone biosynthesis,35451|35472|35465|35464|35463|35462|35461|35460|35466|35459|35458|35457|35456|35471|35470|35469|35455|35468|35467|35454|35453|35452|35451,2.3.1.155|2.3.1|1.2.1.84|1.2.1.84|1.2.1.84|2.3.1|1.14.19|1.3.8.9|1.2.1.84|1.14.19.5|1.14.19.5|1.14.19.24|1.2.1.84|2.3.1.155|1.1.1.211|4.2.1.17|2.3.1|1.3.8.9|2.3.1|2.3.1|1.1.1.211|4.2.1.17|2.3.1.16,2.3.1|2.3.1|1.2.1|1.2.1|1.2.1|2.3.1|1.14.19|1.3.8|1.2.1|1.14.19|1.14.19|1.14.19|1.2.1|2.3.1|1.1.1|4.2.1|2.3.1|1.3.8|2.3.1|2.3.1|1.1.1|4.2.1|2.3.1,920
310.0,ME.310,metacyc,ORNDEG-PWY,,superpathway of ornithine degradation,36670|36669,2.6.1.82|4.1.1.17,2.6.1|4.1.1,1117
311.0,ME.311,metacyc,PWY-6351,,"D-myo-inositol (1,4,5)-trisphosphate biosynthesis",43668|43667|43666|43666|43666|43669|43670,2.7.1.68|2.7.1.67|2.7.1.149|2.7.1|2.7.1.68|2.7.8.11|3.1.4.11,2.7.1|2.7.1|2.7.1|2.7.1|2.7.1|2.7.8|3.1.4,2358
312.0,ME.312,metacyc,PWY-7798,,protein S-nitrosylation and denitrosylation,43140|43142|43139|43141|43143,1.7.1.10|1.1.1.284,1.7.1|1.1.1,2265
313.0,ME.313,metacyc,PWY-7855,,ectoine degradation,31655|31657|31654|31656,3.5.1.125|2.6.1.76|3.5.4.44,3.5.1|2.6.1|3.5.4,264
314.0,ME.314,metacyc,PWY-1981,,indole-3-acetate inactivation III,37086|37087|37088|37085,2.4.1|6.3,2.4.1|6.3,1191
315.0,ME.315,metacyc,PWY66-397,,resolvin D biosynthesis,48379|48374|48376|48377|48384|48383|48382|48381|48378|48375|48380,1.13.11.34|3.1.1.4|1.13.11|1.13.11.34|3.3.2|3.3.2|3.3.2|3.3.2|1.13.11.34|1.13.11.34,1.13.11|3.1.1|1.13.11|1.13.11|3.3.2|3.3.2|3.3.2|3.3.2|1.13.11|1.13.11,3171
316.0,ME.316,metacyc,PWY-7511,,protein ubiquitination,42991|42992|42995|42994|42993,2.3.2.26|2.3.2.31|6.2.1.45|2.3.2.24,2.3.2|2.3.2|6.2.1|2.3.2,2242
317.0,ME.317,metacyc,PWY-3881,,mannitol biosynthesis,40795|40794|40793,5.3.1.8|1.1.1.224|3.1.3.22,5.3.1|1.1.1|3.1.3,1855
318.0,ME.318,metacyc,PWY-7410,,ipsdienol biosynthesis,38321|38320|38322|38323,2.5.1.1|4.2.3.15|1.14.14.31|1.14.14.31,2.5.1|4.2.3|1.14.14|1.14.14,1408
319.0,ME.319,metacyc,PWY66-393,,15-epi-lipoxin biosynthesis,31880|31877|31876|31879|31878,1.13.11.34|1.13.11.34,1.13.11|1.13.11,309
320.0,ME.320,metacyc,PWY-7291,,"oleate beta-oxidation (isomerase-dependent, yeast)",43298|43296|43297|43299,1.3.3.6|5.3.3.8,1.3.3|5.3.3,2296
321.0,ME.321,metacyc,PWY-5138,,"fatty acid beta-oxidation IV (unsaturated, even number)",33773|33773|33769|33771|33770|33773|33773|33772,4.2.1.17|4.2.1.134|4.2.1.17|5.3.3.8|4.2.1.119|4.2.1.119|4.2.1.74|1.3.1.124,4.2.1|4.2.1|4.2.1|5.3.3|4.2.1|4.2.1|4.2.1|1.3.1,646
322.0,ME.322,metacyc,PWY-7300,,ecdysone and 20-hydroxyecdysone biosynthesis,48937|48938|48940|48941|48942|48948|48947|48945|48944|48943|48939|48946,1.14.19.21|1.1.1|1.3.1|1.1.99|1.14.14|1.14.99.22|1.14.15|1.14.14|1.14.15|1.14.15,1.14.19|1.1.1|1.3.1|1.1.99|1.14.14|1.14.99|1.14.15|1.14.14|1.14.15|1.14.15,3271
323.0,ME.323,metacyc,PWY-2724,,alkane oxidation,43178|43183|43181|43182|43179|43180,1.1.3.20|1.2.1|1.14.14|1.1.3|1.14.13|1.2.1.3,1.1.3|1.2.1|1.14.14|1.1.3|1.14.13|1.2.1,2272
324.0,ME.324,metacyc,PWY-6738,,pinitol biosynthesis I,32136,2.1.1.129,2.1.1,365
325.0,ME.325,metacyc,PWY0-1337,,oleate beta-oxidation,45050|45072|45072|45071|45070|45069|45068|45067|45066|45066|45065|45064|45063|45062|45061|45060|45059|45058|45057|45057|45056|45055|45054|45053|45052|45051|45050|45084|45083|45082|45081|45080|45079|45078|45077|45076|45075|45074|45073,2.3.1.16|1.1.1.211|1.1.1.35|1.3.8.7|1.3.8.7|1.3.8.7|1.3.8.1|5.3.3.8|1.1.1.211|1.1.1.35|6.2.1.3|4.2.1.17|4.2.1.17|4.2.1.17|4.2.1.150|2.3.1.16|2.3.1.16|2.3.1.16|2.3.1.16|2.3.1.9|1.1.1.35|1.1.1.35|1.1.1.35|1.1.1.35|5.3.3.8|4.2.1.150|2.3.1.9|4.2.1.17|3.1.2|1.3.8.8|2.3.1.16|1.1.1.35|4.2.1.17|1.3.8.8|2.3.1.16|1.1.1.35|4.2.1.17|1.3.8.8|2.3.1.16,2.3.1|1.1.1|1.1.1|1.3.8|1.3.8|1.3.8|1.3.8|5.3.3|1.1.1|1.1.1|6.2.1|4.2.1|4.2.1|4.2.1|4.2.1|2.3.1|2.3.1|2.3.1|2.3.1|2.3.1|1.1.1|1.1.1|1.1.1|1.1.1|5.3.3|4.2.1|2.3.1|4.2.1|3.1.2|1.3.8|2.3.1|1.1.1|4.2.1|1.3.8|2.3.1|1.1.1|4.2.1|1.3.8|2.3.1,2602
326.0,ME.326,metacyc,PWY66-381,,glucocorticoid biosynthesis,35349|35348|35347,1.14.14.16|1.14.14.19|1.14.15.4,1.14.14|1.14.14|1.14.15,907
327.0,ME.327,metacyc,PWY-7338,,"10-trans-heptadecenoyl-CoA degradation (reductase-dependent, yeast)",46188|46183|46182|46192|46190|46184|46185|46187|46193|46186|46191|46189,1.3.3.6|4.2.1.119|5.3.3.8|1.3.3.6|1.3.1.124|2.3.1.16|4.2.1.119,1.3.3|4.2.1|5.3.3|1.3.3|1.3.1|2.3.1|4.2.1,2781
328.0,ME.328,metacyc,PWY-6739,,pinitol biosynthesis II,33524|33526|33525,1.1.1.142|2.1.1|1.1.1.143,1.1.1|2.1.1|1.1.1,620
329.0,ME.329,metacyc,PWY-7292,,"oleate beta-oxidation (thioesterase-dependent, yeast)",45493|45492,3.1.2|5.3.3.8,3.1.2|5.3.3,2661
330.0,ME.330,metacyc,PWY-6575,,juvenile hormone III biosynthesis I,48574|48573|48572|48576|48577|48575,2.1.1.325|1.2.1.94|1.1.1.216|1.14.14.127|3.1.3|3.6.1.68,2.1.1|1.2.1|1.1.1|1.14.14|3.1.3|3.6.1,3216
331.0,ME.331,metacyc,PWY-6837,,"fatty acid beta-oxidation V (unsaturated, odd number, di-isomerase-dependent)",48411|48415|48414|48413|48412,5.3.3.8|1.3.1.124|5.3.3.8|1.3.3.6|5.3.3.21,5.3.3|1.3.1|5.3.3|1.3.3|5.3.3,3180
332.0,ME.332,metacyc,PWY-5048,,rosmarinic acid biosynthesis I,32446|32446|32447|32448|32449|32450|32451|32447|32452|32454|32453|32447|32447|32445,4.3.1.25|4.3.1.24|2.6.1.5|6.2.1.12|2.3.1|1.14.14|1.14.14|2.6.1.57|1.14.14|1.14.14.91|1.14.14|2.6.1.1|2.6.1.27|1.1.1.237,4.3.1|4.3.1|2.6.1|6.2.1|2.3.1|1.14.14|1.14.14|2.6.1|1.14.14|1.14.14|1.14.14|2.6.1|2.6.1|1.1.1,432
333.0,ME.333,metacyc,PWY-5136,,fatty acid beta-oxidation II (plant peroxisome),31349|31344|31344|31345|31346|31347|31349|31349|31349|31348|31343|31344|31342,4.2.1.119|1.1.1.211|1.1.1.36|6.2.1|2.3.1.16|1.3.3.6|4.2.1.134|4.2.1.17|4.2.1.74|4.2.1.119|1.1.1.35|4.2.1.17,4.2.1|1.1.1|1.1.1|6.2.1|2.3.1|1.3.3|4.2.1|4.2.1|4.2.1|4.2.1|1.1.1|4.2.1,222
334.0,ME.334,metacyc,PWY66-377,,pregnenolone biosynthesis,38513|38512|38514,1.14.15.6|1.14.15.6|1.14.15.6,1.14.15|1.14.15|1.14.15,1450
335.0,ME.335,metacyc,PWY66-387,,beta-methyl-branched fatty acid alpha-oxidation,47971|47972|47973|47975|47976|47974,3.1.2.10|6.2.1.3|1.14.11|1.2.1.3|6.2.1.3,3.1.2|6.2.1|1.14.11|1.2.1|6.2.1,3113
336.0,ME.336,metacyc,PWY-5049,,rosmarinic acid biosynthesis II,33235|33233|33234|33232,1.1.1.237|2.3.1.140|2.6.1.49|1.14.16.2,1.1.1|2.3.1|2.6.1|1.14.16,561
337.0,ME.337,metacyc,PWY-6791,,xyloglucan degradation I (endoglucanase),44028,,,2419
338.0,ME.338,metacyc,PWY-7010,,2-propylphenol degradation,32916|32914|32915,3.7.1|1.13.11|1.14.13,3.7.1|1.13.11|1.14.13,518
339.0,ME.339,metacyc,FAO-PWY,,fatty acid beta-oxidation I (generic),31937|31938|31938|31936|31935|31942|31938|31943|31939|31940|31941|31943|31943|31943,5.3.3.8|1.1.1.35|1.1.1.211|4.2.1.119|4.2.1.17|1.1.1.36|4.2.1.119|1.3.8|6.2.1|2.3.1.16|4.2.1.134|4.2.1.17|4.2.1.74,5.3.3|1.1.1|1.1.1|4.2.1|4.2.1|1.1.1|4.2.1|1.3.8|6.2.1|2.3.1|4.2.1|4.2.1|4.2.1,326
340.0,ME.340,metacyc,PWY-5659,,GDP-mannose biosynthesis,48607|48609|48606|48608,2.7.7.13|5.4.2.8|5.3.1.9|5.3.1.8,2.7.7|5.4.2|5.3.1|5.3.1,3224
341.0,ME.341,metacyc,PWY-6030,,serotonin and melatonin biosynthesis,49537|49538|49539|49536,2.1.1.4|4.1.1.28|2.3.1.87|1.14.16.4,2.1.1|4.1.1|2.3.1|1.14.16,3375
342.0,ME.342,metacyc,PWY-6185,,4-methylcatechol degradation (ortho cleavage),31417|31418|31419|31420|31420|31415|31416|31421,5.5.1.7|5.3.3.4|3.1.1.24|1.13.11.3|1.13.11.1|5.4.99.14|2.8.3.6|2.3.1.174,5.5.1|5.3.3|3.1.1|1.13.11|1.13.11|5.4.99|2.8.3|2.3.1,234
343.0,ME.343,metacyc,PWY-7339,,"10-trans-heptadecenoyl-CoA degradation (MFE-dependent, yeast)",47046|47047|47044|47045|47049|47048,4.2.1.119|4.2.1.119|2.3.1.16,4.2.1|4.2.1|2.3.1,2940
344.0,ME.344,metacyc,PWY-6675,,sulfur oxidation IV (intracellular sulfur),41097|41098|41096,2.8.1|2.8.1,2.8.1|2.8.1,1913
345.0,ME.345,metacyc,P345-PWY,,aldoxime degradation,36232|36233|36231,4.2.1|4.2.1.84|3.5.1.19,4.2.1|4.2.1|3.5.1,1059
346.0,ME.346,metacyc,PWY-7307,,"oleate beta-oxidation (reductase-dependent, yeast)",32064|32062|32063,1.3.1.124|5.3.3.8|5.3.3.21,1.3.1|5.3.3|5.3.3,348
347.0,ME.347,metacyc,PWY-5419,,catechol degradation to 2-hydroxypentadienoate II,42824|42826|42823|42825|42827|42828,5.3.2.6|1.13.11.2|1.2.1.85|4.1.1.77|5.3.2.6,5.3.2|1.13.11|1.2.1|4.1.1|5.3.2,2202
348.0,ME.348,metacyc,PWY66-301,,catecholamine biosynthesis,35579|35582|35581|35580|35578,1.14.16.2|1.14.17.1|1.14.17.1|2.1.1.28|4.1.1.28,1.14.16|1.14.17|1.14.17|2.1.1|4.1.1,942
349.0,ME.349,metacyc,PWY5F9-12,,biphenyl degradation,49234|49236|49235|49237,1.3.1.56|1.13.11.39|1.14.12.18|3.7.1.8,1.3.1|1.13.11|1.14.12|3.7.1,3320
350.0,ME.350,metacyc,PWY-7288,,fatty acid beta-oxidation VII (yeast peroxisome),30646|30646|30646|30645|30650|30644|30651|30651|30651|30651|30649|30648|30647,1.1.1.36|1.1.1.211|1.1.1.35|4.2.1.119|4.2.1.17|4.2.1.134|4.2.1.17|4.2.1.74|4.2.1.119|1.3.3.6|2.3.1.16|6.2.1,1.1.1|1.1.1|1.1.1|4.2.1|4.2.1|4.2.1|4.2.1|4.2.1|4.2.1|1.3.3|2.3.1|6.2.1,83
351.0,ME.351,metacyc,PWY-6160,,3-dehydroquinate biosynthesis II (archaea),46538|46541|46535|46540|46536|46537|46539,2.2.1.11|4.2.3|1.2.1.11|2.7.2.4|2.2.1.10|1.4.1.24,2.2.1|4.2.3|1.2.1|2.7.2|2.2.1|1.4.1,2842
352.0,ME.352,metacyc,P183-PWY,,catechol degradation to 2-hydroxypentadienoate I,44874|44875,1.13.11.2|3.7.1.9,1.13.11|3.7.1,2561
353.0,ME.353,metacyc,PWY-6576,,dermatan sulfate degradation (metazoa),32716,,,487
354.0,ME.354,metacyc,PWY-7006,,4-amino-3-hydroxybenzoate degradation,36654|36658|36655|36651|36653|36657|36652|36656,4.1.1.77|5.3.2.6|5.3.2.6|3.5.99|1.2.1.85|1.13.11,4.1.1|5.3.2|5.3.2|3.5.99|1.2.1|1.13.11,1114
355.0,ME.355,metacyc,PWY-5137,,"fatty acid beta-oxidation III (unsaturated, odd number)",39617,5.3.3.8,5.3.3,1641
356.0,ME.356,metacyc,PWY-7610,,GDP-6-deoxy-D-altro-heptose biosynthesis,42106|42107|42108,4.2.1|1.1.1|1.1.1,4.2.1|1.1.1|1.1.1,2083
357.0,ME.357,metacyc,PWY-7423,,bombykol biosynthesis,48410|48409|48408,1.2.1|1.14.19.5|1.14.19.15,1.2.1|1.14.19|1.14.19,3179
358.0,ME.358,metacyc,PWY-5490,,paraoxon degradation,48936,3.1.8.1,3.1.8,3270
359.0,ME.359,metacyc,PWY66-391,,fatty acid beta-oxidation VI (mammalian peroxisome),32651|32649|32651|32651|32652|32653|32654|32656|32656|32656|32656|32655|32650,1.1.1.35|4.2.1.17|1.1.1.211|1.1.1.36|6.2.1|2.3.1.16|1.3.3.6|4.2.1.134|4.2.1.17|4.2.1.74|4.2.1.119|4.2.1.119,1.1.1|4.2.1|1.1.1|1.1.1|6.2.1|2.3.1|1.3.3|4.2.1|4.2.1|4.2.1|4.2.1|4.2.1,477
360.0,ME.360,metacyc,PWY-6164,,3-dehydroquinate biosynthesis I,41185|41184,2.5.1.54|4.2.3.4,2.5.1|4.2.3,1932
361.0,ME.361,metacyc,METHYLGALLATE-DEGRADATION-PWY,,methylgallate degradation,43941|43937|43938|43936|43939|43940,1.13.11|3.1.1.57|4.2.1.83|4.1.1.112|5.3.2.8|4.1.3.17,1.13.11|3.1.1|4.2.1|4.1.1|5.3.2|4.1.3,2404
362.0,ME.362,metacyc,PWY-2501,,fatty acid alpha-oxidation I (plants),41840|41839|41838|41841,1.2.1.3,1.2.1,2034
363.0,ME.363,metacyc,PWY66-394,,aspirin triggered resolvin E biosynthesis,37456|37454|37452|37453|37455|37457,3.3.2.6|3.1.1.4|1.13.11.34|1.13.11.34,3.3.2|3.1.1|1.13.11|1.13.11,1241
364.0,ME.364,metacyc,PWY-7982,,pinoresinol degradation,40512|40510|40513|40511|40516|40515|40514,1.2.1.67|1.17.9.2|3.1.1,1.2.1|1.17.9|3.1.1,1796
365.0,ME.365,metacyc,PWY-7340,,"9-cis, 11-trans-octadecadienoyl-CoA degradation (isomerase-dependent, yeast)",35019|35024|35016|35022|35023|35021|35020|35018|35017|35015,2.3.1.16|4.2.1.119|5.3.3.8|2.3.1.16|4.2.1.119|1.3.3.6|5.3.3.8,2.3.1|4.2.1|5.3.3|2.3.1|4.2.1|1.3.3|5.3.3,859
366.0,ME.366,metacyc,PWY-1081,,homogalacturonan degradation,35257,,,892
367.0,ME.367,metacyc,PWY-7337,,10-cis-heptadecenoyl-CoA degradation (yeast),31189|31191|31181|31183|31184|31186|31187|31188|31182|31190|31185|31192,4.2.1.119|5.3.3.8|1.3.3.6|4.2.1.119|2.3.1.16|1.3.3.6|1.3.1.124,4.2.1|5.3.3|1.3.3|4.2.1|2.3.1|1.3.3|1.3.1,196
368.0,ME.368,metacyc,PWY-66,,GDP-L-fucose biosynthesis I (from GDP-D-mannose),30566|30568|30567,4.2.1.47|1.1.1.271|1.1.1.271,4.2.1|1.1.1|1.1.1,67
369.0,ME.369,metacyc,CATECHOL-ORTHO-CLEAVAGE-PWY,,catechol degradation to beta-ketoadipate,35124|35121|35122|35123,1.13.11.1|3.1.1.24|5.3.3.4|5.5.1.1,1.13.11|3.1.1|5.3.3|5.5.1,879
370.0,ME.370,metacyc,PWY-6048,,methylthiopropanoate degradation I (cleavage),43469|43470|43468,4.2.1.155|1.3.8|6.2.1.44,4.2.1|1.3.8|6.2.1,2330
371.0,ME.371,metacyc,PWY0-541,,cyclopropane fatty acid (CFA) biosynthesis,46031,2.1.1.79,2.1.1,2754
372.0,ME.372,metacyc,PWY-5922,,(4R)-carveol and (4R)-dihydrocarveol degradation,44130|44131|44132|44133|44134|44135|44136|44137|44138|44139|44140|44141|44142,1.3.99.25|1.1.1.296|1.1.1.296|1.14.13.105|1.1.1.296|1.1.1.296|6.2.1|1.14.13.105|3.1.1.83|3.1.1.83|1.1.98|1.1.98,1.3.99|1.1.1|1.1.1|1.14.13|1.1.1|1.1.1|6.2.1|1.14.13|3.1.1|3.1.1|1.1.98|1.1.98,2438
373.0,ME.373,metacyc,4TOLCARBDEG-PWY,,4-toluenecarboxylate degradation,40304|40303|40302,1.2.1|1.14.99,1.2.1|1.14.99,1769
374.0,ME.374,metacyc,PWY-4942,,sterculate biosynthesis,39689|39690,2.1.1.79|1.14.19,2.1.1|1.14.19,1661
375.0,ME.375,metacyc,PWY-5927,,(4S)-carveol and (4S)-dihydrocarveol degradation,49087|49091|49092|49090|49089|49088|49086|49085|49084|49083|49082|49081|49080,1.14.13.105|6.2.1|3.1.1.83|1.1.98|3.1.1.83|1.1.1.296|1.1.1.296|1.1.1.296|1.14.13.105|1.1.1.296|1.3.99.25|1.1.1.275,1.14.13|6.2.1|3.1.1|1.1.98|3.1.1|1.1.1|1.1.1|1.1.1|1.14.13|1.1.1|1.3.99|1.1.1,3290
376.0,ME.376,metacyc,PWY-1881,,formate oxidation to CO2,44722,1.17.1.9,1.17.1,2532
377.0,ME.377,metacyc,PWY66-382,,mineralocorticoid biosynthesis,39208|39210|39209|39211,1.14.15.5|1.14.14.16|1.14.15.5|1.14.15.4,1.14.15|1.14.14|1.14.15|1.14.15,1570
378.0,ME.378,metacyc,PWY-7795,,terephthalate degradation,39687|39688,1.3.1.53|1.14.12.15,1.3.1|1.14.12,1660
379.0,ME.379,metacyc,PWY66-429,,fatty acid biosynthesis initiation (mitochondria),42631|42633|42632|42631|42630|42631|42631|42629|42629|42629|42629|42629|42629|42629|42630|42631|42630|42632|42634|42630|42628,2.3.1.86|2.3.1.38|2.3.1.179|2.3.1.179|2.3.1|2.3.1.41|2.3.1.85|2.3.1|2.3.1.38|2.3.1.86|2.3.1.180|2.7.8.7|2.3.1.85|2.3.1.39|2.3.1.39|2.3.1|2.3.1.86|2.3.1.41|2.3.1.39|2.3.1.85|6.4.1.2,2.3.1|2.3.1|2.3.1|2.3.1|2.3.1|2.3.1|2.3.1|2.3.1|2.3.1|2.3.1|2.3.1|2.7.8|2.3.1|2.3.1|2.3.1|2.3.1|2.3.1|2.3.1|2.3.1|2.3.1|6.4.1,2160
380.0,ME.380,metacyc,PWY-6998,,CDP-D-arabitol biosynthesis,34126|34125,2.7.7,2.7.7,705
381.0,ME.381,metacyc,PWY-6717,,"(1,4)-beta-D-xylan degradation",34238,3.2.1.37,3.2.1,728
382.0,ME.382,metacyc,PWY-6781,,chlorogenic acid degradation,45092,3.1.1.42,3.1.1,2606
383.0,ME.383,metacyc,PWY-4381,,fatty acid biosynthesis initiation (bacteria and plants),50353|50353|50353|50352|50353|50354|50355,2.3.1.86|2.3.1.39|2.3.1.85|2.3.1.180|2.3.1|2.3.1.39|2.1.3.15,2.3.1|2.3.1|2.3.1|2.3.1|2.3.1|2.3.1|2.1.3,3503
384.0,ME.384,metacyc,PWY-5740,,GDP-L-colitose biosynthesis,39595|39591|39592|39593|39594,4.2.1.47|1.1.1.356|4.2.1.168|4.2.1.168,4.2.1|1.1.1|4.2.1|4.2.1,1636
385.0,ME.385,metacyc,PWY-5832,,CDP-paratose biosynthesis,39663,1.1.1.342,1.1.1,1652
386.0,ME.386,metacyc,PWY-6045,,methylthiopropanonate degradation II (demethylation),38413,2.1.1,2.1.1,1432
387.0,ME.387,metacyc,PWY-6650,,juvenile hormone III biosynthesis II,45459|45463|45462|45461|45460,1.1.1.216|1.14.14.128|2.1.1.325|1.2.1.94|3.1.7.6,1.1.1|1.14.14|2.1.1|1.2.1|3.1.7,2654
388.0,ME.388,metacyc,PWY-5966-1,,"fatty acid biosynthesis initiation (animals and fungi, cytoplasm)",46054,6.4.1.2,6.4.1,2759
389.0,ME.389,metacyc,PWY-5600,,pyruvate fermentation to acetate VII,41536,1.2.7.1,1.2.7,1976
390.0,ME.390,metacyc,2ASDEG-PWY,,orthanilate degradation,49214|49216|49215|49217|49213|49219|49218,1.14.12.14|1.13.11|5.3.2.6|5.3.2.6|4.1.1.77,1.14.12|1.13.11|5.3.2|5.3.2|4.1.1,3315
391.0,ME.391,metacyc,PWY-6799,,fatty acid biosynthesis initiation (plant mitochondria),48527|48528|48524|48525|48525|48525|48525|48526,6.2.1|2.3.1|6.2.1|2.3.1.85|2.3.1.86|2.3.1.39|2.3.1|2.3.1.39,6.2.1|2.3.1|6.2.1|2.3.1|2.3.1|2.3.1|2.3.1|2.3.1,3201
392.0,ME.392,metacyc,PWY-7127,,CDP-D-mannitol biosynthesis,49229|49230,2.7.7,2.7.7,3318
393.0,ME.393,metacyc,CO2FORM-PWY,,methanogenesis from methanol,32550|32551,2.1.1.90|2.1.1.246,2.1.1|2.1.1,455
394.0,ME.394,metacyc,PWY66-378,,androgen biosynthesis,45105|45107|45106|45108|45109|45110,5.3.3.1|1.1.1.64|1.1.1.145|1.3.1.22|1.14.14.19|1.14.14.32,5.3.3|1.1.1|1.1.1|1.3.1|1.14.14|1.14.14,2611
395.0,ME.395,metacyc,PWY-7557,,(-)-dehydrodiconiferyl alcohol degradation,44243|44246|44241|44242|44244|44245|44240,4.1.1|1.2.1.29|1.13.11|1.1.1,4.1.1|1.2.1|1.13.11|1.1.1,2456
396.0,ME.396,metacyc,PWY-7192,,quercetin diglycoside biosynthesis (pollen-specific),41037|41038,2.4.1.234|2.4.1,2.4.1|2.4.1,1898
397.0,ME.397,metacyc,PWY-5833,,"CDP-4-dehydro-3,6-dideoxy-D-glucose biosynthesis",40506|40507|40505,1.17.1.1|2.7.7.33|4.2.1.45,1.17.1|2.7.7|4.2.1,1794
398.0,ME.398,metacyc,PWY-5485,,pyruvate fermentation to acetate IV,44670|44671|44671|44672,2.3.1.8|2.7.2.15|2.7.2.1|2.3.1.54,2.3.1|2.7.2|2.7.2|2.3.1,2518
399.0,ME.399,metacyc,PWY-5941,,glycogen degradation II,31151|31154|31153|31151|31152|31151|31151|31151|31152,5.4.2.3|2.4.1.1|3.2.1.3|5.4.2.10|2.7.1.1|5.4.2.5|5.4.2.2|5.4.2.8|2.7.1.2,5.4.2|2.4.1|3.2.1|5.4.2|2.7.1|5.4.2|5.4.2|5.4.2|2.7.1,189
400.0,ME.400,metacyc,PWY-6532,,diphenylamine degradation,42682,,,2171
401.0,ME.401,metacyc,PWY-7129,,quercetin glucoside biosynthesis (Allium),37407|37401|37404|37403|37402|37405|37406,2.4.1|2.4.1.237|2.4.1|2.4.1|2.4.1.91|2.4.1|2.4.1,2.4.1|2.4.1|2.4.1|2.4.1|2.4.1|2.4.1|2.4.1,1235
402.0,ME.402,metacyc,PWY-5661,,GDP-glucose biosynthesis,46615|46615|46615|46615|46615|46616|46616|46617,5.4.2.8|5.4.2.10|5.4.2.5|5.4.2.2|5.4.2.3|2.7.1.2|2.7.1.1|2.7.7.34,5.4.2|5.4.2|5.4.2|5.4.2|5.4.2|2.7.1|2.7.1|2.7.7,2853
403.0,ME.403,metacyc,PWY-5830,,CDP-ascarylose biosynthesis,50438|50437,,,3518
404.0,ME.404,metacyc,PWY-7750,,carbon monoxide oxidation to CO2,39120,1.2.5.3,1.2.5,1548
405.0,ME.405,metacyc,PWY66-374,,C20 prostanoid biosynthesis,44392|44389|44393|44390|44391,5.3.99.4|5.3.99.5|5.3.99.2|1.14.99.1|5.3.99.3,5.3.99|5.3.99|5.3.99|1.14.99|5.3.99,2484
406.0,ME.406,metacyc,PWY-142,,m-xylene degradation (anaerobic),33802|33800|33801|33803,4.1.99.11,4.1.99,653
407.0,ME.407,metacyc,PWY-7172,,flavonol acylglucoside biosynthesis III - quercetin derivatives,47506|47507|47502|47508|47503|47504|47505,2.3.1|2.3.1|2.4.1.91|2.3.1|2.3.1|2.3.1|2.3.1,2.3.1|2.3.1|2.4.1|2.3.1|2.3.1|2.3.1|2.3.1,3021
408.0,ME.408,metacyc,PWY-5834,,CDP-tyvelose biosynthesis,47692,1.1.1.342,1.1.1,3057
409.0,ME.409,metacyc,PWY-741,,p-cymene degradation to p-cumate,37461|37460|37462,1.14.15.25|1.2.1.29,1.14.15|1.2.1,1243
410.0,ME.410,metacyc,PWY-6064,,methylquercetin biosynthesis,49822,2.1.1.42,2.1.1,3418
411.0,ME.411,metacyc,PWY-6277,,superpathway of 5-aminoimidazole ribonucleotide biosynthesis,34814|34810|34811|34812|34813,6.3.3.1|6.3.4.13|6.3.5.3|2.4.2.14,6.3.3|6.3.4|6.3.5|2.4.2,826
412.0,ME.412,metacyc,PWY-5831,,CDP-abequose biosynthesis,31264,1.1.1.341,1.1.1,209
413.0,ME.413,metacyc,PWY-1722,,"formate assimilation into 5,10-methylenetetrahydrofolate",49368|49365|49366|49367,6.3.4.3|3.5.4.9|1.5.1.5|6.3.4.3,6.3.4|3.5.4|1.5.1|6.3.4,3340
414.0,ME.414,metacyc,PWY-7011,,2-isopropylphenol degradation,45770|45771|45769,3.7.1|1.14.13,3.7.1|1.14.13,2712
415.0,ME.415,metacyc,PWY-7166,,kaempferide triglycoside biosynthesis,43210|43208|43207|43209,2.4.1|2.4.1|2.1.1.155|2.4.1,2.4.1|2.4.1|2.1.1|2.4.1,2278
416.0,ME.416,metacyc,PWY-7309,,acrylonitrile degradation II,33867,3.5.5.7,3.5.5,670
417.0,ME.417,metacyc,P142-PWY,,pyruvate fermentation to acetate I,35866,1.2.7.1,1.2.7,987
418.0,ME.418,metacyc,PWY-7246,,pectin degradation I,46528|46527|46526,3.1.1.11|4.2.2|3.2.1.82,3.1.1|4.2.2|3.2.1,2840
419.0,ME.419,metacyc,PWY-6210,,2-aminophenol degradation,30560|30562|30559|30561,1.2.1.32|4.1.1.77|3.5.99.5|1.13.11.74,1.2.1|4.1.1|3.5.99|1.13.11,64
420.0,ME.420,metacyc,PWY-5390,,rutin biosynthesis,36106|36105|36104,2.4.1.159|1.14.20.6|2.4.1.91,2.4.1|1.14.20|2.4.1,1034
421.0,ME.421,metacyc,PWY-6121,,5-aminoimidazole ribonucleotide biosynthesis I,41903|41907|41906|41905|41904|41902,6.3.4.13|2.1.2.2|2.1.2.2|2.4.2.14|6.3.5.3|6.3.3.1,6.3.4|2.1.2|2.1.2|2.4.2|6.3.5|6.3.3,2048
422.0,ME.422,metacyc,GDPRHAMSYN-PWY,,GDP-D-rhamnose biosynthesis,33250|33249|33249,4.2.1.47|1.1.1.281|1.1.1.187,4.2.1|1.1.1|1.1.1,566
423.0,ME.423,metacyc,P661-PWY,,dibenzo-p-dioxin degradation,49258|49257|49259|49256,1.14.12|3.7.1|1.13.11,1.14.12|3.7.1|1.13.11,3326
424.0,ME.424,metacyc,PWY-7157,,eupatolitin 3-O-glucoside biosynthesis,46204|46213|46211|46209|46210|46205|46206|46207|46208|46212,2.4.1.237|2.4.1|2.1.1|2.1.1|2.4.1|2.1.1|1.14.14|2.4.1|2.1.1|2.4.1,2.4.1|2.4.1|2.1.1|2.1.1|2.4.1|2.1.1|1.14.14|2.4.1|2.1.1|2.4.1,2786
425.0,ME.425,metacyc,PWY-5768,,pyruvate fermentation to acetate VIII,47573|47572,1.2.1.4|4.1.1.1,1.2.1|4.1.1,3031
426.0,ME.426,metacyc,PWY5F9-3233,,phthalate degradation (aerobic),38100|38099|38101,1.14.12|4.1.1.69|1.3.1,1.14.12|4.1.1|1.3.1,1359
427.0,ME.427,metacyc,PWY-5321,,quercetin glycoside biosynthesis (Arabidopsis),36170|36169|36168|36172|36171|36167|36166|36165|36164|36163|36162|36161,2.4.1|2.4.1|2.4.1|2.4.1|2.4.1|2.4.1|2.4.1|2.4.1|2.4.1.239|2.4.1|2.4.1.91|2.4.1.237,2.4.1|2.4.1|2.4.1|2.4.1|2.4.1|2.4.1|2.4.1|2.4.1|2.4.1|2.4.1|2.4.1|2.4.1,1049
428.0,ME.428,metacyc,PWY-6122,,5-aminoimidazole ribonucleotide biosynthesis II,33192|33190|33191|33194|33193,6.3.5.3|6.3.3.1|6.3.4.13|2.4.2.14,6.3.5|6.3.3|6.3.4|2.4.2,555
429.0,ME.429,metacyc,PWY-7515,,trans-3-hydroxy-L-proline degradation,32460|32461,1.5.1.21|4.2.1.77,1.5.1|4.2.1,436
430.0,ME.430,metacyc,PWY-7008,,2-hydroxybiphenyl degradation,46463|46462|46461,3.7.1.8|1.13.11.39|1.14.13.44,3.7.1|1.13.11|1.14.13,2827
431.0,ME.431,metacyc,PWY-7308,,acrylonitrile degradation I,47787|47788,3.5.1.4|4.2.1.84,3.5.1|4.2.1,3074
432.0,ME.432,metacyc,PWY-5537,,pyruvate fermentation to acetate V,49094|49093,1.2.1.104|6.2.1.5,1.2.1|6.2.1,3291
433.0,ME.433,metacyc,PWY-6790,,L-arabinan degradation,31164|31164,3.2.1.55|3.2.1.99,3.2.1|3.2.1,193
434.0,ME.434,metacyc,PWY-6430,,thymine degradation,40499|40498|40497,3.5.1.6|1.3.1.2|3.5.2.2,3.5.1|1.3.1|3.5.2,1791
435.0,ME.435,metacyc,PWY-3101,,flavonol biosynthesis,48931|48928|48930|48927|48926|48932|48929,1.14.14.82|1.14.20.6|1.14.20.6|1.14.20.6|1.14.14.81|1.14.14.82,1.14.14|1.14.20|1.14.20|1.14.20|1.14.14|1.14.14,3267
436.0,ME.436,metacyc,PWY-6794,,adenosine 5-phosphoramidate biosynthesis,49727,2.7.7.51,2.7.7,3401
437.0,ME.437,metacyc,PWY-7613,,GDP-6-deoxy-D-manno-heptose biosynthesis,36752|36753,4.2.1|1.1.1,4.2.1|1.1.1,1126
438.0,ME.438,metacyc,PWY-2421,,indole-3-acetate degradation I,49441|49442,1.14.13.235|1.14.13,1.14.13|1.14.13,3357
439.0,ME.439,metacyc,P342-PWY,,orcinol degradation,40525|40526|40528|40527,3.7.1.6|1.14.13.6,3.7.1|1.14.13,1799
440.0,ME.440,metacyc,PWY0-1415,,superpathway of heme b biosynthesis from uroporphyrinogen-III,48507|48509|48508|48510,4.1.1.37|1.3.3.3|4.99.1.1|1.3.3.4,4.1.1|1.3.3|4.99.1|1.3.3,3198
441.0,ME.441,metacyc,PWY-7448,,galloylated catechin biosynthesis,33990|33989|33991,2.3.1|2.4.1.136|2.3.1,2.3.1|2.4.1|2.3.1,689
442.0,ME.442,metacyc,P621-PWY,,nylon-6 oligomer degradation,30585|30582|30584|30586|30583|30581,3.5.2|3.5.2.12|2.6.1.116|3.5.1.46|1.2.1.63|3.5.1.46,3.5.2|3.5.2|2.6.1|3.5.1|1.2.1|3.5.1,73
443.0,ME.443,metacyc,PWY-5482,,pyruvate fermentation to acetate II,40757|40756|40757|40758,2.7.2.15|2.3.1.8|2.7.2.1|1.2.1.104,2.7.2|2.3.1|2.7.2|1.2.1,1846
444.0,ME.444,metacyc,PWY-8065,,chlorpyrifos degradation,33187|33186,3.1.8.1|3.13.1,3.1.8|3.13.1,553
445.0,ME.445,metacyc,PWY-7137,,quercetin gentiotetraside biosynthesis,37724|37721|37722|37723,2.4.1|2.4.1.91|2.4.1|2.4.1,2.4.1|2.4.1|2.4.1|2.4.1,1301
446.0,ME.446,metacyc,HYDROXYPRODEG-PWY,,trans-4-hydroxy-L-proline degradation I,38742|38739|38738|38737|38738|38740|38741|38741|38743,2.6.1.23|4.1.3.16|4.1.3.16|4.1.3.42|1.2.1|2.6.1.1|2.6.1.23|1.5.5.3,2.6.1|4.1.3|4.1.3|4.1.3|1.2.1|2.6.1|2.6.1|1.5.5,1484
447.0,ME.447,metacyc,PWY-8087,,indole-3-acetate degradation II,41124|41128|41129|41123|41126|41127|41125,1.14.13.235|1.1|4.1.1.7|3.5.2.20|1.14.13|1.14.13,1.14.13|1.1|4.1.1|3.5.2|1.14.13|1.14.13,1917
448.0,ME.448,metacyc,PWY-7173,,quercetin triglucoside biosynthesis,41707|41706|41708,2.4.1.239|2.4.1.91|2.4.1.240,2.4.1|2.4.1|2.4.1,2009
449.0,ME.449,metacyc,PWY0-1319,,CDP-diacylglycerol biosynthesis II,47235|47234|47233|47232|47231|47230,2.3.1.15|2.3.1.51|2.3.1.51|2.3.1.15|2.7.7.41|1.1.1.94,2.3.1|2.3.1|2.3.1|2.3.1|2.7.7|1.1.1,2977
450.0,ME.450,metacyc,P401-PWY,,cyanide degradation,47490,4.4.1.9,4.4.1,3019
451.0,ME.451,metacyc,PWY-6573,,chondroitin sulfate degradation (metazoa),47633,,,3047
452.0,ME.452,metacyc,PWY-5450,,benzene degradation,33322|33323,1.3.1.19|1.14.12.3,1.3.1|1.14.12,580
453.0,ME.453,metacyc,PWY-6199,,quercetin sulfate biosynthesis,36611|36615|36613|36608|36617|36614|36616|36610|36612|36609,2.8.2.26|2.8.2.28|2.8.2.25|2.1.1.42|2.8.2.27|2.8.2.27|2.8.2.28|2.8.2.25,2.8.2|2.8.2|2.8.2|2.1.1|2.8.2|2.8.2|2.8.2|2.8.2,1108
454.0,ME.454,metacyc,PWY-5667,,CDP-diacylglycerol biosynthesis I,39746|39747|39749|39748,1.1.1.94|2.3.1.15|2.7.7.41|2.3.1.51,1.1.1|2.3.1|2.7.7|2.3.1,1670
455.0,ME.455,metacyc,PWY-6546,,brassinosteroids inactivation,47142|47144|47143|47145|47146|47141,1.14.14|2.4.1|2.4.1,1.14.14|2.4.1|2.4.1,2961
456.0,ME.456,metacyc,PWY-6526,,limonene degradation III (to perillate),43212|43211|43213,1.14.13|1.1.1.144|1.14.13,1.14.13|1.1.1|1.14.13,2279
457.0,ME.457,metacyc,BENZCOA-PWY,,anaerobic aromatic compound degradation (Thauera aromatica),34797,6.2.1.25,6.2.1,824
458.0,ME.458,metacyc,PWY-7168,,flavonol acylglucoside biosynthesis I - kaempferol derivatives,44503|44497|44498|44500|44499|44496|44501|44502,2.3.1|2.3.1|2.3.1|2.3.1|2.3.1|2.4.1.91|2.3.1|2.3.1,2.3.1|2.3.1|2.3.1|2.3.1|2.3.1|2.4.1|2.3.1|2.3.1,2492
459.0,ME.459,metacyc,PWY-5981,,CDP-diacylglycerol biosynthesis III,40674|40678|40679|40677|40676|40675|40673,2.7.7.41|2.3.1.51|2.3.1.274|2.3.1.51|2.3.1.274|2.3.1.275|1.1.1.94,2.7.7|2.3.1|2.3.1|2.3.1|2.3.1|2.3.1|1.1.1,1828
460.0,ME.460,metacyc,PWY-7978,,N-methylpyrrolidone degradation,36774|36776|36775,1.2.1.24|3.5.2|1.5.3.21,1.2.1|3.5.2|1.5.3,1132
461.0,ME.461,metacyc,PWY-5538,,pyruvate fermentation to acetate VI,33943|33944,1.2.7.1|6.2.1.5,1.2.7|6.2.1,684
462.0,ME.462,metacyc,PWY-7825,,juglone degradation,31998|31997|31999,1.17.3.4,1.17.3,337
463.0,ME.463,metacyc,PWY-5391,,syringetin biosynthesis,33790|33791|33792|33788|33789,2.1.1.267|1.14.14.82|2.1.1.267|1.14.20.6,2.1.1|1.14.14|2.1.1|1.14.20,650
464.0,ME.464,metacyc,PWY-5159,,trans-4-hydroxy-L-proline degradation II,48569|48568|48567,1.14.19|1.2.1.26|3.5.4.22,1.14.19|1.2.1|3.5.4,3214
465.0,ME.465,metacyc,PWY-681,,dibenzothiophene desulfurization,44970|44971|44974|44973|44972,3.13.1.3|1.5.1.42|1.14.14.22|1.14.14.21|1.14.14.21,3.13.1|1.5.1|1.14.14|1.14.14|1.14.14,2585
466.0,ME.466,metacyc,PWY-7160,,polymethylated myricetin biosynthesis (tomato),40318|40329|40325|40326|40327|40328|40313|40324|40314|40323|40322|40321|40320|40319|40317|40316|40315,2.1.1|2.1.1|2.1.1|2.1.1|2.1.1|2.1.1|2.1.1.267|2.1.1|2.1.1|2.1.1|2.1.1|2.1.1|2.1.1|2.1.1|2.1.1|2.1.1|2.1.1.267,2.1.1|2.1.1|2.1.1|2.1.1|2.1.1|2.1.1|2.1.1|2.1.1|2.1.1|2.1.1|2.1.1|2.1.1|2.1.1|2.1.1|2.1.1|2.1.1|2.1.1,1772
467.0,ME.467,metacyc,PWY-6377,,alpha-tocopherol degradation,33392|33394|33393,1.14.14.94,1.14.14,597
468.0,ME.468,metacyc,PWY-5483,,pyruvate fermentation to acetate III,33324|33325,1.2.7.1|6.2.1.13,1.2.7|6.2.1,581
469.0,ME.469,metacyc,GLYCOCAT-PWY,,glycogen degradation I,47853|47850|47851|47849|47849|47852|47849|47850|47849|47849|47854,2.4.1.25|2.7.1.1|3.2.1.20|5.4.2.8|5.4.2.2|2.4.1.1|5.4.2.5|2.7.1.2|5.4.2.3|5.4.2.10|2.4.1.1,2.4.1|2.7.1|3.2.1|5.4.2|5.4.2|2.4.1|5.4.2|2.7.1|5.4.2|5.4.2|2.4.1,3093
470.0,ME.470,metacyc,PWY-5163,,p-cumate degradation to 2-hydroxypentadienoate,31425|31422|31426|31424|31423,1.3.1.58|3.7.1|1.14.12.25,1.3.1|3.7.1|1.14.12,235
471.0,ME.471,metacyc,PWY-5348,,kaempferol triglucoside biosynthesis,48474|48475|48473|48472,2.4.1.240|2.3.1.173|2.4.1.239|2.4.1.91,2.4.1|2.3.1|2.4.1|2.4.1,3188
472.0,ME.472,metacyc,PWY-6,,GDP-L-fucose biosynthesis II (from L-fucose),49766|49767,2.7.1.52|2.7.7.30,2.7.1|2.7.7,3410
473.0,ME.473,metacyc,PWY-8029,,limonene degradation IV (anaerobic),48845|48843|48842|48846|48849|48848|48847|48844,1.17.99.8|1.2.1.3|1.1.1.144|3.7.1|1.1.1|1.17.99.8|4.2.1,1.17.99|1.2.1|1.1.1|3.7.1|1.1.1|1.17.99|4.2.1,3257
474.0,ME.474,metacyc,3-HYDROXYPHENYLACETATE-DEGRADATION-PWY,,4-hydroxyphenylacetate degradation,42768|42769|42772|42774|42770|42767|42773|42771,1.2.1.79|1.2.1.60|1.13.11.15|4.2.1.163|4.1.1.68|5.3.3.10|4.1.2.52|1.14.14.9,1.2.1|1.2.1|1.13.11|4.2.1|4.1.1|5.3.3|4.1.2|1.14.14,2192
475.0,ME.475,metacyc,HEME-BIOSYNTHESIS-II,,heme b biosynthesis I (aerobic),37807|37805|37806|37808,1.3.3.3|4.1.1.37|4.99.1.1|1.3.3.4,1.3.3|4.1.1|4.99.1|1.3.3,1314
476.0,ME.476,metacyc,PWY-7150,,polymethylated quercetin glucoside biosynthesis I - quercetin series (Chrysosplenium),47992|47994|47995|47996|47991|47997|47998|47999|47993,2.1.1.83|1.14.13|2.1.1|1.14.11|2.1.1.82|2.4.1|2.1.1|2.4.1|2.1.1,2.1.1|1.14.13|2.1.1|1.14.11|2.1.1|2.4.1|2.1.1|2.4.1|2.1.1,3120
477.0,ME.477,metacyc,P481-PWY,,adamantanone degradation,48819|48821|48818|48820,1.14.14.108|1.14.15|1.14.15|1.14.14.108,1.14.14|1.14.15|1.14.15|1.14.14,3253
478.0,ME.478,metacyc,PWY-5161,,6-deoxychalcone metabolism,38205|38204|38206,1.14.14|2.4.1|2.4.1,1.14.14|2.4.1|2.4.1,1383
479.0,ME.479,metacyc,PWY-7698,,"2,5-xylenol and 3,5-xylenol degradation",43638|43637|43644|43648|43647|43646|43643|43645|43642|43641|43640|43639|43636,1.14.13.24|1.14.13.24|1.2.1.7|1.2.1.7|1.1.1.90|1.1.1.90|3.7.1.23|1.13.11.4|3.7.1.23|1.13.11.4|4.2.1.35,1.14.13|1.14.13|1.2.1|1.2.1|1.1.1|1.1.1|3.7.1|1.13.11|3.7.1|1.13.11|4.2.1,2351
480.0,ME.480,metacyc,PWY-5059,,pinobanksin biosynthesis,43807|43806|43808,1.14.11.9|5.5.1.6|2.1.1,1.14.11|5.5.1|2.1.1,2383
481.0,ME.481,metacyc,PWY-5339,,chalcone 2-O-glucoside biosynthesis,44927,2.4.1,2.4.1,2575
482.0,ME.482,metacyc,PWY-6533,,aniline degradation,45469|45466|45465|45467|45468,3.5.1.123|3.5.1.123|6.3.1.18|1.14.12,3.5.1|3.5.1|6.3.1|1.14.12,2656
483.0,ME.483,metacyc,PWY-7495,,gossypetin metabolism,42067|42069|42068,2.1.1.88|1.14.99|2.4.1.237,2.1.1|1.14.99|2.4.1,2077
484.0,ME.484,metacyc,P201-PWY,,nitroglycerin degradation,32599|32600|32602|32601|32598,1.7.1|1.7.1|1.7.1|1.7.1|1.7.1,1.7.1|1.7.1|1.7.1|1.7.1|1.7.1,464
485.0,ME.485,metacyc,PWY-6822,,iota-carrageenan degradation,47632,3.2.1.157,3.2.1,3046
486.0,ME.486,metacyc,PWY-842,,starch degradation I,33666|33665|33667,3.2.1.20|3.2.1.2,3.2.1|3.2.1,632
487.0,ME.487,metacyc,PWY-7140,,myricetin gentiobioside biosynthesis,31645|31646,2.4.1.91|2.4.1,2.4.1|2.4.1,260
488.0,ME.488,metacyc,PWY-5738,,GDP-6-deoxy-D-talose biosynthesis,41829|41829|41830,1.1.1.187|1.1.1.135|4.2.1.47,1.1.1|1.1.1|4.2.1,2030
489.0,ME.489,metacyc,PWY-6817,,lambda-carrageenan degradation,41811,3.2.1.162,3.2.1,2025
490.0,ME.490,metacyc,PWY-6688,,thyronamine and iodothyronamine metabolism,36203|36206|36199|36201|36208|36200|36207|36204|36198|36205|36197|36202,,,1055
491.0,ME.491,metacyc,PWY-5923,,limonene degradation I (D-limonene),47412|47418|47415|47413|47417|47416|47414,1.1.1.297|1.1.98|6.2.1|3.3.2.8|1.14.13.105|1.14.13.105|1.14.13.107,1.1.1|1.1.98|6.2.1|3.3.2|1.14.13|1.14.13|1.14.13,3007
492.0,ME.492,metacyc,PWY-7430,,indole degradation to anthranil and anthranilate,34691|34693|34692|34690,3.5.1|1.14.13|1.14.13|1.13.11.17,3.5.1|1.14.13|1.14.13|1.13.11,806
493.0,ME.493,metacyc,PWY-7552,,heme b biosynthesis III (from siroheme),43624|43623|43625,4.1.1.111|1.3.98.6|4.1.3,4.1.1|1.3.98|4.1.3,2348
494.0,ME.494,metacyc,PWY-7191,,kaempferol diglycoside biosynthesis (pollen-specific),34430|34429,2.4.1|2.4.1.234,2.4.1|2.4.1,757
495.0,ME.495,metacyc,PWY-6935,,seleno-amino acid detoxification and volatilization II,43000|42997|42998|42996|42999,4.4.1|4.1.1|1.4.3|2.1.1.12|1.2,4.4.1|4.1.1|1.4.3|2.1.1|1.2,2243
496.0,ME.496,metacyc,PWY-8000,,vitamin K degradation,40997|40995|41002|40992|40996|41001|40999|40994|41000|40998|40993,2.4.1|2.4.1,2.4.1|2.4.1,1893
497.0,ME.497,metacyc,PWY-6821,,kappa-carrageenan degradation,46995|46997|46998|46996,3.2.1.83|3.1.6|3.1.6|3.2.1,3.2.1|3.1.6|3.1.6|3.2.1,2931
498.0,ME.498,metacyc,PWY-6339,,syringate degradation,40240|40241|40244|40243|40242|40245|40239|40238,5.3.2.8|2.1.1.341|1.13.11.8|1.13.11|2.1.1|3.1.1.57|4.1.1.112,5.3.2|2.1.1|1.13.11|1.13.11|2.1.1|3.1.1|4.1.1,1759
499.0,ME.499,metacyc,PWY-6631,,tricetin methylation,33236|33236|33236|33237|33237,2.1.1.175|2.1.1.104|2.1.1.169|2.1.1.175|2.1.1.169,2.1.1|2.1.1|2.1.1|2.1.1|2.1.1,562
500.0,ME.500,metacyc,PWY0-1561,,glycerol-3-phosphate to cytochrome bo oxidase electron transfer,31731|31732,7.1.1.3|1.1.5.3,7.1.1|1.1.5,284
501.0,ME.501,metacyc,PWY66-426,,hydrogen sulfide biosynthesis II (mammalian),34734|34735|34730|34731|34731|34732|34733,4.2.1.22|4.4.1.1|4.4.1.2|4.4.1.28|4.4.1.1|4.2.1.22|4.2.1.22,4.2.1|4.4.1|4.4.1|4.4.1|4.4.1|4.2.1|4.2.1,816
502.0,ME.502,metacyc,PWY-7647,,ulvan degradation,48422|48421,3.2.1|4.2.2,3.2.1|4.2.2,3182
503.0,ME.503,metacyc,PWY-6313,,serotonin degradation,47865|47868|47867|47864|47866|47870|47869,1.4.3.4|2.4.1.17|1.2.1.3|2.8.2.1|2.8.2.1|1.1.1.1,1.4.3|2.4.1|1.2.1|2.8.2|2.8.2|1.1.1,3097
504.0,ME.504,metacyc,P662-PWY,,dibenzofuran degradation,42650|42649|42651,1.13.11|1.14.12|3.7.1.8,1.13.11|1.14.12|3.7.1,2165
505.0,ME.505,metacyc,PWY-7171,,flavonol acylglucoside biosynthesis II - isorhamnetin derivatives,49934|49929|49930|49931|49932|49933|49935,2.3.1|2.4.1|2.3.1|2.3.1|2.3.1|2.3.1|2.3.1,2.3.1|2.4.1|2.3.1|2.3.1|2.3.1|2.3.1|2.3.1,3440
506.0,ME.506,metacyc,PWY-6931,,seleno-amino acid detoxification and volatilization I,42372|42371,4.4.1.11|2.1.1.12,4.4.1|2.1.1,2118
507.0,ME.507,metacyc,PWY-723,,alkylnitronates degradation,50119|50118|50120|50119,1.13.12.16|1.7.1.4|1.13.12.16|1.7.3.1,1.13.12|1.7.1|1.13.12|1.7.3,3469
508.0,ME.508,metacyc,PWY-6827,,gellan degradation,45285|45284,4.2.2.25|3.2.1.179,4.2.2|3.2.1,2635
509.0,ME.509,metacyc,PWY-5978,,kanosamine biosynthesis I,44676|44677|44678,,,2520
510.0,ME.510,metacyc,PWY-7081,,4-aminophenol degradation,49444|49443|49445|49446,1.13.11.37|1.3.1.32|3.5.4,1.13.11|1.3.1|3.5.4,3358
511.0,ME.511,metacyc,PWY-6035,,"2,3-cis-flavanols biosynthesis",37467|37466|37468,1.3.1.77|1.3.1.77|1.3.1.77,1.3.1|1.3.1|1.3.1,1245
512.0,ME.512,metacyc,PWY0-1335,,NADH to cytochrome bo oxidase electron transfer I,48571|48570,7.1.1.3|1.6.5.9,7.1.1|1.6.5,3215
514.0,ME.514,metacyc,PWY-7828,,cyclobis-(1rarr6)-alpha-nigerosyl degradation,32564|32565|32566,3.2.1.205|3.2.1.204|3.2.1.204,3.2.1|3.2.1|3.2.1,460
515.0,ME.515,metacyc,PWY-6342,,noradrenaline and adrenaline degradation,33663|33661|33660|33659|33652|33655|33656|33653|33657|33664|33662|33654|33658,2.1.1.6|1.4.3.4|1.1.1.1|1.4.3.4|1.2.1.3|2.1.1.28|1.2.1.3|2.1.1.6|1.4.3.4|1.1.1.1|2.1.1.6|2.1.1.6|1.4.3.4,2.1.1|1.4.3|1.1.1|1.4.3|1.2.1|2.1.1|1.2.1|2.1.1|1.4.3|1.1.1|2.1.1|2.1.1|1.4.3,631
516.0,ME.516,metacyc,PWY-5924,,limonene degradation II (L-limonene),39021|39022|39025|39023|39027|39026|39024,1.1.1.297|1.14.13.107|1.14.13.105|3.3.2.8|6.2.1|1.1.98|1.14.13.105,1.1.1|1.14.13|1.14.13|3.3.2|6.2.1|1.1.98|1.14.13,1529
517.0,ME.517,metacyc,PWY-7009,,"2,2-dihydroxybiphenyl degradation",44229|44231|44233|44234|44235|44236|44237|44232|44239|44238|44228|44230,5.3.2.6|1.14.13.44|4.1.1.77|1.13.11|3.7.1.8|1.14.13|1.13.11|5.3.2.6|3.7.1.8|1.13.11.35|1.14.13,5.3.2|1.14.13|4.1.1|1.13.11|3.7.1|1.14.13|1.13.11|5.3.2|3.7.1|1.13.11|1.14.13,2455
518.0,ME.518,metacyc,HEMESYN2-PWY,,heme b biosynthesis II (oxygen-independent),39441|39439|39438|39437|39440,1.3.5.3|1.3.98.3|4.99.1.1|4.1.1.37|1.3.5.3,1.3.5|1.3.98|4.99.1|4.1.1|1.3.5,1608
519.0,ME.519,metacyc,PWY-7163,,polymethylated kaempferol biosynthesis,44918|44919|44917|44916,2.1.1|2.1.1|2.1.1|2.1.1.155,2.1.1|2.1.1|2.1.1|2.1.1,2572
520.0,ME.520,metacyc,PWY-6933,,seleno-amino acid detoxification and volatilization III,43661|43662,2.1.1.280|4.4.1.11,2.1.1|4.4.1,2356
521.0,ME.521,metacyc,PWY-5355,,nitroethane degradation,40059,1.7.3.1,1.7.3,1715
522.0,ME.522,metacyc,PWY-6986,,alginate degradation,43920|43916|43917|43919|43917|43918|43921,1.1.1.126|2.7.1.45|4.2.2.3|2.7.1.178|4.2.2.11|4.2.2.26,1.1.1|2.7.1|4.2.2|2.7.1|4.2.2|4.2.2,2400
523.0,ME.523,metacyc,PWY-6184,,methylsalicylate degradation,38912|38913,1.14.13.1|1.14.13.1,1.14.13|1.14.13,1520
524.0,ME.524,metacyc,PWY-5363,,chrysin biosynthesis,35563,1.14.20.5,1.14.20,937
525.0,ME.525,metacyc,PWY-7545,,pyruvate to cytochrome bd oxidase electron transfer,31128|31129,1.2.5.1|7.1.1.3,1.2.5|7.1.1,184
526.0,ME.526,metacyc,PWY0-1534,,hydrogen sulfide biosynthesis I,36771|36772,2.6.1.3,2.6.1,1130
527.0,ME.527,metacyc,PWY-6815,,porphyran degradation,49099|49103|49100|49101|49098|49102,3.2.1.81|3.2.1.159|3.2.1.178|3.2.1.159|3.2.1.81|3.2.1.159,3.2.1|3.2.1|3.2.1|3.2.1|3.2.1|3.2.1,3293
528.0,ME.528,metacyc,P343-PWY,,resorcinol degradation,40611|40612|40610,1.13.11.37|1.14.13.219|1.3.1.32,1.13.11|1.14.13|1.3.1,1816
529.0,ME.529,metacyc,PWY-7151,,polymethylated quercetin glucoside biosynthesis II - quercetagetin series (Chrysosplenium),49550|49552|49553|49554|49555|49556|49557|49558|49559|49560|49561|49548|49547|49546|49551|49549,2.1.1|2.1.1|2.4.1|2.1.1|2.1.1|2.4.1|2.4.1|2.1.1|2.4.1|2.1.1|2.1.1|1.14.11|2.1.1|2.1.1.84|1.14.13|2.1.1,2.1.1|2.1.1|2.4.1|2.1.1|2.1.1|2.4.1|2.4.1|2.1.1|2.4.1|2.1.1|2.1.1|1.14.11|2.1.1|2.1.1|1.14.13|2.1.1,3377
530.0,ME.530,metacyc,PWY-6932,,selenate reduction,47023|47020|47021|47019|47022,1.8.1|1.8.4.9|2.7.7.4|1.8.1,1.8.1|1.8.4|2.7.7|1.8.1,2936
531.0,ME.531,metacyc,P482-PWY,,arsonoacetate degradation,38275|38274,1.20.99.1,1.20.99,1397
532.0,ME.532,metacyc,PWY-7456,,"beta-(1,4)-mannan degradation",36982|36983|36981|36980,5.4.2.8|2.4.1.319|5.3.1.8|2.4.1.281,5.4.2|2.4.1|5.3.1|2.4.1,1170
533.0,ME.533,metacyc,PWY8J2-22,,kanosamine biosynthesis II,46872|46871|46873,3.1.3.92|1.1.1.361|2.6.1.104,3.1.3|1.1.1|2.6.1,2902
534.0,ME.534,metacyc,PWY-6771,,rhamnogalacturonan type I degradation II (bacteria),37544|37543|37545,3.2.1.172|4.2.2.23|4.2.2.24,3.2.1|4.2.2|4.2.2,1260
535.0,ME.535,metacyc,PWY-5320,,kaempferol glycoside biosynthesis (Arabidopsis),45294|45289|45290|45291|45292|45293|45295|45296|45297|45298|45299,2.4.1|2.4.1.237|2.4.1.91|2.4.1.239|2.4.1|2.4.1|2.4.1|2.4.1|2.4.1|2.4.1|2.4.1,2.4.1|2.4.1|2.4.1|2.4.1|2.4.1|2.4.1|2.4.1|2.4.1|2.4.1|2.4.1|2.4.1,2638
536.0,ME.536,metacyc,PWY-7279,,aerobic respiration II (cytochrome c) (yeast),33438|33439|33436|33437,7.1.1.8|7.1.1.9|1.6.5.9|1.3.5.1,7.1.1|7.1.1|1.6.5|1.3.5,603
537.0,ME.537,metacyc,PWY-6816,,agarose degradation,31194|31193,3.2.1.159|3.2.1.81,3.2.1|3.2.1,197
538.0,ME.538,metacyc,PWY-7573,,GDP-mycosamine biosynthesis,37652|37651|37650,2.6.1|4.2.1.47,2.6.1|4.2.1,1281
539.0,ME.539,metacyc,PWY-6400,,melatonin degradation III,36250|36251,,,1064
540.0,ME.540,metacyc,PWY-7002,,4-hydroxyacetophenone degradation,34700|34698|34699|34701|34697,1.13.11.66|1.3.1.32|1.14.13.84|3.1.1|1.2.1.61,1.13.11|1.3.1|1.14.13|3.1.1|1.2.1,809
541.0,ME.541,metacyc,PWY-7766,,heme b biosynthesis IV (Gram-positive bacteria),39804|39805|39806|39808|39807,4.1.1.37|1.3.3.15|4.99.1.9|1.3.98.5|1.3.98.5,4.1.1|1.3.3|4.99.1|1.3.98|1.3.98,1684
542.0,ME.542,metacyc,PWY-7995,,tricin biosynthesis,32902|32904|32903|32901|32900|32900,1.14.14.82|1.14.19.76|2.1.1.42|2.1.1.175|2.1.1.169,1.14.14|1.14.19|2.1.1|2.1.1|2.1.1,515
543.0,ME.543,metacyc,P221-PWY,,octane oxidation,45876|45877|45875|45874|45874|45874|45873,1.2.1.3|1.1.99|6.2.1.3|1.18.1.4|1.18.1.3|1.18.1.1|1.14.15.3,1.2.1|1.1.99|6.2.1|1.18.1|1.18.1|1.18.1|1.14.15,2729
544.0,ME.544,metacyc,PWY-5489,,methyl parathion degradation,32514,3.1.8.1,3.1.8,445
545.0,ME.545,metacyc,PWY-7143,,kaempferol gentiobioside biosynthesis,47245|47244,2.4.1|2.4.1.91,2.4.1|2.4.1,2979
546.0,ME.546,metacyc,THIOSULFOX-PWY,,thiosulfate oxidation I (to tetrathionate),46369,1.8.2.2,1.8.2,2806
547.0,ME.547,metacyc,SUCSYN-PWY,,sucrose biosynthesis I (from photosynthesis),45733|45727|45728|45729|45730|45731|45732,2.7.2.3|1.2.1.12|3.1.3.23|3.1.3.11|5.3.1.9|4.1.2.13|2.4.1.14,2.7.2|1.2.1|3.1.3|3.1.3|5.3.1|4.1.2|2.4.1,2703
548.0,ME.548,metacyc,M-CRESOL-DEGRADATION-PWY,,m-cresol degradation,46058|46057|46056|46055|46059,1.1.1.90|1.2.1.7|1.14.13.23|1.14.13.24|1.14.13,1.1.1|1.2.1|1.14.13|1.14.13|1.14.13,2760
549.0,ME.549,metacyc,PWY66-241,,bupropion degradation,36141|36139|36140|36143|36142,1.1|1.14.14.1|1.1,1.1|1.14.14|1.1,1046
550.0,ME.550,metacyc,PWY-7951,,ellagic acid degradation to urolithins,35831|35832|35833|35835|35834|35837|35836|35838,,,980
551.0,ME.551,metacyc,PWY-4302,,aerobic respiration III (alternative oxidase pathway),34073|34072|34074,7.1.1.3|1.6.5.9|1.3.5.1,7.1.1|1.6.5|1.3.5,701
552.0,ME.552,metacyc,PWY-6478,,GDP-D-glycero-alpha-D-manno-heptose biosynthesis,43368|43366|43369|43367,5.3.1.28|2.7.7.71|2.7.1.168|3.1.3.83,5.3.1|2.7.7|2.7.1|3.1.3,2306
553.0,ME.553,metacyc,PWY-1901,,aurone biosynthesis,33287|33282|33281|33280|33279|33283|33284|33285|33286,2.4.1|2.4.1.286|1.21.3.6|1.21.3.6|1.21.3.6|2.4.1.286|1.21.3.6|1.21.3.6|2.4.1,2.4.1|2.4.1|1.21.3|1.21.3|1.21.3|2.4.1|1.21.3|1.21.3|2.4.1,574
554.0,ME.554,metacyc,PWY-6941,,styrene degradation,38361|38362|38363,1.2.1.39|1.14.14.11|5.3.99,1.2.1|1.14.14|5.3.99,1421
555.0,ME.555,metacyc,ACETOACETATE-DEG-PWY,,acetoacetate degradation (to acetyl CoA),35873|35873|35874,2.3.1.16|2.3.1.9|2.8.3.9,2.3.1|2.3.1|2.8.3,990
556.0,ME.556,metacyc,PWY0-1565,,D-lactate to cytochrome bo oxidase electron transfer,40859|40857|40858|40859,1.1.5.12|7.1.1.3|1.1.5.12|1.1.5.10,1.1.5|7.1.1|1.1.5|1.1.5,1868
557.0,ME.557,metacyc,PWY-6401,,hispidol and hispidol 4-O-beta-D-glucoside biosynthesis,49340|49344|49336|49337|49338|49339|49342|49343|49345|49346|49341,2.4.1|1.11.2|1.11.2|1.11.2|1.11.2|1.11.2|1.11.2,2.4.1|1.11.2|1.11.2|1.11.2|1.11.2|1.11.2|1.11.2,3334
558.0,ME.558,metacyc,4-HYDROXYMANDELATE-DEGRADATION-PWY,,4-hydroxymandelate degradation,48562|48560|48560|48560|48564|48561|48560|48560|48563|48560|48560,1.2.1.67|1.2.1.67|1.2.1.28|1.2.1.29|1.1.5|1.14.13.2|1.2.1.64|1.2.1.3|4.1.1.7|1.2.1.96|1.2.1.65,1.2.1|1.2.1|1.2.1|1.2.1|1.1.5|1.14.13|1.2.1|1.2.1|4.1.1|1.2.1|1.2.1,3212
559.0,ME.559,metacyc,PWY-7133,,quercetin glucoside degradation (Allium),47116|47117,3.2.1|3.2.1,3.2.1|3.2.1,2956
560.0,ME.560,metacyc,PWY-7582,,mercaptosuccinate degradation,43409|43410,1.13.11,1.13.11,2317
561.0,ME.561,metacyc,PWY-7747,,diphenyl ethers degradation,38126|38127|38128|38125,1.14.12.18|1.3.1.56|1.13.11.39,1.14.12|1.3.1|1.13.11,1364
562.0,ME.562,metacyc,PWY-7134,,rutin degradation (plants),49728|49730|49729,3.2.1|3.2.1.40|3.2.1,3.2.1|3.2.1|3.2.1,3402
563.0,ME.563,metacyc,PWY0-1353,,succinate to cytochrome bd oxidase electron transfer,43466|43467,7.1.1.3|1.3.5.1,7.1.1|1.3.5,2329
564.0,ME.564,metacyc,ASPARTATESYN-PWY,,L-aspartate biosynthesis,35328,2.6.1.1,2.6.1,903
565.0,ME.565,metacyc,PWY-5739,,GDP-D-perosamine biosynthesis,35570|35569,2.6.1.102|4.2.1.47,2.6.1|4.2.1,940
566.0,ME.566,metacyc,PWY-6398,,melatonin degradation I,39846|39847|39848|39844|39845,1.14.14.1|1.14.14.1|2.8.2.1|2.8.2.1|2.4.1.17,1.14.14|1.14.14|2.8.2|2.8.2|2.4.1,1693
567.0,ME.567,metacyc,PWY-6550,,carbazole degradation,37171|37169|37170,1.13.11.39|1.14.12.22|3.7.1.13,1.13.11|1.14.12|3.7.1,1208
568.0,ME.568,metacyc,PWY-7856,,heme a biosynthesis,46798|46799|46800,2.5.1.141,2.5.1,2889
569.0,ME.569,metacyc,PWY-6848,,rutin degradation,46435|46437|46436,1.13.11.24|3.1.1|3.2.1,1.13.11|3.1.1|3.2.1,2820
570.0,ME.570,metacyc,PWY-5744,,glyoxylate assimilation,40077|40078|40079|40080|40081|40082|40071|40070|40076|40075|40074|40073|40072,4.1.3.24|4.2.1.148|5.4.1.3|4.2.1.153|6.3.4.14|2.1.3.15|4.2.1.1|4.1.3.25|6.2.1.36|4.2.1.116|1.3.1.84|1.2.1.75|1.1.1.298,4.1.3|4.2.1|5.4.1|4.2.1|6.3.4|2.1.3|4.2.1|4.1.3|6.2.1|4.2.1|1.3.1|1.2.1|1.1.1,1719
571.0,ME.571,metacyc,PWY-5889,,rhodoquinone-9 biosynthesis,34928,,,839
572.0,ME.572,metacyc,PWY-481,,ethylbenzene degradation (anaerobic),47640|47637|47638|47639|47641,1.1.1.311|6.4.1.8|1.17.99.2|2.3.1.16,1.1.1|6.4.1|1.17.99|2.3.1,3049
573.0,ME.573,metacyc,PWY-7445,,luteolin triglucuronide degradation,35525|35524|35523|35522,3.2.1.31|3.2.1|3.2.1.31|1.11.1.7,3.2.1|3.2.1|3.2.1|1.11.1,927
574.0,ME.574,metacyc,PWY0-1329,,succinate to cytochrome bo oxidase electron transfer,35028|35029,7.1.1.3|1.3.5.1,7.1.1|1.3.5,862
575.0,ME.575,metacyc,PWY-8017,,L-tryptophan degradation XIII (Stickland reaction),37108|37107|37107|37106|37109|37110,1.3.8.15|2.6.1.1|2.6.1.27|1.1.1.110|2.8.3.17|4.2.1.175,1.3.8|2.6.1|2.6.1|1.1.1|2.8.3|4.2.1,1195
576.0,ME.576,metacyc,PWY-7480,,"2,3-dihydroxybenzoate degradation",40167|40173|40172|40171|40169|40168|40170,1.13.11.14|5.3.2.6|4.1.1.77|4.1.1|1.2.1.85|5.3.2.6,1.13.11|5.3.2|4.1.1|4.1.1|1.2.1|5.3.2,1746
577.0,ME.577,metacyc,PWY-6996,,daidzin and daidzein degradation,43047|43048|43050|43049,3.2.1|1.3.1,3.2.1|1.3.1,2253
578.0,ME.578,metacyc,PWY-5888,,rhodoquinone-10 biosynthesis,49524,,,3370
579.0,ME.579,metacyc,PWY0-1546,,muropeptide degradation,36314|36313|36316|36315,3.4.13.18|5.1.1.20|3.4.17.13,3.4.13|5.1.1|3.4.17,1074
580.0,ME.580,metacyc,PWY-6340,,"5,5-dehydrodivanillate degradation",37636|37639|37638|37637,4.1.1|1.14.13,4.1.1|1.14.13,1279
581.0,ME.581,metacyc,PWY-5119,,acacetin biosynthesis,40736,2.1.1.75,2.1.1,1841
582.0,ME.582,metacyc,PWY-7429,,arsenite oxidation II (respiratory),49765,1.20.9.1,1.20.9,3409
583.0,ME.583,metacyc,PWY-7341,,superpathway of hyoscyamine and scopolamine biosynthesis,40643|40639|40640|40641|40642|40644,1.14.20.13|1.14.11.11|1.1.1.236|2.3.1.185,1.14.20|1.14.11|1.1.1|2.3.1,1823
584.0,ME.584,metacyc,PWY-6341,,guaiacylglycerol-beta-guaiacyl ether degradation,32431|32435|32433|32429|32434|32436|32432|32430,,,430
585.0,ME.585,metacyc,PWY-5120,,geranylgeranyl diphosphate biosynthesis,42801,2.5.1,2.5.1,2197
586.0,ME.586,metacyc,PWY-6399,,melatonin degradation II,42472|42474|42473|42471,1.4.3.4,1.4.3,2137
587.0,ME.587,metacyc,PARATHION-DEGRADATION-PWY,,parathion degradation,50107|50108,3.1.8.1|3.13.1,3.1.8|3.13.1,3465
588.0,ME.588,metacyc,PWY-7554,,heme d1 biosynthesis,49335|49334|49333,1.1.1|1.2.98|4.1.1.111,1.1.1|1.2.98|4.1.1,3333
589.0,ME.589,metacyc,PWY-7444,,luteolin triglucuronide biosynthesis,45870|45872|45871,2.4.1.189|2.4.1.191|2.4.1.190,2.4.1|2.4.1|2.4.1,2728
590.0,ME.590,metacyc,PWY-7794,,polyethylene terephthalate degradation,42470|42469,3.1.1.101|3.1.1.102,3.1.1|3.1.1,2136
591.0,ME.591,metacyc,PWY-721,,3-methylquinoline degradation,34825|34826|34827|34829|34828,1.3.1.65|1.14.12.16|1.3.99.17|4.2.1|1.13.11,1.3.1|1.14.12|1.3.99|4.2.1|1.13.11,829
592.0,ME.592,metacyc,PWY-7213,,wogonin metabolism,41095|41094|41093,2.4.1|3.2.1.167|2.4.1.253,2.4.1|3.2.1|2.4.1,1912
593.0,ME.593,metacyc,PWY-4521,,arsenite oxidation I (respiratory),35636|35637,7.1.1.9|1.20.2.1,7.1.1|1.20.2,958
594.0,ME.594,metacyc,PWY-6897,,thiamine salvage II,47674|47674|47674|47675|47673|47672,2.7.4.13|2.7.4.9|2.7.4.12|2.5.1.3|2.7.4.16|2.7.1.50,2.7.4|2.7.4|2.7.4|2.5.1|2.7.4|2.7.1,3054
595.0,ME.595,metacyc,PWY-5188,,tetrapyrrole biosynthesis I (from glutamate),50417|50419|50415|50416|50418|50414,2.5.1.61|1.2.1.70|4.2.1.75|4.2.1.24|6.1.1.17|5.4.3.8,2.5.1|1.2.1|4.2.1|4.2.1|6.1.1|5.4.3,3511
596.0,ME.596,metacyc,PWY-7188,,eriodictyol C-glucosylation,45688|45690|45687|45689|45691,1.14.14.162|2.4.1.360,1.14.14|2.4.1,2701
597.0,ME.597,metacyc,PWY-5021,,willardiine and isowillardiine biosynthesis,48979|48978,2.5.1.53|2.5.1.53,2.5.1|2.5.1,3278
598.0,ME.598,metacyc,PWY-5285,,sulfide oxidation III (to sulfite),32552|32554|32553,1.13.11.18|1.8.5.4|1.13.11.18,1.13.11|1.8.5|1.13.11,456
599.0,ME.599,metacyc,PWY-6024,,isovitexin glycosides biosynthesis,34862|34863|34864|34861|34865|34866|34867|34868|34860|34859,2.4.1|2.4.1|2.4.1|2.4.1|2.4.1|2.4.1|2.4.1|2.4.1|2.4.1|2.4.1.106,2.4.1|2.4.1|2.4.1|2.4.1|2.4.1|2.4.1|2.4.1|2.4.1|2.4.1|2.4.1,832
600.0,ME.600,metacyc,PWY0-1567,,NADH to cytochrome bo oxidase electron transfer II,36196|36195,7.1.1.3|1.6.5.9,7.1.1|1.6.5,1054
601.0,ME.601,metacyc,P282-PWY,,nitrite oxidation,30822,1.7.2,1.7.2,118
602.0,ME.602,metacyc,PWY-5656,,mannosylglycerate biosynthesis I,33139|33138,3.1.3.70|2.4.1.217,3.1.3|2.4.1,545
603.0,ME.603,metacyc,PWY-5793,,maysin biosynthesis,35584|35585|35583,2.4.1|2.4.1,2.4.1|2.4.1,943
604.0,ME.604,metacyc,PWY-7457,,sulfite oxidation V (SoeABC),33240,1.8.5.6,1.8.5,564
605.0,ME.605,metacyc,PWY-7298,,nevadensin biosynthesis,31700|31698|31699|31701|31702,1.14.11|2.1.1|2.1.1|1.14.11,1.14.11|2.1.1|2.1.1|1.14.11,278
606.0,ME.606,metacyc,PWY0-1544,,proline to cytochrome bo oxidase electron transfer,38355|38356|38357,7.1.1.3|1.5.5.2|1.5.5.2,7.1.1|1.5.5|1.5.5,1419
607.0,ME.607,metacyc,PWY-5360,,superpathway of tetrathionate reduction (Salmonella typhimurium),47809|47810,,,3080
608.0,ME.608,metacyc,PWY-5189,,tetrapyrrole biosynthesis II (from glycine),45767|45766|45765|45768,4.2.1.24|4.2.1.75|2.3.1.37|2.5.1.61,4.2.1|4.2.1|2.3.1|2.5.1,2711
609.0,ME.609,metacyc,PWY-7189,,pinocembrin C-glucosylation,45529|45531|45532|45528|45530,1.14.14.162|2.4.1.360,1.14.14|2.4.1,2670
610.0,ME.610,metacyc,PWY-4961,,beta-pyrazole-1-ylalanine biosynthesis,42392|42390|42389|42391,2.5.1.51,2.5.1,2122
611.0,ME.611,metacyc,P301-PWY,,galena oxidation,43308,,,2299
612.0,ME.612,metacyc,PWY-6239,,luteolin glycosides biosynthesis,41392|41390|41391,2.4.1|2.4.1.81|2.4.1.236,2.4.1|2.4.1|2.4.1,1956
613.0,ME.613,metacyc,PWY0-1334,,NADH to cytochrome bd oxidase electron transfer I,43772|43771,7.1.1.3|1.6.5.9,7.1.1|1.6.5,2376
614.0,ME.614,metacyc,FESULFOX-PWY,,sulfur oxidation II (Fe+3-dependent),50153|50154|50152,,,3474
615.0,ME.615,metacyc,PWY-5658,,mannosylglycerate biosynthesis II,33498,2.4.1.269,2.4.1,615
616.0,ME.616,metacyc,PWY-6010,,apigenin glycosides biosynthesis,41070|41073|41072|41071|41069,2.3.1.115|2.4.1|2.4.1.236|2.4.1.81|2.4.2.25,2.3.1|2.4.1|2.4.1|2.4.1|2.4.2,1906
617.0,ME.617,metacyc,SULFUROX-PWY,,sulfur oxidation I (aerobic),49429|49427|49428,1.13.11.18|1.13.11.18,1.13.11|1.13.11,3350
618.0,ME.618,metacyc,PWY-5060,,luteolin biosynthesis,38747|38751|38750|38749|38748|38752,1.14.20.5|1.14.19.76|1.14.14.82|1.14.19.76|1.14.20.5|1.14.14.82,1.14.20|1.14.19|1.14.14|1.14.19|1.14.20|1.14.14,1486
619.0,ME.619,metacyc,PWY-7544,,pyruvate to cytochrome bo oxidase electron transfer,32299|32300,1.2.5.1|7.1.1.3,1.2.5|7.1.1,396
620.0,ME.620,metacyc,PWY-5276,,sulfite oxidation I,40112,1.8.2.1,1.8.2,1730
621.0,ME.621,metacyc,ASPARTATE-DEG1-PWY,,L-aspartate degradation I,46685,2.6.1.1,2.6.1,2868
622.0,ME.622,metacyc,PWY-7325,,salvigenin biosynthesis,33936|33932|33937|33930|33931|33938|33933|33934|33935,2.1.1|2.1.1|2.1.1|2.1.1|1.14.14|1.14.19.76|1.14.14|2.1.1|2.1.1,2.1.1|2.1.1|2.1.1|2.1.1|1.14.14|1.14.19|1.14.14|2.1.1|2.1.1,681
623.0,ME.623,metacyc,PWY-5110,,trigonelline biosynthesis,36093,2.1.1.7,2.1.1,1029
624.0,ME.624,metacyc,P222-PWY,,sulfide oxidation I (to sulfur globules),49531,1.8.5.4,1.8.5,3373
625.0,ME.625,metacyc,PWY-6567,,chondroitin sulfate biosynthesis (late stages),36763|36765|36761|36762|36764,2.8.2.17|2.8.2.33|2.8.2.5|2.8.2,2.8.2|2.8.2|2.8.2|2.8.2,1128
626.0,ME.626,metacyc,PWY-7212,,baicalein metabolism,37309|37310|37311|37312,2.4.1.253|2.4.1|3.2.1.167|1.14.13,2.4.1|2.4.1|3.2.1|1.14.13,1221
627.0,ME.627,metacyc,PWY-5303,,thiosulfate oxidation II (via tetrathionate),48479|48476|48478|48477,1.8.5.2|2.8.1|2.8.1,1.8.5|2.8.1|2.8.1,3189
628.0,ME.628,metacyc,PWY-7043,,11-cis-3-hydroxyretinal biosynthesis,35073|35071|35074|35072,1.13.11.65|1.1.1,1.13.11|1.1.1,873
629.0,ME.629,metacyc,PWY-7161,,polymethylated quercetin biosynthesis,34856|34851|34852|34858|34853|34854|34855|34857,2.1.1|2.1.1.42|2.1.1.82|2.1.1|2.1.1|2.1.1|2.1.1|2.1.1,2.1.1|2.1.1|2.1.1|2.1.1|2.1.1|2.1.1|2.1.1|2.1.1,831
630.0,ME.630,metacyc,PWY-6015,,vitexin and derivatives biosynthesis,37025|37026|37028|37027,2.4.1.105|2.1.1.153|2.4.1|2.4.1,2.4.1|2.1.1|2.4.1|2.4.1,1177
631.0,ME.631,metacyc,PWY0-1568,,NADH to cytochrome bd oxidase electron transfer II,30949|30950,1.6.5.9|7.1.1.3,1.6.5|7.1.1,142
632.0,ME.632,metacyc,PWY-5968,,cinnamate esters biosynthesis,42766,2.4.1.177,2.4.1,2191
633.0,ME.633,metacyc,PWY-5118,,ponciretin biosynthesis,31041,2.1.1.231,2.1.1,167
634.0,ME.634,metacyc,PWY-4985,,mimosine biosynthesis,30556,2.5.1.52,2.5.1,61
635.0,ME.635,metacyc,PWY-5168,,ferulate and sinapate biosynthesis,41727|41730|41729|41728,1.2.1.68|1.14.14|1.2.1|2.1.1.68,1.2.1|1.14.14|1.2.1|2.1.1,2012
636.0,ME.636,metacyc,PWY-6558,,heparan sulfate biosynthesis (late stages),49970|49969|49964|49968|49967|49966|49965|49972|49973|49963|49971,2.8.2|3.1.1|2.8.2.8|2.8.2.29|2.4.1.225|2.4.1.224|2.4.1.223|2.8.2|2.8.2.30|2.8.2,2.8.2|3.1.1|2.8.2|2.8.2|2.4.1|2.4.1|2.4.1|2.8.2|2.8.2|2.8.2,3447
637.0,ME.637,metacyc,PWY-5094,,naringenin glycoside biosynthesis,48495|48494|48493,2.4.1|2.4.1.236|2.4.1.185,2.4.1|2.4.1|2.4.1,3194
638.0,ME.638,metacyc,PWY-3781,,aerobic respiration I (cytochrome c),34640|34637|34639|34638,7.1.1.9|1.6.5.9|7.1.1.8|1.3.5.1,7.1.1|1.6.5|7.1.1|1.3.5,795
639.0,ME.639,metacyc,PWY-3301,,sinapate ester biosynthesis,33064|33065|33063|33062|33066,2.3.1.91|2.3.1.92|2.3.1.103|3.1.1.49|2.4.1.120,2.3.1|2.3.1|2.3.1|3.1.1|2.4.1,534
640.0,ME.640,metacyc,PWY-6861,,the visual cycle I (vertebrates),32102|32097|32101|32103|32099|32094|32095|32096|32100|32098,1.1.1.300|3.1.1.64|2.3.1.135,1.1.1|3.1.1|2.3.1,354
641.0,ME.641,metacyc,PWY-6602,,naringenin C-glucosylation,32867|32868|32866|32870|32869|32865,1.14.14.162|2.4.1.360,1.14.14|2.4.1,508
642.0,ME.642,metacyc,PWY-7460,,2-O-acetyl-3-O-trans-coutarate biosynthesis,42721|42722,2.3.1|2.3.1,2.3.1|2.3.1,2181
643.0,ME.643,metacyc,PWY-5105,,hesperitin glycoside biosynthesis,38365|38366|38364|38367,2.4.1.185|2.1.1|2.4.1.236|2.4.1,2.4.1|2.1.1|2.4.1|2.4.1,1422
644.0,ME.644,metacyc,PWY-6039,,chlorogenic acid biosynthesis I,45347|45350|45351|45345|45346|45348|45349,2.3.1.133|1.14.14.96|1.14.14.96|2.1.1.104|2.3.1.133|2.3.1|2.3.1,2.3.1|1.14.14|1.14.14|2.1.1|2.3.1|2.3.1|2.3.1,2644
645.0,ME.645,metacyc,PWY-6891,,thiazole biosynthesis II (aerobic bacteria),44592|44594|44589|44590|44591|44595|44593,1.4.3.19|2.2.1.7|2.7.7.73|5.3.99.10|2.8.1.10,1.4.3|2.2.1|2.7.7|5.3.99|2.8.1,2504
646.0,ME.646,metacyc,PWY-5116,,sakuranetin biosynthesis,42287,2.1.1.232,2.1.1,2102
647.0,ME.647,metacyc,PWY-5,,canavanine biosynthesis,36081|36080|36078|36079,2.1.3|6.3.4.5|4.3.2.1,2.1.3|6.3.4|4.3.2,1026
648.0,ME.648,metacyc,PWY-5859,,eugenol and isoeugenol biosynthesis,41844|41842|41843,2.3.1.224|1.1.1.319|1.1.1.318,2.3.1|1.1.1|1.1.1,2035
649.0,ME.649,metacyc,PWY-6568,,dermatan sulfate biosynthesis (late stages),43427|43426|43428|43425,2.8.2|5.1.3.19|2.8.2.33|2.8.2.35,2.8.2|5.1.3|2.8.2|2.8.2,2321
650.0,ME.650,metacyc,PWY-5084,,2-oxoglutarate decarboxylation to succinyl-CoA,33442|33440|33441,2.3.1.61|1.8.1.4|1.2.4.2,2.3.1|1.8.1|1.2.4,604
651.0,ME.651,metacyc,PWY-6544,,superpathway of C28 brassinosteroid biosynthesis,47739|47740,1.14.14|1.14.14,1.14.14|1.14.14,3068
652.0,ME.652,metacyc,PWY-4201,,volatile cinnamoic ester biosynthesis,35547|35547|35546|35545|35544,2.1.1.279|2.1.1.146|2.1.1.274|2.1.1.146|2.1.1.146,2.1.1|2.1.1|2.1.1|2.1.1|2.1.1,932
654.0,ME.654,metacyc,PWY-7461,,hydroxycinnamate sugar acid ester biosynthesis,45086|45087|45085,2.3.1.132|2.3.1|2.3.1.131,2.3.1|2.3.1|2.3.1,2603
655.0,ME.655,metacyc,PWY-5046,,2-oxoisovalerate decarboxylation to isobutanoyl-CoA,38836|38837|38835,2.3.1.168|1.8.1.4|1.2.4.4,2.3.1|1.8.1|1.2.4,1505
656.0,ME.656,metacyc,PWY-6040,,chlorogenic acid biosynthesis II,45905|45904|45906|45903,1.14.14.96|2.3.1.133|1.14.14.96|2.3.1.133,1.14.14|2.3.1|1.14.14|2.3.1,2736
657.0,ME.657,metacyc,PWY-6892,,thiazole biosynthesis I (facultative anaerobic bacteria),41917|41914|41918|41919|41915|41916,2.8.1|2.2.1.7|2.8.1.10|2.7.7.73|4.1.99.19,2.8.1|2.2.1|2.8.1|2.7.7|4.1.99,2050
658.0,ME.658,metacyc,PWY-1,,lathyrine biosynthesis,46071|46072|46073,,,2764
659.0,ME.659,metacyc,PWY-5867,,t-anethole biosynthesis,42984|42983,1.1.1|2.1.1.279,1.1.1|2.1.1,2239
660.0,ME.660,metacyc,PWY-6505,,L-tryptophan degradation XII (Geobacillus),44186,1.13.11.6,1.13.11,2449
661.0,ME.661,metacyc,PWY-7042,,the visual cycle (insects),33363|33365|33364,1.1.1,1.1.1,590
662.0,ME.662,metacyc,PWY-2181,,free phenylpropanoid acid biosynthesis,49818|49819|49820|49821,2.1.1.68|2.1.1.68|1.14.14.96|1.14.14,2.1.1|2.1.1|1.14.14|1.14.14,3417
663.0,ME.663,metacyc,PWY-5997,,alpha-linolenate biosynthesis I (plants and red algae),47913|47912,1.14.19.35|1.14.19.25,1.14.19|1.14.19,3108
664.0,ME.664,metacyc,PWY1F-467,,"phenylpropanoid biosynthesis, initial reactions",33188|33189|33188,4.3.1.25|1.14.14.91|4.3.1.24,4.3.1|1.14.14|4.3.1,554
665.0,ME.665,metacyc,PWY-7601,,"arachidonate biosynthesis IV (8-detaturase, lower eukaryotes)",35619|35618|35620|35621|35616|35615|35617,2.3.1|1.3.1.93|1.14.19.4|1.14.19.30|1.1.1.330|2.3.1.199|4.2.1.134,2.3.1|1.3.1|1.14.19|1.14.19|1.1.1|2.3.1|4.2.1,953
666.0,ME.666,metacyc,PWY-6909,,thiazole biosynthesis III,40861|40860,2.4.2.60,2.4.2,1869
667.0,ME.667,metacyc,PWY0-1545,,cardiolipin biosynthesis III,33136|33137|33135,3.1.3.27|2.7.8.41|2.7.8.5,3.1.3|2.7.8|2.7.8,544
668.0,ME.668,metacyc,PWY-7598,,alpha-linolenate biosynthesis II (cyanobacteria),43922,1.14.19.36,1.14.19,2401
669.0,ME.669,metacyc,PWY-7813,,thiosulfate disproportionation III (quinone),31002|31001,1.8.5.5|1.8.5.5,1.8.5|1.8.5,155
670.0,ME.670,metacyc,PWY-5294,,superpathway of sulfide oxidation (Acidithiobacillus ferrooxidans),48081|48080,,,3136
671.0,ME.671,metacyc,PWY-5269,,cardiolipin biosynthesis II,42680|42679|42681,3.1.3.27|2.7.8.5|2.7.8.41,3.1.3|2.7.8|2.7.8,2170
672.0,ME.672,metacyc,PWY-5353,,"arachidonate biosynthesis I (6-desaturase, lower eukaryotes)",43594|43596|43597|43600|43601|43595|43598|43599,1.14.19.47|1.1.1.330|4.2.1.134|2.3.1.23|1.14.19.30|2.3.1|1.3.1.93|2.3.1.23,1.14.19|1.1.1|4.2.1|2.3.1|1.14.19|2.3.1|1.3.1|2.3.1,2342
673.0,ME.673,metacyc,PWY-5668,,cardiolipin biosynthesis I,32067|32066|32065,3.1.3.27|2.7.8.41|2.7.8.5,3.1.3|2.7.8|2.7.8,349
674.0,ME.674,metacyc,PWY-5723,,Rubisco shunt,32774|32776|32775|32773|32772|32771|32770|32769|32768,2.7.1.19|2.2.1.1|2.7.1.40|2.2.1.2|2.2.1.1|4.2.1.11|4.1.1.39|5.3.1.6|5.4.2.11,2.7.1|2.2.1|2.7.1|2.2.1|2.2.1|4.2.1|4.1.1|5.3.1|5.4.2,495
675.0,ME.675,metacyc,PWY-6362,,1D-myo-inositol hexakisphosphate biosynthesis II (mammalian),41375|41373|41374|41376|41377,3.1.3.56|2.7.1.127|2.7.1.140|2.7.1.158|2.7.1.159,3.1.3|2.7.1|2.7.1|2.7.1|2.7.1,1953
676.0,ME.676,metacyc,PWY-7328,,superpathway of UDP-glucose-derived O-antigen building blocks biosynthesis,40086,5.4.99.9,5.4.99,1721
677.0,ME.677,metacyc,PWY-7509,,cardiolipin and phosphatidylethanolamine biosynthesis (Xanthomonas),48889|48890,2.7.8.41,2.7.8,3262
678.0,ME.678,metacyc,PWY-7725,,"arachidonate biosynthesis V (8-detaturase, mammals)",39659|39657|39662|39661|39658|39660,2.3.1.199|1.14.19.44|1.3.1.93|4.2.1.134|1.14.19|1.1.1.330,2.3.1|1.14.19|1.3.1|4.2.1|1.14.19|1.1.1,1651
679.0,ME.679,metacyc,PHOSLIPSYN2-PWY,,superpathway of phospholipid biosynthesis II (plants),32428|32427|32426,2.7.8.29|2.7.8.11|2.7.8.8,2.7.8|2.7.8|2.7.8,429
680.0,ME.680,metacyc,PWY-7118,,chitin degradation to ethanol,42038|42038|42038|42038|42038|42038|42037|42038|42038|42038|42038|42038|42038|42038|42038|42038|42038|42044|42044|42044|42044|42044|42044|42044|42044|42044|42044|42044|42044|42044|42044|42044|42044|42044|42044|42044|42044|42044|42043|42042|42041|42040|42039|42038|42038|42038|42038|42038,1.1.1.192|1.1.1.284|1.1.1.245|1.1.1.17|1.1.1.202|1.1.1.307|3.5.1.41|1.1.1.71|1.1.1.6|1.1.1.77|1.1.1.244|1.1.1.73|1.1.1.306|1.1.1.21|1.1.1.11|1.1.1.80|1.1.1.1|1.1.1.103|1.1.1.78|1.1.1.184|1.1.1.306|1.1.1.2|1.1.1.14|1.1.1.202|1.1.1.17|1.1.1.245|1.1.1.284|1.1.1.192|1.1.1.1|1.1.1.80|1.1.1.11|1.1.1.21|1.1.1.307|1.1.1.73|1.1.1.244|1.1.1.77|1.1.1.6|1.1.1.71|4.1.1.1|1.1.1.1|6.2.1.1|2.3.3.9|1.1.1.39|1.1.1.14|1.1.1.103|1.1.1.78|1.1.1.2|1.1.1.184,1.1.1|1.1.1|1.1.1|1.1.1|1.1.1|1.1.1|3.5.1|1.1.1|1.1.1|1.1.1|1.1.1|1.1.1|1.1.1|1.1.1|1.1.1|1.1.1|1.1.1|1.1.1|1.1.1|1.1.1|1.1.1|1.1.1|1.1.1|1.1.1|1.1.1|1.1.1|1.1.1|1.1.1|1.1.1|1.1.1|1.1.1|1.1.1|1.1.1|1.1.1|1.1.1|1.1.1|1.1.1|1.1.1|4.1.1|1.1.1|6.2.1|2.3.3|1.1.1|1.1.1|1.1.1|1.1.1|1.1.1|1.1.1,2072
681.0,ME.681,metacyc,PWY-6372,,1D-myo-inositol hexakisphosphate biosynthesis IV (Dictyostelium),44150|44151|44153|44149|44148|44147|44152,2.7.1.158|2.7.1.159|2.7.1.140|2.7.1.64|5.5.1.4,2.7.1|2.7.1|2.7.1|2.7.1|5.5.1,2440
682.0,ME.682,metacyc,PWY-762,,phospholipid desaturation,51118|51117|51121|51124|51125|51126|51127|51134|51135|51136|51128|51129|51130|51137|51131|51132|51133|51122|51123|51120|51119,1.14.19.23|1.14.19.43|1.14.19.35|1.14.19.22|1.14.19.25|1.14.19.22|1.14.19.25|1.14.19.22|1.14.19.25|1.14.19.22|1.14.19.22|1.14.19.25|1.14.19.25|1.14.19.25|1.14.19.22|1.14.19.22|1.14.19.25|1.14.19.43|1.14.19.43|1.14.19.23|1.14.19.35,1.14.19|1.14.19|1.14.19|1.14.19|1.14.19|1.14.19|1.14.19|1.14.19|1.14.19|1.14.19|1.14.19|1.14.19|1.14.19|1.14.19|1.14.19|1.14.19|1.14.19|1.14.19|1.14.19|1.14.19|1.14.19,3529
684.0,ME.684,metacyc,PWY-5070,,"gibberellin biosynthesis I (non C-3, non C-13 hydroxylation)",47247|47246|47251|47250|47249|47252|47248,1.14.11|1.14.11|1.14.11|1.14.11|1.14.20|1.14.11|1.14.11,1.14.11|1.14.11|1.14.11|1.14.11|1.14.20|1.14.11|1.14.11,2980
685.0,ME.685,metacyc,PWY-7039,,"phosphatidate metabolism, as a signaling molecule",41055|41054|41053|41057|41056,3.1.4.11|2.7.1.107|3.1.4.4|2.7.4|3.1.3.81,3.1.4|2.7.1|3.1.4|2.7.4|3.1.3,1902
686.0,ME.686,metacyc,PWY-6965,,methylamine degradation II,41042|41040|41041,2.1.1.21|6.3.4.12|1.5.99.5,2.1.1|6.3.4|1.5.99,1900
687.0,ME.687,metacyc,PWY-5352,,thiosulfate disproportionation II (cytochrome),45911,1.8.2.5,1.8.2,2738
688.0,ME.688,metacyc,PWY-4661,,1D-myo-inositol hexakisphosphate biosynthesis III (Spirodela polyrrhiza),45340|45343|45344|45342|45341|45339|45338,2.7.1.151|2.7.1.158|2.7.1.158|2.7.1.64|5.5.1.4,2.7.1|2.7.1|2.7.1|2.7.1|5.5.1,2643
689.0,ME.689,metacyc,PWY-6352,,3-phosphoinositide biosynthesis,37952|37950|37949|37948|37951|37953|37954,2.7.1.68|2.7.1.137|2.7.1.153|2.7.1.150|2.7.1.67|2.7.8.11|3.1.3.95,2.7.1|2.7.1|2.7.1|2.7.1|2.7.1|2.7.8|3.1.3,1327
690.0,ME.690,metacyc,PWY-7592,,"arachidonate biosynthesis III (6-desaturase, mammals)",40234|40236|40233|40237|40235,2.3.1|4.2.1.134|1.14.19.44|1.3.1.93|1.1.1.330,2.3.1|4.2.1|1.14.19|1.3.1|1.1.1,1758
691.0,ME.691,metacyc,PWY-6141,,archaetidylserine and archaetidylethanolamine biosynthesis,45837|45836|45835|45838|45839,2.7.8.38|1.3.1.101|2.7.8.38,2.7.8|1.3.1|2.7.8,2720
692.0,ME.692,metacyc,PWY-7804,,glyphosate degradation I,47964,1.5.3.23,1.5.3,3110
693.0,ME.693,metacyc,PWY-6992,,"1,5-anhydrofructose degradation",44038|44040|44041|44039|44037,1.1.1.292|5.3.1.8|1.14.14.1|2.7.1.7|5.3.1.9,1.1.1|5.3.1|1.14.14|2.7.1|5.3.1,2423
694.0,ME.694,metacyc,PWY-6554,,"1D-myo-inositol hexakisphosphate biosynthesis V (from Ins(1,3,4)P3)",35879|35875|35876|35877|35878,2.7.1.151|2.7.1.140|2.7.1.158|2.7.1.159|2.7.1.159,2.7.1|2.7.1|2.7.1|2.7.1|2.7.1,991
695.0,ME.695,metacyc,ASPARAGINE-BIOSYNTHESIS,,L-asparagine biosynthesis I,40905,6.3.5.4,6.3.5,1879
696.0,ME.696,metacyc,PWY-7782,,plasmalogen biosynthesis,42585|42586|42587|42589|42588|42590|42594|42593|42592|42591|42579|42580|42581|42582|42583|42584,1.1.1.101|2.7.8.1|2.7.8.2|2.3.1.42|3.1.4.3|2.5.1.26|4.1.1|1.14.19.77|3.1.3.4|2.3.1.51|2.7.1.32|2.7.1.82|2.7.7.14|2.7.7.15|2.7.8.22|1.2.1.84,1.1.1|2.7.8|2.7.8|2.3.1|3.1.4|2.5.1|4.1.1|1.14.19|3.1.3|2.3.1|2.7.1|2.7.1|2.7.7|2.7.7|2.7.8|1.2.1,2151
697.0,ME.697,metacyc,PWY-7726,,"(4Z,7Z,10Z,13Z,16Z)-docosapentaenoate biosynthesis (6-desaturase)",37279|37278|37269|37271|37268|37270|37272|37273|37274|37275|37276|37277|37280,4.2.1.17|1.3.1.93|1.3.3.6|2.3.1|1.14.19.3|2.3.1.16|2.3.1|1.1.1.330|4.2.1.134|1.3.1.93|1.1.1.330|4.2.1.134|1.1.1,4.2.1|1.3.1|1.3.3|2.3.1|1.14.19|2.3.1|2.3.1|1.1.1|4.2.1|1.3.1|1.1.1|4.2.1|1.1.1,1215
698.0,ME.698,metacyc,PWY-5035,,gibberellin biosynthesis III (early C-13 hydroxylation),43673|43672|43671|43677|43676|43675|43674,1.14.11.12|1.14.11|1.14.11.15|1.14.14|1.14.11|1.14.20|1.14.11,1.14.11|1.14.11|1.14.11|1.14.14|1.14.11|1.14.20|1.14.11,2359
699.0,ME.699,metacyc,PWY-7411,,phosphatidate biosynthesis (yeast),47038|47038|47038|47038|47042|47041|47040|47039|47038,1.1.1.261|1.1.1.8|1.1.5.3|1.1.1.1|1.1.1.101|2.3.1.42|2.3.1.51|2.3.1.15|1.1.1.94,1.1.1|1.1.1|1.1.5|1.1.1|1.1.1|2.3.1|2.3.1|2.3.1|1.1.1,2938
700.0,ME.700,metacyc,PWY-6361,,"1D-myo-inositol hexakisphosphate biosynthesis I (from Ins(1,4,5)P3)",34702|34704|34705|34706|34703,2.7.1.151|2.7.1.151|2.7.1.158|2.7.1.151|2.7.1.127,2.7.1|2.7.1|2.7.1|2.7.1|2.7.1,810
701.0,ME.701,metacyc,PWY-6967,,methylamine degradation I,36107,1.4.9.1,1.4.9,1035
702.0,ME.702,metacyc,PWY-5197,,lactate biosynthesis (archaea),40599|40598|40601|40602|40600,4.1.2.17|1.2.1.22|1.1.98.5|4.2.3,4.1.2|1.2.1|1.1.98|4.2.3,1814
703.0,ME.703,metacyc,PWY-5103,,L-isoleucine biosynthesis III,36633|36632|36638|36637|36636|36635|36634,2.6.1.42|5.4.99.1|1.1.1.86|2.6.1|4.2.1.9|4.1.1.112|2.2.1.6,2.6.1|5.4.99|1.1.1|2.6.1|4.2.1|4.1.1|2.2.1,1111
704.0,ME.704,metacyc,PWY-6367,,D-myo-inositol-5-phosphate metabolism,40761|40759|40762|40759|40760|40759,3.1.4.11|2.7.1|3.1.3.95|2.7.1.68|3.1.3.78|2.7.1.149,3.1.4|2.7.1|3.1.3|2.7.1|3.1.3|2.7.1,1847
705.0,ME.705,metacyc,PWY-7595,,stearidonate biosynthesis (cyanobacteria),47848,1.14.19.36,1.14.19,3092
706.0,ME.706,metacyc,PWY490-4,,L-asparagine biosynthesis III (tRNA-dependent),47180|47178|47179|47178|47181,6.1.1.23|3.5.1.38|6.3.5.6|3.5.1.2,6.1.1|3.5.1|6.3.5|3.5.1,2966
707.0,ME.707,metacyc,PWY-6349,,CDP-archaeol biosynthesis,41701|41704|41700|41705|41702|41703,2.5.1.41|1.3.7.11|1.1.1.94|2.7.7.67|2.5.1.42|2.7.7.67,2.5.1|1.3.7|1.1.1|2.7.7|2.5.1|2.7.7,2008
708.0,ME.708,metacyc,PWY-7806,,glyphosate degradation II,32535,1.4.3.19,1.4.3,450
709.0,ME.709,metacyc,PWY-6419,,shikimate degradation II,44907|44906,4.2.1.118|1.1.1.24,4.2.1|1.1.1,2569
710.0,ME.710,metacyc,PWY-6873,,long chain fatty acid ester synthesis (engineered),50179|50180|50181|50182,6.2.1.3|4.1.1.1|1.1.5.5|2.3.1.75,6.2.1|4.1.1|1.1.5|2.3.1,3478
711.0,ME.711,metacyc,ASPARAGINESYN-PWY,,L-asparagine biosynthesis II,46197,6.3.1.1,6.3.1,2783
712.0,ME.712,metacyc,PWY-7728,,"(4Z,7Z,10Z,13Z,16Z)-docosa-4,7,10,13,16-pentaenoate biosynthesis II (4-desaturase)",34971|34972|34969|34970|34968,1.3.1.93|1.14.19|1.1.1.330|4.2.1.134|2.3.1,1.3.1|1.14.19|1.1.1|4.2.1|2.3.1,848
713.0,ME.713,metacyc,PWY-7232,,gibberellin biosynthesis V,48360|48362|48361,1.14.11|1.14.11|1.14.11,1.14.11|1.14.11|1.14.11,3167
714.0,ME.714,metacyc,PWY-5359,,tetrathionate reductiuon II (to trithionate),37676,,,1289
715.0,ME.715,metacyc,PWY-7417,,"phospholipid remodeling (phosphatidate, yeast)",34236|34237,2.3.1.51|3.1.1.4,2.3.1|3.1.1,727
716.0,ME.716,metacyc,SHIKIMATEDEG-PWY,,shikimate degradation I,50261|50260,1.1.5.8|4.2.1.118,1.1.5|4.2.1,3487
717.0,ME.717,metacyc,GLYCOLYSIS-TCA-GLYOX-BYPASS,,"superpathway of glycolysis, pyruvate dehydrogenase, TCA, and glyoxylate bypass",40142,1.2.1.104,1.2.1,1737
718.0,ME.718,metacyc,ILEUSYN-PWY,,L-isoleucine biosynthesis I (from threonine),46124|46120|46121|46122|46122|46122|46126|46122|46123|46125,2.2.1.6|3.5.99.10|4.3.1.19|4.3.1.19|4.4.1.1|3.5.99.7|1.1.1.86|4.4.1.2|2.6.1.42|4.2.1.9,2.2.1|3.5.99|4.3.1|4.3.1|4.4.1|3.5.99|1.1.1|4.4.1|2.6.1|4.2.1,2773
719.0,ME.719,metacyc,PWY-7622,,UDP-alpha-D-galactofuranose biosynthesis,47476,5.4.99.9,5.4.99,3015
720.0,ME.720,metacyc,ASPSYNII-PWY,,cyanide detoxification I,41228|41229|41227,4.2.1.65|3.5.5.4|4.4.1.9,4.2.1|3.5.5|4.4.1,1940
721.0,ME.721,metacyc,PWY-7124,,ethylene biosynthesis V (engineered),32820|32818|32819|32819|32822|32815|32821|32816|32817,2.3.3.3|4.2.1.11|4.2.1.3|4.2.1.117|4.2.1.3|5.4.2.11|1.13.12.19|4.1.1.31|1.1.1.42,2.3.3|4.2.1|4.2.1|4.2.1|4.2.1|5.4.2|1.13.12|4.1.1|1.1.1,499
722.0,ME.722,metacyc,PWY-6350,,archaetidylinositol biosynthesis,50408|50409|50411|50410,2.7.8.39|2.7.8,2.7.8|2.7.8,3509
723.0,ME.723,metacyc,PWY-7807,,glyphosate degradation III,40787|40792|40791|40788|40790|40789|40786,2.4.2.7|4.7.1.1|3.6.1.63|2.7.4.23|2.7.8.37|3.1.4.55|7.1.3.1,2.4.2|4.7.1|3.6.1|2.7.4|2.7.8|3.1.4|7.1.3,1854
724.0,ME.724,metacyc,PWY-7924,,rubber degradation I,44830,1.13.11.85,1.13.11,2547
725.0,ME.725,metacyc,ETHYL-PWY,,ethylene biosynthesis I (plants),40782|40780|40781,1.14.17.4|4.4.1.14|2.5.1.6,1.14.17|4.4.1|2.5.1,1852
726.0,ME.726,metacyc,PWY-6728,,methylaspartate cycle,32024|32024|32024|32024|32024|32024|32024|32024|32027|32026|32025|32024|32024|32024|32022|32023|32024|32039|32038|32035|32037|32036|32034|32033|32032|32031|32030|32030|32029|32028,1.1.1.27|1.1.1.85|1.1.1.299|1.1.1.375|1.1.1.38|1.1.1.81|1.1.1.28|1.1.1.37|4.1.3.24|5.4.99.1|1.1.1.42|1.1.1.82|1.1.1.95|1.1.1.96|6.4.1.3|5.4.99.2|1.1.1.337|1.3.5.1|4.2.1.3|4.2.1.148|6.2.1.5|2.8.3.26|3.1.2.30|4.1.3.24|4.3.1.2|2.3.3.3|4.2.1.117|4.2.1.3|1.4.1.2|4.2.1.2,1.1.1|1.1.1|1.1.1|1.1.1|1.1.1|1.1.1|1.1.1|1.1.1|4.1.3|5.4.99|1.1.1|1.1.1|1.1.1|1.1.1|6.4.1|5.4.99|1.1.1|1.3.5|4.2.1|4.2.1|6.2.1|2.8.3|3.1.2|4.1.3|4.3.1|2.3.3|4.2.1|4.2.1|1.4.1|4.2.1,343
727.0,ME.727,metacyc,PWY-7277,,sphingolipid biosynthesis (mammals),38696|38698|38697,3.5.1.109|3.1.4.12|2.7.8.27,3.5.1|3.1.4|2.7.8,1481
728.0,ME.728,metacyc,PWY-7152,,pinolenate and coniferonate biosynthesis,30932|30933,1.14.19.12|1.14.19.12,1.14.19|1.14.19,138
729.0,ME.729,metacyc,PWY-5036,,gibberellin biosynthesis II (early C-3 hydroxylation),40153|40155|40154|40152,1.14.11|1.14.20|1.14.11|1.14.11,1.14.11|1.14.20|1.14.11|1.14.11,1741
730.0,ME.730,metacyc,PWY-4361,,S-methyl-5-thio-alpha-D-ribose 1-phosphate degradation I,44117|44113|44114|44115|44116|44117|44118|44119,3.5.1.3|5.3.1.23|5.3.2.5|3.1.3.87|4.2.1.109|3.5.1.111|2.6.1.117|1.13.11.54,3.5.1|5.3.1|5.3.2|3.1.3|4.2.1|3.5.1|2.6.1|1.13.11,2436
731.0,ME.731,metacyc,PWY-6853,,ethylene biosynthesis II (microbes),46763|46764|46760|46761|46762,1.2.1.88|1.13.12.19|1.14.11.41,1.2.1|1.13.12|1.14.11,2881
732.0,ME.732,metacyc,PWY-7925,,rubber degradation II,46084,1.13.11.87,1.13.11,2766
733.0,ME.733,metacyc,PWY-6854,,ethylene biosynthesis III (microbes),44622|44621|44620,2.6.1.88,2.6.1,2510
734.0,ME.734,metacyc,PWY0-1517,,sedoheptulose bisphosphate bypass,36429|36430,4.1.2.13|2.7.1,4.1.2|2.7.1,1092
735.0,ME.735,metacyc,PWY-5104,,L-isoleucine biosynthesis IV,36786|36785|36787|36783|36784|36782,4.2.1.9|2.2.1.6|1.1.1.383|1.2.7.7|2.6.1.42|6.2.1.17,4.2.1|2.2.1|1.1.1|1.2.7|2.6.1|6.2.1,1135
736.0,ME.736,metacyc,PWY-7169,,hyperxanthone E biosynthesis,50350|50351,2.3.1.220|2.5.1,2.3.1|2.5.1,3502
737.0,ME.737,metacyc,PWY-7619,,juniperonate biosynthesis,45685|45683|45684|45686|45682,4.2.1.134|1.1.1.330|1.3.1.93|2.3.1.199|1.14.19.37,4.2.1|1.1.1|1.3.1|2.3.1|1.14.19,2700
738.0,ME.738,metacyc,ILEUDEG-PWY,,L-isoleucine degradation I,33036|33033|33034|33035|33037|33032,1.2.1.25|2.6.1.42|2.3.1.16|4.2.1.150|1.3.8.5|1.1.1.178,1.2.1|2.6.1|2.3.1|4.2.1|1.3.8|1.1.1,529
739.0,ME.739,metacyc,PWY-5725,,farnesene biosynthesis,49856|49855|49857,4.2.3.47|4.2.3.46|4.2.3,4.2.3|4.2.3|4.2.3,3429
740.0,ME.740,metacyc,PWY-7590,,"(7Z,10Z,13Z)-hexadecatrienoate biosynthesis",44006|44007|44005,1.14.19.42|1.14.19.35|1.14.19.23,1.14.19|1.14.19|1.14.19,2416
741.0,ME.741,metacyc,PWY-5047,,gibberellin biosynthesis IV (Gibberella fujikuroi),34520|34519|34525|34528|34524|34516|34522|34518|34527|34523|34521|34526|34517,1.14.14|1.14.14|1.14.14|1.14.14|1.14.14|1.14.19|1.14.14,1.14.14|1.14.14|1.14.14|1.14.14|1.14.14|1.14.19|1.14.14,776
742.0,ME.742,metacyc,PWY-7174,,S-methyl-5-thio-alpha-D-ribose 1-phosphate degradation II,38345|38344|38346|38347,2.5.1.49|5.3.1.23,2.5.1|5.3.1,1414
743.0,ME.743,metacyc,PWY-4002,,L-asparagine degradation II,47227|47225|47226,3.5.1.3|2.6.1.14,3.5.1|2.6.1,2975
744.0,ME.744,metacyc,PWY-5287,,sanguinarine and macarpine biosynthesis,48433|48434|48435|48431|48436|48437|48438|48430|48429|48428|48427|48426|48425|48424|48423|48432,1.14.19.64|1.14.14.98|1.14.14.100|2.1.1|1.14.14.101|1.14.19.65|1.14.19.73|1.3.1.107|1.5.3.12|2.1.1.120|2.1.1.119|1.5.3.12|1.3.1.107|1.5.3.12|1.21.3.3,1.14.19|1.14.14|1.14.14|2.1.1|1.14.14|1.14.19|1.14.19|1.3.1|1.5.3|2.1.1|2.1.1|1.5.3|1.3.1|1.5.3|1.21.3,3183
745.0,ME.745,metacyc,TOLUENE-DEG-DIOL-PWY,,toluene degradation to 2-hydroxypentadienoate (via toluene-cis-diol),41294|41293|41295|41292|41291|41292|41292|41292|41292,3.7.1.25|1.3.1.19|1.13.11.2|1.13.11.39|1.14.12.11|1.13.11.56|1.13.11.2|1.13.11|1.13.11.16,3.7.1|1.3.1|1.13.11|1.13.11|1.14.12|1.13.11|1.13.11|1.13.11|1.13.11,1946
746.0,ME.746,metacyc,PWY0-41,,allantoin degradation IV (anaerobic),46036|46033|46034|46034|46035|46035|46035|46035|46032,2.1.3.5|1.1.1.350|3.5.1.110|4.2.1.104|2.7.2.2|6.3.4.16|6.3.5.5|6.3.4.14|1.1.1.154,2.1.3|1.1.1|3.5.1|4.2.1|2.7.2|6.3.4|6.3.5|6.3.4|1.1.1,2755
747.0,ME.747,metacyc,PWY-7126,,ethylene biosynthesis IV (engineered),44846|44847|44845,1.13.12.19|1.14.20.7|1.4.1.2,1.13.12|1.14.20|1.4.1,2553
748.0,ME.748,metacyc,PWY-4821,,UDP-alpha-D-xylose biosynthesis,30992,4.1.1.35,4.1.1,152
749.0,ME.749,metacyc,PWY-6598,,sciadonate biosynthesis,34457|34458|34456|34455|34454,4.2.1.134|1.3.1.93|1.1.1.330|2.3.1.199|1.14.19.37,4.2.1|1.3.1|1.1.1|2.3.1|1.14.19,764
750.0,ME.750,metacyc,ASPARAGINE-DEG1-PWY,,L-asparagine degradation I,47700|47700,3.5.1.1|3.5.1.38,3.5.1|3.5.1,3059
751.0,ME.751,metacyc,PWY-7193,,pyrimidine ribonucleosides salvage I,34659|34659|34658|34657,2.7.1.213|2.7.1.48|2.7.1.48|3.5.4.5,2.7.1|2.7.1|2.7.1|3.5.4,797
752.0,ME.752,metacyc,PWY-5078,,L-isoleucine degradation II,47804|47806|47805,4.1.1.72|2.6.1.42|1.1.1.1,4.1.1|2.6.1|1.1.1,3078
753.0,ME.753,metacyc,PWY66-162,,ethanol degradation IV,39556|39558|39557,6.2.1.1|1.11.1.6|1.2.1.3,6.2.1|1.11.1|1.2.1,1631
754.0,ME.754,metacyc,PWY-5697,,allantoin degradation to ureidoglycolate I (urea producing),38179|38178,3.5.2.5|3.5.3.4,3.5.2|3.5.3,1373
755.0,ME.755,metacyc,PWY-5996,,oleate biosynthesis II (animals and fungi),43652|43653,1.14.19.1|3.1.2.2,1.14.19|3.1.2,2354
756.0,ME.756,metacyc,PWY-6653,,ent -kaurene biosynthesis II,40133|40134,4.2.3.19,4.2.3,1734
757.0,ME.757,metacyc,PWY-7627,,"2,4,6-trinitrophenol and 2,4-dinitrophenol degradation",33176|33175|33177|33173|33174|33171|33172,1.3.98|5.3.99|1.7.1,1.3.98|5.3.99|1.7.1,550
758.0,ME.758,metacyc,ASPARAGINE-DEG1-PWY-1,,L-asparagine degradation III (mammalian),35869|35867|35867|35868,3.5.1.26|3.5.1.1|3.5.1.38|2.6.1.1,3.5.1|3.5.1|3.5.1|2.6.1,988
759.0,ME.759,metacyc,PWY-7522,,(R)-canadine biosynthesis,41848|41849,,,2037
760.0,ME.760,metacyc,TOLUENE-DEG-3-OH-PWY,,toluene degradation to 2-hydroxypentadienoate (via 4-methylcatechol),42737|42738|42739|42740,4.1.3.43|1.14.13.236|1.14.13.236|1.13.11.2,4.1.3|1.14.13|1.14.13|1.13.11,2186
761.0,ME.761,metacyc,PWY66-21,,ethanol degradation II,44600|44600|44600|44600|44600|44600|44600|44600|44600|44600|44600|44596|44596|44596|44596|44596|44596|44596|44596|44596|44596|44596|44596|44596|44596|44596|44596|44596|44596|44596|44596|44596|44597|44598|44599|44600|44600|44600|44600|44600|44600|44600|44600|44600|44600,1.1.1.77|1.1.1.284|1.1.1.245|1.1.1.17|1.1.1.202|1.1.1.14|1.1.1.2|1.1.1.306|1.1.1.184|1.1.1.78|1.1.1.103|1.1.1.71|1.1.1.6|1.1.1.77|1.1.1.244|1.1.1.73|1.1.1.307|1.1.1.21|1.1.1.11|1.1.1.80|1.1.1.1|1.1.1.192|1.1.1.284|1.1.1.245|1.1.1.17|1.1.1.202|1.1.1.14|1.1.1.2|1.1.1.306|1.1.1.184|1.1.1.78|1.1.1.103|6.2.1.1|1.1.1.1|1.2.1.3|1.1.1.71|1.1.1.6|1.1.1.244|1.1.1.73|1.1.1.307|1.1.1.21|1.1.1.11|1.1.1.80|1.1.1.1|1.1.1.192,1.1.1|1.1.1|1.1.1|1.1.1|1.1.1|1.1.1|1.1.1|1.1.1|1.1.1|1.1.1|1.1.1|1.1.1|1.1.1|1.1.1|1.1.1|1.1.1|1.1.1|1.1.1|1.1.1|1.1.1|1.1.1|1.1.1|1.1.1|1.1.1|1.1.1|1.1.1|1.1.1|1.1.1|1.1.1|1.1.1|1.1.1|1.1.1|6.2.1|1.1.1|1.2.1|1.1.1|1.1.1|1.1.1|1.1.1|1.1.1|1.1.1|1.1.1|1.1.1|1.1.1|1.1.1,2505
762.0,ME.762,metacyc,PWY-7205,,CMP phosphorylation,40500|40501|40501,2.7.4.6|2.7.4.14|2.7.4.25,2.7.4|2.7.4|2.7.4,1792
763.0,ME.763,metacyc,PWY-5108,,L-isoleucine biosynthesis V,31550|31549|31548,6.2.1.1|1.2.7.7|2.6.1.42,6.2.1|1.2.7|2.6.1,248
764.0,ME.764,metacyc,PWY-5945,,"violaxanthin, antheraxanthin and zeaxanthin interconversion",39194|39192|39191|39193,1.14.15.21|1.23.5.1|1.23.5.1|1.14.15.21,1.14.15|1.23.5|1.23.5|1.14.15,1565
765.0,ME.765,metacyc,ETOH-ACETYLCOA-ANA-PWY,,ethanol degradation I,48956|48956|48956|48956|48956|48956|48956|48956|48956|48956|48956|48956|48956|48956|48956|48956|48956|48956|48956|48956|48956|48957|48958|48959|48959|48959|48959|48959|48959|48959|48959|48959|48959|48959|48959|48959|48959|48959|48959|48959|48959|48959|48959|48959,1.1.1.244|1.1.1.71|1.1.1.6|1.1.1.77|1.1.1.73|1.1.1.307|1.1.1.21|1.1.1.11|1.1.1.80|1.1.1.1|1.1.1.192|1.1.1.284|1.1.1.245|1.1.1.17|1.1.1.202|1.1.1.14|1.1.1.2|1.1.1.306|1.1.1.184|1.1.1.78|1.1.1.103|1.2.1.10|1.1.1.1|1.1.1.71|1.1.1.6|1.1.1.77|1.1.1.244|1.1.1.73|1.1.1.307|1.1.1.21|1.1.1.11|1.1.1.80|1.1.1.1|1.1.1.192|1.1.1.284|1.1.1.245|1.1.1.17|1.1.1.202|1.1.1.14|1.1.1.2|1.1.1.306|1.1.1.184|1.1.1.78|1.1.1.103,1.1.1|1.1.1|1.1.1|1.1.1|1.1.1|1.1.1|1.1.1|1.1.1|1.1.1|1.1.1|1.1.1|1.1.1|1.1.1|1.1.1|1.1.1|1.1.1|1.1.1|1.1.1|1.1.1|1.1.1|1.1.1|1.2.1|1.1.1|1.1.1|1.1.1|1.1.1|1.1.1|1.1.1|1.1.1|1.1.1|1.1.1|1.1.1|1.1.1|1.1.1|1.1.1|1.1.1|1.1.1|1.1.1|1.1.1|1.1.1|1.1.1|1.1.1|1.1.1|1.1.1,3274
766.0,ME.766,metacyc,PWY-7007,,methyl ketone biosynthesis (engineered),35771|35777|35779|35779|35779|35776|35779|35778|35775|35774|35773|35773|35773|35772,4.2.1.17|4.1.1|4.2.1.17|4.2.1.74|4.2.1.119|3.1.2|4.2.1.134|1.3.3.6|6.2.1|1.1.1.36|1.1.1.211|1.1.1.35|4.2.1.119,4.2.1|4.1.1|4.2.1|4.2.1|4.2.1|3.1.2|4.2.1|1.3.3|6.2.1|1.1.1|1.1.1|1.1.1|4.2.1,974
767.0,ME.767,metacyc,PWY-5272,,abscisic acid degradation by glucosylation,35597|35596,2.4.1.263|3.2.1.175,2.4.1|3.2.1,946
768.0,ME.768,metacyc,P421-PWY,,4-nitrotoluene degradation I,47582|47581|47580,1.14.15|1.1.3|1.2.1.29,1.14.15|1.1.3|1.2.1,3033
769.0,ME.769,metacyc,PWY-2861,,biochanin A conjugates interconversion,44978|44981|44979|44980|44980,2.3.1.115|2.4.1.170|3.2.1.161|3.2.1.21,2.3.1|2.4.1|3.2.1|3.2.1,2587
770.0,ME.770,metacyc,PWY-7587,,oleate biosynthesis III (cyanobacteria),40703|40702|40701|40700,2.3.1.15|2.3.1.51|2.3.1.15|1.14.19.28,2.3.1|2.3.1|2.3.1|1.14.19,1834
771.0,ME.771,metacyc,PWY-6797,,6-hydroxymethyl-dihydropterin diphosphate biosynthesis II (Methanocaldococcus),46807|46802|46804|46805|46806|46801|46803,3.6.1|2.7.6.3|3.1.4.56|3.5.4.39|3.6.1|4.1.2.25|3.1.4.56,3.6.1|2.7.6|3.1.4|3.5.4|3.6.1|4.1.2|3.1.4,2890
772.0,ME.772,metacyc,PWY66-161,,ethanol degradation III,32606|32608|32607,6.2.1.1|1.14.14|1.2.1.3,6.2.1|1.14.14|1.2.1,467
773.0,ME.773,metacyc,PWY-2345,,genistein conjugates interconversion,38195|38194|38194|38194|38194|38197|38196,2.3.1.115|3.2.1.62|3.2.1.21|3.2.1.108|3.2.1.161|2.4.1.170,2.3.1|3.2.1|3.2.1|3.2.1|3.2.1|2.4.1,1380
774.0,ME.774,metacyc,PWY-7194,,pyrimidine nucleobases salvage II,38472,3.5.4.1,3.5.4,1442
775.0,ME.775,metacyc,PWY-5675,,nitrate reduction V (assimilatory),39479|39478|39477|39477|39477|39476,6.3.1.2|1.7.1.4|1.4.1.4|1.4.1.13|1.4.1.3|1.7.1.2,6.3.1|1.7.1|1.4.1|1.4.1|1.4.1|1.7.1,1617
776.0,ME.776,metacyc,PWY-7772,,gamma-resorcylate degradation II,49252|49253|49254|49255,1.3.1.32|1.13.11.37|1.14.13.220|4.1.1.103,1.3.1|1.13.11|1.14.13|4.1.1,3325
777.0,ME.777,metacyc,PWY-7949,,diadinoxanthin and diatoxanthin interconversion,38622|38623,1.23.5|1.14.13,1.23.5|1.14.13,1465
778.0,ME.778,metacyc,PWY-7664,,oleate biosynthesis IV (anaerobic),37477|37476|37475|37474|37474|37473|37472|37471|37470|37470|37469|37481|37480|37479|37478|37478|37482,1.3.1.9|4.2.1.59|1.1.1.100|2.3.1.179|2.3.1.41|1.3.1.9|4.2.1.59|1.1.1.100|2.3.1.179|2.3.1.41|5.3.3.14|1.3.1.9|4.2.1.59|1.1.1.100|2.3.1.179|2.3.1.41|4.2.1.59,1.3.1|4.2.1|1.1.1|2.3.1|2.3.1|1.3.1|4.2.1|1.1.1|2.3.1|2.3.1|5.3.3|1.3.1|4.2.1|1.1.1|2.3.1|2.3.1|4.2.1,1246
779.0,ME.779,metacyc,PWY-5277,,thiosulfate disproportionation I (thiol-dependent),32457,2.8.1.3,2.8.1,434
780.0,ME.780,metacyc,PWY-7056,,daphnin interconversion,43678|43679,2.4.1.104|3.2.1,2.4.1|3.2.1,2360
781.0,ME.781,metacyc,PWY-5644,,4-nitrotoluene degradation II,47351|47343|47344|47345|47346|47347|47348|47349|47350,4.2.1|4.1.3.43|5.4.4.1|1.7.1|1.1.99|1.2.1.32|1.13.11.74|3.5.99.5|4.1.1.77,4.2.1|4.1.3|5.4.4|1.7.1|1.1.99|1.2.1|1.13.11|3.5.99|4.1.1,2994
782.0,ME.782,metacyc,PWY-6012,,acyl carrier protein metabolism,37450|37451,3.1.4.14|2.7.8.7,3.1.4|2.7.8,1240
783.0,ME.783,metacyc,PWY-6337,,dehydroscoulerine biosynthesis,46475|46474,1.21.3|1.21.3.3,1.21.3|1.21.3,2831
784.0,ME.784,metacyc,PWY-7703,,"2,4-xylenol degradation to protocatechuate",36951|36947|36948|36952|36953|36950|36949,1.2.1.96|1.14.13|1.1|1.2.1,1.2.1|1.14.13|1.1|1.2.1,1164
785.0,ME.785,metacyc,PWY-5835,,geranyl acetate biosynthesis,39776|39775,2.3.1.84|3.1.1,2.3.1|3.1.1,1676
786.0,ME.786,metacyc,PWY-7539,,6-hydroxymethyl-dihydropterin diphosphate biosynthesis III (Chlamydia),46893|46891|46892|46894|46890,3.5.4.25|2.7.6.3|4.2.1.160|3.6.1|4.1.2.25,3.5.4|2.7.6|4.2.1|3.6.1|4.1.2,2906
787.0,ME.787,metacyc,PWY-6556,,pyrimidine ribonucleosides salvage II,49945|49946,3.5.4.5|3.2.2.3,3.5.4|3.2.2,3443
788.0,ME.788,metacyc,PWY-2904,,formononetin conjugates interconversion,31095|31094|31097|31096|31096,2.4.1.170|2.3.1.115|3.2.1.21|3.2.1.161,2.4.1|2.3.1|3.2.1|3.2.1,178
789.0,ME.789,metacyc,PWY-5101,,L-isoleucine biosynthesis II,47801|47801|47797|47800|47799|47798|47796|47803|47802,4.2.1.35|4.2.1.33|4.2.1.9|2.2.1.6|2.6.1.42|4.2.1.35|1.1.1.383|1.1.1,4.2.1|4.2.1|4.2.1|2.2.1|2.6.1|4.2.1|1.1.1|1.1.1,3077
790.0,ME.790,metacyc,PWY-5698,,allantoin degradation to ureidoglycolate II (ammonia producing),35315|35314|35313,3.5.3.9|3.5.2.5|3.5.3.26,3.5.3|3.5.2|3.5.3,899
791.0,ME.791,metacyc,PWY-6876,,isopropanol biosynthesis (engineered),36116|36115|36119|36119|36118|36117,1.1.1.80|3.1.2.11|2.3.1.9|2.3.1.16|4.1.1.4|1.2.7.1,1.1.1|3.1.2|2.3.1|2.3.1|4.1.1|1.2.7,1038
792.0,ME.792,metacyc,PWY-2561,,medicarpin conjugates interconversion,47300|47297|47298|47299,2.4.1.170|2.3.1.115,2.4.1|2.3.1,2986
793.0,ME.793,metacyc,PWY-5641,,2-nitrotoluene degradation,47701|47702|47701|47701|47701|47701|47703|47704,1.13.11.56|3.7.1.25|1.13.11.39|1.13.11.16|1.13.11|1.13.11.2|1.13.11.2|1.14.12.23,1.13.11|3.7.1|1.13.11|1.13.11|1.13.11|1.13.11|1.13.11|1.14.12,3060
794.0,ME.794,metacyc,PWY-801,,homocysteine and cysteine interconversion,45494|45495|45496|45497,4.4.1.1|4.4.1.13|4.2.1.22|2.5.1.48,4.4.1|4.4.1|4.2.1|2.5.1,2662
795.0,ME.795,metacyc,PWY-5147,,oleate biosynthesis I (plants),45489|45489|45490|45487|45488|45489|45489,3.1.2.14|3.1.2.20|3.1.2.14|1.14.19.2|6.2.1.3|3.1.2.2|3.1.2.21,3.1.2|3.1.2|3.1.2|1.14.19|6.2.1|3.1.2|3.1.2,2659
796.0,ME.796,metacyc,PWY-7852,,6-hydroxymethyl-dihydropterin diphosphate biosynthesis IV (Plasmodium),39286|39285|39284,3.5.4.16|4.1.2.60|2.7.6.3,3.5.4|4.1.2|2.7.6,1590
797.0,ME.797,metacyc,PWY-5665,,vanillin biosynthesis I,43103|43104|43105,2.1.1|3.7.1|1.14.14.1,2.1.1|3.7.1|1.14.14,2260
798.0,ME.798,metacyc,PWY-7057,,cichoriin interconversion,34605|34606,2.4.1.104|3.2.1,2.4.1|3.2.1,789
799.0,ME.799,metacyc,PWY490-3,,nitrate reduction VI (assimilatory),48407|48404|48404|48406|48405|48404,6.3.1.2|1.4.1.3|1.4.1.4|1.7.7.2|1.7.7.1|1.4.1.13,6.3.1|1.4.1|1.4.1|1.7.7|1.7.7|1.4.1,3178
800.0,ME.800,metacyc,PWY-7773,,gamma-resorcylate degradation I,31482|31479|31481|31480,4.1.1.103|1.3.1.32|1.14.14.27|1.13.11.37,4.1.1|1.3.1|1.14.14|1.13.11,241
801.0,ME.801,metacyc,PWY-6303,,methyl indole-3-acetate interconversion,47812|47811,3.1.1.1|2.1.1.278,3.1.1|2.1.1,3081
802.0,ME.802,metacyc,PWY-5692,,allantoin degradation to glyoxylate II,38286|38285,3.5.3.26|3.5.1.116,3.5.3|3.5.1,1402
803.0,ME.803,metacyc,GLYOXYLATE-BYPASS,,glyoxylate cycle,34625|34627|34626|34627|34625|34625|34625|34628|34625|34625|34629|34630|34625|34625|34625|34625|34625|34625,1.1.1.337|4.2.1.3|4.1.3.1|4.2.1.117|1.1.1.82|1.1.1.95|1.1.1.96|2.3.3.3|1.1.1.37|1.1.1.28|2.3.3.9|4.2.1.3|1.1.1.81|1.1.1.38|1.1.1.375|1.1.1.299|1.1.1.85|1.1.1.27,1.1.1|4.2.1|4.1.3|4.2.1|1.1.1|1.1.1|1.1.1|2.3.3|1.1.1|1.1.1|2.3.3|4.2.1|1.1.1|1.1.1|1.1.1|1.1.1|1.1.1|1.1.1,792
804.0,ME.804,metacyc,PWY-5926,,afrormosin conjugates interconversion,40143|40145|40144,2.4.1,2.4.1,1738
805.0,ME.805,metacyc,PWY-6051,,"2,4,6-trinitrotoluene degradation",32471|32473|32469|32467|32464|32465|32472|32470|32468|32466|32462|32463,1.7.99|2.4.1|2.4.1|2.4.1|1.7.99|2.4.1|2.4.1|2.4.1|1.7.99|1.7.99,1.7.99|2.4.1|2.4.1|2.4.1|1.7.99|2.4.1|2.4.1|2.4.1|1.7.99|1.7.99,437
806.0,ME.806,metacyc,PWY-5470,,palmatine biosynthesis,41911|41912|41913|41909|41908|41910,2.1.1.118|2.1.1.89|1.3.3.8|1.21.3.3|2.1.1.117|1.3.3.8,2.1.1|2.1.1|1.3.3|1.21.3|2.1.1|1.3.3,2049
807.0,ME.807,metacyc,TOLUENE-DEG-4-OH-PWY,,toluene degradation to 4-methylphenol,43250,1.14.13.236,1.14.13,2286
808.0,ME.808,metacyc,PWY-2701,,maackiain conjugates interconversion,46896|46897|46898|46899,2.3.1.115|2.4.1.170,2.3.1|2.4.1,2908
809.0,ME.809,metacyc,PWY-6147,,6-hydroxymethyl-dihydropterin diphosphate biosynthesis I,49157|49158|49154|49155|49156,3.5.4.16|3.6.1|4.1.2.25|2.7.6.3|3.6.1.67,3.5.4|3.6.1|4.1.2|2.7.6|3.6.1,3305
810.0,ME.810,metacyc,PWY-7199,,pyrimidine deoxyribonucleosides salvage,48346|48345|48344|48344|48343|48347|48346|48348|48349,2.7.1.145|2.7.1.74|2.7.1.21|2.7.1.145|3.5.4.5|2.1.1.45|2.7.1.21|2.1.1.45|2.1.1.45,2.7.1|2.7.1|2.7.1|2.7.1|3.5.4|2.1.1|2.7.1|2.1.1|2.1.1,3164
811.0,ME.811,metacyc,PWY-2343,,daidzein conjugates interconversion,32184|32185|32187|32186,3.2.1|2.3.1.115|2.4.1.170,3.2.1|2.3.1|2.4.1,374
812.0,ME.812,metacyc,PWY-7075,,phenylethyl acetate biosynthesis,50368,2.3.1.224,2.3.1,3505
813.0,ME.813,metacyc,PWY-5705,,allantoin degradation to glyoxylate III,30838,4.3.2.3,4.3.2,122
814.0,ME.814,metacyc,PWY-6859,,all-trans-farnesol biosynthesis,31984|31982|31981|31983,3.1.7.6|2.5.1.10|5.3.3.2|2.5.1.1,3.1.7|2.5.1|5.3.3|2.5.1,334
815.0,ME.815,metacyc,PWY-5877,,beta-carboline biosynthesis,40176|40179|40174|40174|40177|40178|40175,4.1.1.105|4.1.1.28|1.1|1.1,4.1.1|4.1.1|1.1|1.1,1747
816.0,ME.816,metacyc,PWY-6972,,oleandomycin activation/inactivation,32846|32848|32847,2.4.1|7.6.2.2|3.2.1,2.4.1|7.6.2|3.2.1,502
817.0,ME.817,metacyc,PWY-7853,,6-hydroxymethyl-dihydropterin diphosphate biosynthesis V (Pyrococcus),36331|36332|36330|36333,3.1.4.56|4.1.2.59|2.7.6.3|3.5.4.39,3.1.4|4.1.2|2.7.6|3.5.4,1077
818.0,ME.818,metacyc,PWY-7195,,pyrimidine ribonucleosides salvage III,41587|41588,3.5.4.1|3.2.2.3,3.5.4|3.2.2,1987
819.0,ME.819,metacyc,PWY-381,,nitrate reduction II (assimilatory),47990|47988|47988|47989,6.3.1.2|1.7.1.2|1.7.1.1|1.7.7.1,6.3.1|1.7.1|1.7.1|1.7.7,3119
820.0,ME.820,metacyc,PWY-5662,,glucosylglycerate biosynthesis I,32455|32456,3.1.3.85|2.4.1.266,3.1.3|2.4.1,433
821.0,ME.821,metacyc,PWY-5694,,allantoin degradation to glyoxylate I,46288,4.3.2.3,4.3.2,2798
822.0,ME.822,metacyc,RUMP-PWY,,formaldehyde oxidation I,42295|42296|42294|42293|42297|42292,4.1.2.43|5.3.1.27|1.1.1.363|5.3.1.9|1.1.1.343|3.1.1.31,4.1.2|5.3.1|1.1.1|5.3.1|1.1.1|3.1.1,2104
823.0,ME.823,metacyc,PWY-5034,,GA12 biosynthesis,37615|37614|37612|37616|37617|37613,,,1272
824.0,ME.824,metacyc,PWY-6690,,cinnamate and 3-hydroxycinnamate degradation to 2-hydroxypentadienoate,50318|50315|50316|50317|50319,1.13.11.16|1.3.1.87|1.14.13.127|3.7.1.14|1.14.12.19,1.13.11|1.3.1|1.14.13|3.7.1|1.14.12,3494
825.0,ME.825,metacyc,PWY-7044,,5-nitroanthranilate degradation,44060|44062|44061|44064|44063,3.5.99.8|1.13.11.64|1.13.11.64|3.7.1|3.1.1.91,3.5.99|1.13.11|1.13.11|3.7.1|3.1.1,2427
826.0,ME.826,metacyc,PWY-3901,,berberine biosynthesis,40829|40831|40828|40830,1.3.3.8|1.14.19.68|2.1.1.117|1.21.3.3,1.3.3|1.14.19|2.1.1|1.21.3,1860
827.0,ME.827,metacyc,PWY-81,,toluene degradation to benzoyl-CoA (anaerobic),40991|40989|40990|40988|40987|40986,1.3.8.3|1.1.1|4.2.1|4.1.99.11|2.8.3.15,1.3.8|1.1.1|4.2.1|4.1.99|2.8.3,1892
828.0,ME.828,metacyc,PWY-6614,,tetrahydrofolate biosynthesis,44032|44031|44030|44029,1.5.1.3|2.5.1.15|1.5.1.3|6.3.2.12,1.5.1|2.5.1|1.5.1|6.3.2,2420
829.0,ME.829,metacyc,PWY-7183,,pyrimidine nucleobases salvage I,44873,2.4.2.9,2.4.2,2560
830.0,ME.830,metacyc,PWY-5123,,"trans, trans-farnesyl diphosphate biosynthesis",38353|38352|38351,2.5.1.1|2.5.1.10|5.3.3.2,2.5.1|2.5.1|5.3.3,1417
831.0,ME.831,metacyc,PWY-7788,,erythritol degradation II,33257|33258|33259,2.7.1.210|5.3.1.34,2.7.1|5.3.1,568
832.0,ME.832,metacyc,PWY0-1315,,L-lactaldehyde degradation (anaerobic),31691,1.1.1.77,1.1.1,275
833.0,ME.833,metacyc,PWY-5741,,ethylmalonyl-CoA pathway,36569|36572|36571|36570|36566|36568|36568|36573|36575|36567|36574,5.4.99.63|4.2.1.148|4.1.3.24|1.3.1.85|4.1.3.24|2.3.1.9|2.3.1.16|1.1.1.36|1.3.8.12|4.2.1.55|6.2.1.9,5.4.99|4.2.1|4.1.3|1.3.1|4.1.3|2.3.1|2.3.1|1.1.1|1.3.8|4.2.1|6.2.1,1105
834.0,ME.834,metacyc,PWY-5292,,"vindoline, vindorosine and vinblastine biosynthesis",48709|48717|48705|48704|48703|48702|48701|48699|48698|48696|48695|48694|48711|48693|48692|48713|48691|48707|48700|48714|48690|48712|48710|48715|48716|48708|48718|48706|48697,1.11.1|2.3.1.107|1.14.11.20|2.1.1.99|1.14.14.50|1.14.14.50|1.3.1.36|1.14.14.103|2.3.1.107|2.1.1.94|1.1.99.41|1.1.99.41|2.1.1.99|1.14.11.20|3.2.1.105,1.11.1|2.3.1|1.14.11|2.1.1|1.14.14|1.14.14|1.3.1|1.14.14|2.3.1|2.1.1|1.1.99|1.1.99|2.1.1|1.14.11|3.2.1,3231
835.0,ME.835,metacyc,PWY-7403,,tetramethylpyrazine degradation,31220|31219|31218|31221|31217,3.5.1|1.1.1|3.5.1|1.14.12,3.5.1|1.1.1|3.5.1|1.14.12,199
836.0,ME.836,metacyc,PWY-7789,,erythritol degradation I,36126|36123|36124|36125,2.7.1.215|1.1.1.402|5.3.1.33|5.3.1.34,2.7.1|1.1.1|5.3.1|5.3.1,1040
837.0,ME.837,metacyc,PWY-1263,,taurine degradation I,32616,2.6.1.77,2.6.1,471
838.0,ME.838,metacyc,PWY-6613,,"tetrahydrofolate salvage from 5,10-methenyltetrahydrofolate",33854|33856|33855,3.5.4.9|2.1.2.2|2.1.2.2,3.5.4|2.1.2|2.1.2,668
839.0,ME.839,metacyc,PWY-6685,,glucosylglycerate biosynthesis II,33499,2.4.1.268,2.4.1,616
840.0,ME.840,metacyc,PWY-5817,,dodecaprenyl diphosphate biosynthesis,45099,2.5.1,2.5.1,2609
841.0,ME.841,metacyc,PWY-7787,,L-threitol degradation,38376|38373|38374|38375,2.7.1.209|5.3.1.33|5.3.1.34,2.7.1|5.3.1|5.3.1,1425
842.0,ME.842,metacyc,PWY-7178,,ethylene glycol biosynthesis (engineered),31910|31907|31909|31908,4.1.2.28|4.2.1.82|1.1.1.2,4.1.2|4.2.1|1.1.1,316
843.0,ME.843,metacyc,PWY-5032,,ent-kaurene biosynthesis I,39597|39596,4.2.3.19|5.5.1.14,4.2.3|5.5.1,1637
844.0,ME.844,metacyc,P281-PWY,,3-phenylpropanoate degradation,32076|32070|32071|32075|32074|32073|32072,4.2.1|1.3.1|2.3.1.16|1.14.13.58,4.2.1|1.3.1|2.3.1|1.14.13,351
845.0,ME.845,metacyc,PWY-7628,,"2,4-dinitroanisole degradation",39627,3.3.2.14,3.3.2,1644
846.0,ME.846,metacyc,TOLUENE-DEG-CATECHOL-PWY,,toluene degradation to benzoate,46765|46766|46767,1.2.1.28|1.1.1.90|1.14.15.26,1.2.1|1.1.1|1.14.15,2882
847.0,ME.847,metacyc,PWY-8030,,coptisine biosynthesis,35037|35036|35035|35034,1.3.3.8|1.14.19.65|1.14.19.64|1.21.3.3,1.3.3|1.14.19|1.14.19|1.21.3,864
848.0,ME.848,metacyc,PWY-7237,,"myo-, chiro- and scyllo-inositol degradation",41561|41560|41559,1.1.1.370|1.1.1.369|1.1.1.18,1.1.1|1.1.1|1.1.1,1980
849.0,ME.849,metacyc,PWY-5806,,all-trans-decaprenyl diphosphate biosynthesis,43454,2.5.1.91,2.5.1,2326
850.0,ME.850,metacyc,PWY-4101,,D-sorbitol degradation I,40187|40186|40185|40187,2.7.1.4|1.1.1.14|2.7.1.4|2.7.1.1,2.7.1|1.1.1|2.7.1|2.7.1,1750
851.0,ME.851,metacyc,PWY0-1317,,L-lactaldehyde degradation (aerobic),33939|33940,1.2.1.22,1.2.1,682
852.0,ME.852,metacyc,PWY-561,,superpathway of glyoxylate cycle and fatty acid degradation,41833|41831|41831|41831|41832|41831|41831|41831|41831|41831|41831|41831|41831|41831|41834,4.2.1.2|1.1.1.27|1.1.1.337|1.1.1.85|4.1.1.49|1.1.1.299|1.1.1.375|1.1.1.38|1.1.1.82|1.1.1.95|1.1.1.96|1.1.1.37|1.1.1.28|1.1.1.81|1.3.5.1,4.2.1|1.1.1|1.1.1|1.1.1|4.1.1|1.1.1|1.1.1|1.1.1|1.1.1|1.1.1|1.1.1|1.1.1|1.1.1|1.1.1|1.3.5,2031
853.0,ME.853,metacyc,PWY-7520,,terrequinone A biosynthesis,49943|49939|49941|49940|49944|49942|49938,2.5.1|2.5.1|2.5.1|1.1.1|2.6.1.28,2.5.1|2.5.1|2.5.1|1.1.1|2.6.1,3442
854.0,ME.854,metacyc,PWY-7332,,superpathway of UDP-N-acetylglucosamine-derived O-antigen building blocks biosynthesis,44674|44675|44673,3.5.3|3.5.3|4.2.1.115,3.5.3|3.5.3|4.2.1,2519
855.0,ME.855,metacyc,PWY-1269,,CMP-3-deoxy-D-manno-octulosonate biosynthesis,43293|43291|43295|43292|43294,3.1.3.45|5.3.1.13|2.7.7.38|2.5.1.55,3.1.3|5.3.1|2.7.7|2.5.1,2295
856.0,ME.856,metacyc,TAURINEDEG-PWY,,taurine degradation III,36360,2.6.1.55,2.6.1,1083
857.0,ME.857,metacyc,PWY-6543,,4-aminobenzoate biosynthesis,42479|42480,4.1.3.38|2.6.1.85,4.1.3|2.6.1,2139
858.0,ME.858,metacyc,PWY-5372,,carbon tetrachloride degradation II,43150|43153|43152|43149|43151|43148,1.17.1.10|1.2.7.4,1.17.1|1.2.7,2268
859.0,ME.859,metacyc,PWY-5783,,octaprenyl diphosphate biosynthesis,42698,2.5.1.90,2.5.1,2176
860.0,ME.860,metacyc,PWY-7862,,D-altritol and galactitol degradation,38552|38553|38551,1.1.1.407|2.7.1.101|1.1.1.16,1.1.1|2.7.1|1.1.1,1459
861.0,ME.861,metacyc,PWY-7102,,bisabolene biosynthesis (engineered),46821|46823|46822|46824|46825|46820,2.5.1.10|4.2.3.38|2.5.1.1|4.2.3.55|4.2.3.59|5.3.3.2,2.5.1|4.2.3|2.5.1|4.2.3|4.2.3|5.3.3,2893
862.0,ME.862,metacyc,PWY-6309,,"L-tryptophan degradation XI (mammalian, via kynurenine)",44663|44664|44665|44667|44662|44661|44661|44660|44659|44669|44668|44666|44663,2.6.1.7|3.7.1.3|3.5.1.9|2.6.1.7|1.13.11.6|1.13.11.11|1.13.11.52|1.14.13.9|3.7.1.3|2.6.1.75,2.6.1|3.7.1|3.5.1|2.6.1|1.13.11|1.13.11|1.13.11|1.14.13|3.7.1|2.6.1,2517
863.0,ME.863,metacyc,PWY-5370,,carbon tetrachloride degradation I,38647|38649|38650|38648,1.21.99.5|1.14.15,1.21.99|1.14.15,1472
864.0,ME.864,metacyc,PWY-7757,,bisphenol A degradation,31744|31743|31746|31747|31745,1.1.1|1.14.13.2|4.2.1,1.1.1|1.14.13|4.2.1,289
865.0,ME.865,metacyc,TOLUENE-DEG-2-OH-PWY,,toluene degradation to 2-hydroxypentadienoate I (via o-cresol),50134|50134|50132|50134|50133|50135|50134|50134|50136,1.13.11.39|1.13.11.56|1.14.13.243|1.13.11.2|1.14.13.243|3.7.1.25|1.13.11|1.13.11.16|1.13.11.2,1.13.11|1.13.11|1.14.13|1.13.11|1.14.13|3.7.1|1.13.11|1.13.11|1.13.11,3471
866.0,ME.866,metacyc,PWY-7363,,papaverine biosynthesis,49866|49865|49859|49858|49862|49864|49863|49861|49860,1.14.14|2.1.1.121|2.1.1.291|2.1.1|2.1.1|2.1.1,1.14.14|2.1.1|2.1.1|2.1.1|2.1.1|2.1.1,3430
867.0,ME.867,metacyc,PWY-7241,,myo-inositol degradation II,44774|44771|44773|44772,5.3.3|1.1.1.18|1.1.1,5.3.3|1.1.1|1.1.1,2539
868.0,ME.868,metacyc,PWY-2161B,,glutamate removal from folates,45900,3.4.19.9,3.4.19,2734
869.0,ME.869,metacyc,PWY-7131,,CMP-legionaminate biosynthesis II,48604|48602|48603,3.2.1.184|2.5.1.101|2.7.7.82,3.2.1|2.5.1|2.7.7,3222
870.0,ME.870,metacyc,HEXPPSYN-PWY,,hexaprenyl diphosphate biosynthesis,46473,2.5.1.83,2.5.1,2830
871.0,ME.871,metacyc,P562-PWY,,myo-inositol degradation I,38312|38311|38310|38309|38308|38307|38307|38313,3.7.1.22|2.7.1.92|4.2.1.44|1.1.1.18|4.1.2.29|1.2.1.27|1.2.1.18|5.3.1.30,3.7.1|2.7.1|4.2.1|1.1.1|4.1.2|1.2.1|1.2.1|5.3.1,1406
872.0,ME.872,metacyc,PWY-6713,,L-rhamnose degradation II,48830|48828|48825|48825|48824|48823|48822|48829|48826|48827,1.1.1.378|1.1.1.173|1.2.1|4.1.2.53|1.2.1.22|3.1.1.65|4.2.1.90,1.1.1|1.1.1|1.2.1|4.1.2|1.2.1|3.1.1|4.2.1,3254
873.0,ME.873,metacyc,PWY-5306,,superpathway of thiosulfate metabolism (Desulfovibrio sulfodismutans),32496|32497,,,440
874.0,ME.874,metacyc,PWY-6493,,chanoclavine I aldehyde biosynthesis,42199|42200|42201|42202|42198,1.1.1.332|2.1.1.261|2.5.1.34|2.5.1.34,1.1.1|2.1.1|2.5.1|2.5.1,2094
875.0,ME.875,metacyc,PWY-6749,,CMP-legionaminate biosynthesis I,41618|41613|41614|41615|41616|41617|41619|41620|41621|41622,2.3.1|5.4.2.10|2.6.1.16|2.5.1.101|2.7.7.82|2.7.7|4.2.1|2.6.1|2.3.1|3.2.1,2.3.1|5.4.2|2.6.1|2.5.1|2.7.7|2.7.7|4.2.1|2.6.1|2.3.1|3.2.1,1991
876.0,ME.876,metacyc,PWY-6470,,peptidoglycan biosynthesis V (beta-lactam resistance),33398|33397|33399|33401|33402|33404|33403|33400,3.4.17.14|6.3.1.12|2.4.1.227|2.7.8.13|2.4.1.129,3.4.17|6.3.1|2.4.1|2.7.8|2.4.1,599
877.0,ME.877,metacyc,LARABITOLUTIL-PWY,,xylitol degradation,38189|38189|38190|38189|38189|38189|38189,1.1.1.287|1.1.1.15|2.7.1.17|1.1.1.250|1.1.1.14|1.1.1.9|1.1.1.10,1.1.1|1.1.1|2.7.1|1.1.1|1.1.1|1.1.1|1.1.1,1376
878.0,ME.878,metacyc,PWY-1264,,taurine degradation II,32605,1.4.99.2,1.4.99,466
879.0,ME.879,metacyc,PWY-2161,,folate polyglutamylation,37624|37620|37621|37622|37623|37625|37626,6.3.4.3|6.3.2.17|6.3.2.17|6.3.4.3|2.1.2.1|2.1.2.1|6.3.2.17,6.3.4|6.3.2|6.3.2|6.3.4|2.1.2|2.1.2|6.3.2,1274
880.0,ME.880,metacyc,PWY-5336,,carbon disulfide oxidation II (aerobic),49567|49566,1.8.1|3.13.1.7,1.8.1|3.13.1,3379
881.0,ME.881,metacyc,PWY-5893,,tridecaprenyl diphosphate biosynthesis,47419,2.5.1,2.5.1,3008
882.0,ME.882,metacyc,RIBITOLUTIL-PWY,,ribitol degradation,49474|49475,1.1.1.56|2.7.1.47,1.1.1|2.7.1,3360
883.0,ME.883,metacyc,PWY-6938,,NADH repair,38827|38826|38828,4.2.1.93,4.2.1,1503
884.0,ME.884,metacyc,PWY-7926,,carbon disulfide oxidation III (metazoa),33431|33433|33432|33434|33435,3.13.1.7|1.14.14,3.13.1|1.14.14,602
885.0,ME.885,metacyc,PWY-6477,,gibberellin inactivation II (methylation),39244|39242|39241|39243,2.1.1|2.1.1.276|2.1.1.275|2.1.1,2.1.1|2.1.1|2.1.1|2.1.1,1581
886.0,ME.886,metacyc,PWY-6471,,peptidoglycan biosynthesis IV (Enterococcus faecium),41479|41480|41478|41482|41481|41483,2.7.8.13|6.3.5.13|2.4.1.227|3.4.16.4|2.4.1.129,2.7.8|6.3.5|2.4.1|3.4.16|2.4.1,1964
887.0,ME.887,metacyc,PWY-6080,,4-ethylphenol degradation (anaerobic),38317|38319|38318|38316|38315|38314,2.3.1.16|1.1.7.1|1.1.1|1.17.99,2.3.1|1.1.7|1.1.1|1.17.99,1407
888.0,ME.888,metacyc,PWY-7700,,4-methylphenol degradation to protocatechuate,33358|33361|33360|33359,1.14.13.2|1.17.9.1|1.17.9.1|1.2.1.67,1.14.13|1.17.9|1.17.9|1.2.1,588
889.0,ME.889,metacyc,PWY-5472,,bisbenzylisoquinoline alkaloid biosynthesis,40597|40596,1.14.19|1.14.19.66,1.14.19|1.14.19,1813
890.0,ME.890,metacyc,DARABITOLUTIL-PWY,,D-arabitol degradation,32330|32329,2.7.1.17|1.1.1.11,2.7.1|1.1.1,403
891.0,ME.891,metacyc,PWY-1164,,carbon disulfide oxidation I (anaerobic),34418|34417,3.13.1.7|3.13.1.5,3.13.1|3.13.1,753
892.0,ME.892,metacyc,PWY-5807,,heptaprenyl diphosphate biosynthesis,40229,2.5.1.30,2.5.1,1755
893.0,ME.893,metacyc,PWY-7786,,D-threitol degradation,34439|34440|34438,2.7.1.210|5.3.1.34|1.1.1.403,2.7.1|5.3.1|1.1.1,759
894.0,ME.894,metacyc,PWY-6714,,L-rhamnose degradation III,37096|37098|37100|37103|37101|37102|37099|37097|37097,1.1.1.401|3.1.1.65|3.7.1.26|4.2.1.90|1.1.1.378|1.1.1.173,1.1.1|3.1.1|3.7.1|4.2.1|1.1.1|1.1.1,1193
895.0,ME.895,metacyc,PWY-3041,,monoterpene biosynthesis,30741|30749|30748|30747|30746|30745|30744|30743|30742|30750,4.2.3.15|4.2.3.120|4.2.3.119|4.2.3.116|4.2.3|4.2.3.108|4.2.3.113|4.2.3.106|4.2.3.16|4.2.3,4.2.3|4.2.3|4.2.3|4.2.3|4.2.3|4.2.3|4.2.3|4.2.3|4.2.3|4.2.3,102
896.0,ME.896,metacyc,PWY-5301,,ajmaline and sarpagine biosynthesis,34243|34258|34239|34240|34241|34242|34244|34245|34246|34247|34248|34250|34252|34253|34254|34255|34257|34251|34249|34259|34256,1.1.1.317|3.2.1.105|1.3.1.73|3.1.1.80|3.1.1.80|1.5.1.32|1.1.1.273|2.3.1.160|2.4.1.219|3.1.1.78|2.1.1|1.14.14.104|1.14.14.136|1.3.1.36|1.14.14.104|1.5.1,1.1.1|3.2.1|1.3.1|3.1.1|3.1.1|1.5.1|1.1.1|2.3.1|2.4.1|3.1.1|2.1.1|1.14.14|1.14.14|1.3.1|1.14.14|1.5.1,729
897.0,ME.897,metacyc,PWY-6138,,CMP-N-acetylneuraminate biosynthesis I (eukaryotes),44924|44925|44922|44923|44926,3.2.1.183|2.5.1.57|2.7.1.60|2.7.7.43|3.1.3.29,3.2.1|2.5.1|2.7.1|2.7.7|3.1.3,2574
898.0,ME.898,metacyc,PWY0-1338,,polymyxin resistance,37902|37901|37903|37899|37900|37900|37904,2.1.2.13|2.4.2.53|1.1.1.305|2.6.1.87|2.6.1.92|2.1.2.13,2.1.2|2.4.2|1.1.1|2.6.1|2.6.1|2.1.2,1322
899.0,ME.899,metacyc,PWY-6531,,mannitol cycle,45400|45401|45404|45402|45404|45403,3.1.3.22|1.1.1.17|2.7.1.4|2.7.1.4|2.7.1.1|1.1.1.67,3.1.3|1.1.1|2.7.1|2.7.1|2.7.1|1.1.1,2651
900.0,ME.900,metacyc,PWY0-981,,taurine degradation IV,47833,1.14.11.17,1.14.11,3087
901.0,ME.901,metacyc,PWY-6139,,CMP-N-acetylneuraminate biosynthesis II (bacteria),30574|30573|30572,3.2.1.183|2.7.7.43|2.5.1.56,3.2.1|2.7.7|2.5.1,69
902.0,ME.902,metacyc,PWY-5785,,"di-trans,poly-cis-undecaprenyl phosphate biosynthesis",47229|47228,3.6.1.27,3.6.1,2976
903.0,ME.903,metacyc,MANNIDEG-PWY,,mannitol degradation I,46438,1.1.1.17,1.1.1,2821
904.0,ME.904,metacyc,PWY-6871,,3-methylbutanol biosynthesis (engineered),38454|38455|38452|38451|38456|38450|38453,4.1.1.72|1.1.1.85|2.3.3.13|4.2.1.33|1.1.1.1|1.1.1.85,4.1.1|1.1.1|2.3.3|4.2.1|1.1.1|1.1.1,1440
905.0,ME.905,metacyc,PWY-7400,,L-arginine biosynthesis IV (archaebacteria),46482|46479|46479|46478|46477|46476|46481|46479|46480,2.7.2.8|2.1.3.6|3.5.3.12|4.3.2.1|6.3.5.5|6.3.4.5|2.1.3.3,2.7.2|2.1.3|3.5.3|4.3.2|6.3.5|6.3.4|2.1.3,2832
906.0,ME.906,metacyc,PWY-7317,,superpathway of dTDP-glucose-derived O-antigen building blocks biosynthesis,39540|39541|39541,1.1.1.266|1.1.1.339|1.1.1.344,1.1.1|1.1.1|1.1.1,1627
907.0,ME.907,metacyc,PWY-6494,,gibberellin inactivation III (epoxidation),33291|33289|33288|33290|33292,1.14.14|1.14.14,1.14.14|1.14.14,575
908.0,ME.908,metacyc,PWY-6828,,linezolid resistance,39539,2.1.1.224,2.1.1,1626
909.0,ME.909,metacyc,HCAMHPDEG-PWY,,3-phenylpropanoate and 3-(3-hydroxyphenyl)propanoate degradation to 2-hydroxypentadienoate,33226|33222|33223|33224|33225,3.7.1.14|1.13.11.16|1.14.12.19|1.3.1.87|1.14.13.127,3.7.1|1.13.11|1.14.12|1.3.1|1.14.13,559
910.0,ME.910,metacyc,PWY-5270,,morphine biosynthesis,38296|38287|38288|38289|38290|38291|38292|38293|38294|38295|38298|38299|38297,1.14.11.31|1.5.1.27|2.3.1.150|1.14.11.31|4.2.99.24|1.1.1.248|1.14.11.32|1.1.1.218|1.14.11.32|1.1.1.247|1.14.19.67|1.14.19.54,1.14.11|1.5.1|2.3.1|1.14.11|4.2.99|1.1.1|1.14.11|1.1.1|1.14.11|1.1.1|1.14.19|1.14.19,1403
911.0,ME.911,metacyc,SORBDEG-PWY,,D-sorbitol degradation II,32374,1.1.1.140,1.1.1,416
912.0,ME.912,metacyc,GALACTITOLCAT-PWY,,galactitol degradation,46740|46742|46741|46738|46739,1.1.1.251|2.7.1.200|4.1.2.40|2.7.1.144,1.1.1|2.7.1|4.1.2|2.7.1,2877
913.0,ME.913,metacyc,RHAMCAT-PWY,,L-rhamnose degradation I,31704|31705|31706|31703|31704,5.3.1.14|5.3.1.14|2.7.1.5|4.1.2.19|5.3.1.20,5.3.1|5.3.1|2.7.1|4.1.2|5.3.1,279
914.0,ME.914,metacyc,GLYCOLYSIS-E-D,,superpathway of glycolysis and the Entner-Doudoroff pathway,35608|35609,3.1.1.31|1.1.1.363,3.1.1|1.1.1,951
915.0,ME.915,metacyc,PWY-7532,,acetylaszonalenin biosynthesis,31651|31653|31652,2.5.1|2.3.1|6.3.2,2.5.1|2.3.1|6.3.2,263
916.0,ME.916,metacyc,PWY-7096,,triclosan resistance,38151,,,1368
917.0,ME.917,metacyc,ARGSYNBSUB-PWY,,L-arginine biosynthesis II (acetyl cycle),37764|37757|37756|37763|37762|37761|37760|37760|37760|37759|37758,2.6.1.11|6.3.5.5|6.3.4.5|2.7.2.8|2.3.1.35|2.3.1.1|2.1.3.3|2.1.3.6|3.5.3.12|1.2.1.38|4.3.2.1,2.6.1|6.3.5|6.3.4|2.7.2|2.3.1|2.3.1|2.1.3|2.1.3|3.5.3|1.2.1|4.3.2,1308
918.0,ME.918,metacyc,PWY8J2-1,,bacillithiol biosynthesis,38202|38203|38201,,,1382
919.0,ME.919,metacyc,PWY-7436,,vitamin E biosynthesis (tocotrienols),42364|42363|42362|42361|42365|42366,2.5.1.116|2.1.1.295|5.5.1.24|5.5.1.24|2.1.1.95|2.1.1.95,2.5.1|2.1.1|5.5.1|5.5.1|2.1.1|2.1.1,2116
920.0,ME.920,metacyc,PWY-6383,,"mono-trans, poly-cis decaprenyl phosphate biosynthesis",41130|41132|41133|41134|41131,5.3.3.2|2.5.1.68|2.5.1.86|3.6.1|2.5.1.1,5.3.3|2.5.1|2.5.1|3.6.1|2.5.1,1918
921.0,ME.921,metacyc,PWY-7550,,ergothioneine biosynthesis II (fungi),49114|49112|49111|49115|49113,4.4.1.36|1.14.99.51|2.1.1.44|4.4.1.36,4.4.1|1.14.99|2.1.1|4.4.1,3297
922.0,ME.922,metacyc,PWY-5154,,L-arginine biosynthesis III (via N-acetyl-L-citrulline),48967|48973|48968|48969|48970|48971|48972|48974|48966,6.3.5.5|2.1.3.9|4.3.2.1|1.2.1.38|2.3.1.1|2.7.2.8|2.6.1.11|3.5.1.16|6.3.4.5,6.3.5|2.1.3|4.3.2|1.2.1|2.3.1|2.7.2|2.6.1|3.5.1|6.3.4,3276
923.0,ME.923,metacyc,PWY-102,,gibberellin inactivation I (2beta-hydroxylation),43433|43439|43438|43437|43436|43435|43434|43432|43431|43430|43429,1.14.20|1.14.11|1.14.11|1.14.11|1.14.20|1.14.20|1.14.20|1.14.11|1.14.11|1.14.11|1.14.11.13,1.14.20|1.14.11|1.14.11|1.14.11|1.14.20|1.14.20|1.14.20|1.14.11|1.14.11|1.14.11|1.14.11,2322
924.0,ME.924,metacyc,PWY-8031,,epiberberine biosynthesis,38328|38331|38330|38329,1.21.3.3|1.3.3.8|1.14.19|2.1.1,1.21.3|1.3.3|1.14.19|2.1.1,1411
925.0,ME.925,metacyc,PWY-7255,,ergothioneine biosynthesis I (bacteria),43656|43660|43654|43655|43659|43658|43657,3.5.1.118|6.3.2.2|2.1.1.44|4.4.1.36|4.4.1.36|1.14.99.50,3.5.1|6.3.2|2.1.1|4.4.1|4.4.1|1.14.99,2355
926.0,ME.926,metacyc,PWY-6840,,homoglutathione biosynthesis,32246|32247,6.3.2.2|6.3.2.23,6.3.2|6.3.2,382
927.0,ME.927,metacyc,PWY-1422,,vitamin E biosynthesis (tocopherols),44930|44934|44933|44932|44928|44931|44929,5.5.1.24|2.1.1.295|5.5.1.24|2.1.1.95|1.13.11.27|2.5.1.115|2.1.1.95,5.5.1|2.1.1|5.5.1|2.1.1|1.13.11|2.5.1|2.1.1,2576
928.0,ME.928,metacyc,PWY-5816,,all trans undecaprenyl diphosphate biosynthesis,39020,,,1528
929.0,ME.929,metacyc,PWY-7154,,ergosterol biosynthesis II,45756|45751|45753|45749|45754|45755|45752|45750,1.3.1.70|1.3.1|4.4.1|2.1.1.142|4.1.1|1.14.14.154|1.3.1|5.3.3,1.3.1|1.3.1|4.4.1|2.1.1|4.1.1|1.14.14|1.3.1|5.3.3,2707
930.0,ME.930,metacyc,PWY-5645,,4-chloronitrobenzene degradation,36926|36929|36921|36923|36922|36924|36927|36925|36928,3.5.99.11|1.13.11.76|5.3.2.6|5.4.4.1|4.1.1.77|4.2.1.80|1.2.1.32,3.5.99|1.13.11|5.3.2|5.4.4|4.1.1|4.2.1|1.2.1,1158
931.0,ME.931,metacyc,PWY-6495,,ergotamine biosynthesis,46713|46710|46711|46714|46716|46715|46712,5.3.3|1.5.1.46|1.14.13|1.14.13|1.14.13,5.3.3|1.5.1|1.14.13|1.14.13|1.14.13,2873
932.0,ME.932,metacyc,ARGSYN-PWY,,L-arginine biosynthesis I (via L-ornithine),47831|47832|47832|47829|47830|47832,4.3.2.1|2.1.3.6|2.1.3.3|6.3.4.5|6.3.5.5|3.5.3.12,4.3.2|2.1.3|2.1.3|6.3.4|6.3.5|3.5.3,3086
933.0,ME.933,metacyc,PWY-4081,,glutathione-peroxide redox reactions,35549|35550|35548,1.11.1.12|1.11.1.9|1.8.1.7,1.11.1|1.11.1|1.8.1,933
934.0,ME.934,metacyc,PWY-7999,,vitamin K-epoxide cycle,32180|32179|32178|32177|32181,1.6.5.2|1.17.4.4|4.1.1.90|1.17.4.4|4.1.1.90,1.6.5|1.17.4|4.1.1|1.17.4|4.1.1,372
935.0,ME.935,metacyc,PWY-5805,,nonaprenyl diphosphate biosynthesis I,44310,2.5.1.84,2.5.1,2467
936.0,ME.936,metacyc,TOLSULFDEG-PWY,,4-toluenesulfonate degradation I,40166|40164|40163|40165,1.14.99|1.2.1.62|1.1.1.257|1.14.12.8,1.14.99|1.2.1|1.1.1|1.14.12,1745
937.0,ME.937,metacyc,PWY-7507,,chelerythrine biosynthesis,30653|30652|30659|30658|30660|30657|30656|30655|30654,1.21.3.3|2.1.1.117|1.14.14|1.14.14.97|1.14.19.68|2.1.1.122|1.3.1.107|1.5.3.12,1.21.3|2.1.1|1.14.14|1.14.14|1.14.19|2.1.1|1.3.1|1.5.3,84
938.0,ME.938,metacyc,PWY-6075,,ergosterol biosynthesis I,36357|36359|36358|36356|36355,1.14.19.20|1.14.19.41|5.3.3.5|2.1.1.41|1.3.1.71,1.14.19|1.14.19|5.3.3|2.1.1|1.3.1,1082
939.0,ME.939,metacyc,GLUT-REDOX-PWY,,glutathione-glutaredoxin redox reactions,43443|43444,,,2324
940.0,ME.940,metacyc,PWY-5027,,phylloquinol biosynthesis,40728|40729|40727|40726,2.1.1.329|2.5.1.130|1.6.5.12,2.1.1|2.5.1|1.6.5,1838
941.0,ME.941,metacyc,PWY-5972,,stearate biosynthesis I (animals),49516|49514|49518|49513|49517|49515,1.1.1|6.2.1.3|1.3.1|3.1.2.2|4.2.1.119|2.3.1.199,1.1.1|6.2.1|1.3.1|3.1.2|4.2.1|2.3.1,3368
942.0,ME.942,metacyc,PWY-5122,,geranyl diphosphate biosynthesis,41582,2.5.1.1,2.5.1,1985
943.0,ME.943,metacyc,PWY66-341,,cholesterol biosynthesis I,39868|39859|39860|39861|39862|39863|39864|39865|39866|39867|39870|39871|39872|39874|39873|39869|39875,1.3.1.70|1.3.1.72|1.3.1.21|1.14.19.20|1.1.1.270|5.3.3.5|1.1.1.170|1.1.1.170|1.1.1.270,1.3.1|1.3.1|1.3.1|1.14.19|1.1.1|5.3.3|1.1.1|1.1.1|1.1.1,1697
944.0,ME.944,metacyc,PWY-5637,,nitrobenzene degradation I,31028|31026|31027,1.7.1.16|5.4.4.1|1.7.1.16,1.7.1|5.4.4|1.7.1,163
945.0,ME.945,metacyc,PWY-5467,,gramine biosynthesis,34416|34414|34415,2.1.1.340|2.1.1.340,2.1.1|2.1.1,752
946.0,ME.946,metacyc,PWY-7811,,6-methylpretetramide biosynthesis,34553|34548|34554|34549|34550|34552|34551,5.5.1,5.5.1,781
947.0,ME.947,metacyc,PWY-5165,,4-toluenesulfonate degradation II,46916,1.14.12,1.14.12,2913
948.0,ME.948,metacyc,PWY-7588,,ursodeoxycholate biosynthesis (bacteria),38327|38326,1.1.1.201|1.1.1.159,1.1.1|1.1.1,1410
949.0,ME.949,metacyc,THIOREDOX-PWY,,thioredoxin pathway,47795|47794,1.8.1.9,1.8.1,3076
950.0,ME.950,metacyc,PWY3O-6,,"dehydro-D-arabinono-1,4-lactone biosynthesis",38415|38414|38416,1.1.1|1.1.3.37|1.1.1.116,1.1.1|1.1.3|1.1.1,1433
951.0,ME.951,metacyc,PWY-5989,,stearate biosynthesis II (bacteria and plants),37056|37058|37059|37062|37063|37063|37063|37057|37056|37056|37055|37060|37054|37061,3.1.2.14|3.1.2.14|3.1.2.14|4.2.1.59|2.3.1.85|3.1.2.21|3.1.2.14|1.3.1.9|3.1.2.21|2.3.1.85|2.3.1.41|3.1.2.14|6.2.1.3|1.1.1.100,3.1.2|3.1.2|3.1.2|4.2.1|2.3.1|3.1.2|3.1.2|1.3.1|3.1.2|2.3.1|2.3.1|3.1.2|6.2.1|1.1.1,1186
952.0,ME.952,metacyc,PWY-6520,,nonaprenyl diphosphate biosynthesis II,42900,2.5.1.85,2.5.1,2221
953.0,ME.953,metacyc,PWY-7155,,7-dehydroporiferasterol biosynthesis,37363|37366|37367|37365|37364,1.3.1|2.1.1|5.3.3|1.3.1,1.3.1|2.1.1|5.3.3|1.3.1,1227
954.0,ME.954,metacyc,PWY-7690,,holomycin biosynthesis,46553|46551|46545|46544|46543|46549|46542|46546|46547|46548|46550|46552,2.3.1|2.3.1|1.4.99|4.1.1|6.3.2|6.3.2|3.1.2,2.3.1|2.3.1|1.4.99|4.1.1|6.3.2|6.3.2|3.1.2,2843
955.0,ME.955,metacyc,PWY-6041,,4-sulfocatechol degradation,36642|36640|36642|36641|36639,5.5.1|3.1.1.92|5.5.1.2|1.13.11.3|1.3.1.32,5.5.1|3.1.1|5.5.1|1.13.11|1.3.1,1112
956.0,ME.956,metacyc,PWY-5876,,magnoflorine biosynthesis,30987|30988,2.1.1.337|1.14.19.51,2.1.1|1.14.19,150
957.0,ME.957,metacyc,PWY-6061,,"bile acid biosynthesis, neutral pathway",50020|50018|50004|50005|50016|50006|50007|50008|50014|50017|50011|50012|50015|50013|50010|50009|49995|49996|49997|49998|49999|50000|50019|50001|50001|50002|50003|50021,2.3.1.65|2.3.1.65|1.14.14.23|2.3.1.65|6.2.1.7|1.3.1.3|1.17.99.3|1.14.14.139|1.3.99|4.2.1.107|1.1.1|1.1.1.213|1.1.1.213|1.1.1.181|2.3.1.65|4.2.1.107|2.3.1.176|1.14.15.15|1.14.15.15|1.14.15.15|1.2.1.40|6.2.1.28|1.3.1.3|2.3.1.176,2.3.1|2.3.1|1.14.14|2.3.1|6.2.1|1.3.1|1.17.99|1.14.14|1.3.99|4.2.1|1.1.1|1.1.1|1.1.1|1.1.1|2.3.1|4.2.1|2.3.1|1.14.15|1.14.15|1.14.15|1.2.1|6.2.1|1.3.1|2.3.1,3452
958.0,ME.958,metacyc,PWY1G-0,,mycothiol biosynthesis,49504|49506|49505|49507|49502|49503,2.3.1.189|3.5.1.103|2.4.1.250|5.5.1.4|6.3.1.13,2.3.1|3.5.1|2.4.1|5.5.1|6.3.1,3366
959.0,ME.959,metacyc,PWY-6076,,vitamin D3 biosynthesis,42386|42385|42388|42387,1.14.15.18|1.14.14.24,1.14.15|1.14.14,2121
960.0,ME.960,metacyc,PWY3O-355,,stearate biosynthesis III (fungi),36946|36944|36945|36943,2.3.1.86|2.3.1.86|2.3.1.86|3.1.2.2,2.3.1|2.3.1|2.3.1|3.1.2,1163
961.0,ME.961,metacyc,PWY66-4,,cholesterol biosynthesis III (via desmosterol),43284|43283|43285,1.3.1.21|1.3.1.72|5.3.3.5,1.3.1|1.3.1|5.3.3,2292
962.0,ME.962,metacyc,PWY-5640,,nitrobenzene degradation II,41407,1.14.12.23,1.14.12,1960
963.0,ME.963,metacyc,PWY-5290,,secologanin and strictosidine biosynthesis,47710|47719|47705|47706|47707|47708|47709|47711|47712|47712|47713|47714|47716|47715|47717|47718,3.1.7.11|4.3.3.2|1.1.1.324|1.1.1.324|1.1.1.324|1.1.1.324|2.4.1.323|4.1.1.105|4.1.1.28|2.1.1.50|1.14.19.62|1.14.14.85|1.14.14.83,3.1.7|4.3.3|1.1.1|1.1.1|1.1.1|1.1.1|2.4.1|4.1.1|4.1.1|2.1.1|1.14.19|1.14.14|1.14.14,3061
964.0,ME.964,metacyc,PWY-7483,,elloramycin biosynthesis,34936|34934|34933|34932|34938|34937|34935|34929|34930|34940|34939|34931,2.1.1|4.2.1.154|2.4.1.331|2.1.1.307|2.1.1|2.1.1|1.14.13.200|1.13.12.21|2.1.1.305|2.1.1.306,2.1.1|4.2.1|2.4.1|2.1.1|2.1.1|2.1.1|1.14.13|1.13.12|2.1.1|2.1.1,840
965.0,ME.965,metacyc,PWY-7521,,3-(4-sulfophenyl)butanoate degradation,34816|34815|34817,1.14.13|3.1.1,1.14.13|3.1.1,827
966.0,ME.966,metacyc,PWY18C3-1,,cholesterol biosynthesis (plants),35720|35718|35719|35721|35722|35723|35724|35725|35726|35727|35728,1.14.19.20|1.3.1.21|1.3.1.72|1.1.1.418|1.1.1.270|5.5.1.9|1.14.14.154|1.3.1.70|1.1.1.418|1.1.1.270|5.3.3.5,1.14.19|1.3.1|1.3.1|1.1.1|1.1.1|5.5.1|1.14.14|1.3.1|1.1.1|1.1.1|5.3.3,969
967.0,ME.967,metacyc,GLUTATHIONESYN-PWY,,glutathione biosynthesis,31156|31155,6.3.2.3|6.3.2.2,6.3.2|6.3.2,190
968.0,ME.968,metacyc,PWY-8026,,sterol biosynthesis (methylotrophs),50031|50027|50023|50030|50028|50022|50032|50024|50036|50037|50034|50038|50026|50035|50025|50029|50033,1.3.1.72|1.1.1.417|1.3.1.70|1.1.1.270|1.1.1.417|1.1.1.270|1.3.1.72,1.3.1|1.1.1|1.3.1|1.1.1|1.1.1|1.1.1|1.3.1,3453
969.0,ME.969,metacyc,PWY-7000,,kanamycin biosynthesis,33676|33677|33686|33685|33684|33683|33682|33681|33680|33679|33678|33668|33669|33670|33671|33672|33673|33674|33675,2.6.1.100|2.6.1.101|1.1.3|2.4.1.301|2.4.1.301|2.4.1.301|2.4.1.301|2.4.1.301|2.4.1.301|1.1.1.355|1.14.11.37|4.2.3.124|1.1.1.329|1.1.3.43|2.4.1.283|2.4.1.284|2.6.1.93|2.6.1.94|3.5.1.112,2.6.1|2.6.1|1.1.3|2.4.1|2.4.1|2.4.1|2.4.1|2.4.1|2.4.1|1.1.1|1.14.11|4.2.3|1.1.1|1.1.3|2.4.1|2.4.1|2.6.1|2.6.1|3.5.1,633
970.0,ME.970,metacyc,DESULFONATION-PWY,,benzenesulfonate degradation,35276,1.14.12,1.14.12,897
971.0,ME.971,metacyc,PWY-7424,,sterol:steryl ester interconversion (yeast),40849|40848|40846|40847,3.1.1.13|3.1.1.13|2.3.1.26|2.3.1.26,3.1.1|3.1.1|2.3.1|2.3.1,1865
972.0,ME.972,metacyc,PWY1G-126,,mycothiol oxidation,50262|50263,1.8.1.15,1.8.1,3488
973.0,ME.973,metacyc,PWY-7674,,"CMP-8-amino-3,8-dideoxy-D-manno-octulosonate biosynthesis",44565|44560|44564|44563|44562|44561|44559,3.1.3.45|2.5.1.55|2.7.7.90|2.6.1.109|1.1.3.48|5.3.1.13,3.1.3|2.5.1|2.7.7|2.6.1|1.1.3|5.3.1,2500
974.0,ME.974,metacyc,PWY-6074,,zymosterol biosynthesis,41589|41598|41590|41591|41592|41593|41600|41599|41596|41601|41595|41597|41594,1.3.1.70|1.1.1.270|1.1.1.170|1.1.1.170|1.1.1.270,1.3.1|1.1.1|1.1.1|1.1.1|1.1.1,1988
975.0,ME.975,metacyc,PWY-7059,,fumigaclavine biosynthesis,32165|32169|32168|32167|32166|32170,1.5.1.44|1.3.1.100|2.5.1.100|2.3.1.205,1.5.1|1.3.1|2.5.1|2.3.1,370
976.0,ME.976,metacyc,PWY-6144,,CMP-N-glycoloylneuraminate biosynthesis,47834,1.14.18.2,1.14.18,3088
977.0,ME.977,metacyc,PWY-4181,,glutathione amide metabolism,46718|46719|46717,1.11.1.17|1.8.99|1.8.1.16,1.11.1|1.8.99|1.8.1,2874
978.0,ME.978,metacyc,PWY-7719,,CMP-diacetamido-8-epilegionaminic acid biosynthesis,33453|33450|33452|33451|33449|33448,2.7.7|3.6.1|2.6.1.34|2.3.1|2.5.1|4.2.1.115,2.7.7|3.6.1|2.6.1|2.3.1|2.5.1|4.2.1,607
979.0,ME.979,metacyc,PWY-6032,,digitoxigenin biosynthesis,48555|48554|48553|48552,1.3.1.22|1.1.1.213|1.1.1.277,1.3.1|1.1.1|1.1.1,3209
980.0,ME.980,metacyc,PWY-5630,,penicillin K biosynthesis,36026,2.3.1.164,2.3.1,1015
981.0,ME.981,metacyc,ARGDEGRAD-PWY,,L-arginine degradation V (arginine deiminase pathway),40856,3.5.3.6,3.5.3,1867
982.0,ME.982,metacyc,PWY66-3,,"cholesterol biosynthesis II (via 24,25-dihydrolanosterol)",47088|47091|47079|47086|47089|47090|47083|47078|47077|47084|47076|47080|47081|47082|47087|47085,1.1.1.270|1.3.1.72|1.3.1.70|1.3.1.21|5.3.3.5|1.14.19.20|1.1.1.170|1.1.1.170|1.1.1.270,1.1.1|1.3.1|1.3.1|1.3.1|5.3.3|1.14.19|1.1.1|1.1.1|1.1.1,2948
983.0,ME.983,metacyc,PWY-6140,,CMP-2-keto-3-deoxy-D-glycero-D-galacto-nononate biosynthesis,47111|47109|47110|47108,2.5.1.132|3.1.3.103|2.7.1.7|2.7.7.92,2.5.1|3.1.3|2.7.1|2.7.7,2954
984.0,ME.984,metacyc,PWY-4041,,gamma-glutamyl cycle,47669|47671|47668|47670,4.3.2.9|2.3.2.2|3.5.2.9|3.4.13.18,4.3.2|2.3.2|3.5.2|3.4.13,3053
985.0,ME.985,metacyc,PWY-8027,,parkeol biosynthesis,45491,5.4.99.47,5.4.99,2660
986.0,ME.986,metacyc,PWY-7529,,CMP-N-acetyl-7-O-acetylneuraminate biosynthesis,42393|42395|42396|42394,2.3.1|2.5.1|2.7.7|3.2.1,2.3.1|2.5.1|2.7.7|3.2.1,2123
987.0,ME.987,metacyc,PWY-8039,,mitomycin biosynthesis,47611|47613|47600|47604|47601|47603|47602|47608|47605|47606|47612|47610|47609|47607,2.1.3|2.1.1.316|2.1.1.316|2.4.1|2.1.3,2.1.3|2.1.1|2.1.1|2.4.1|2.1.3,3042
988.0,ME.988,metacyc,ARGDEG-IV-PWY,,L-arginine degradation VIII (arginine oxidase pathway),33992|33993|33995|33994,3.5.3.7|1.2.1.54|1.4.3.25|4.1.1.75,3.5.3|1.2.1|1.4.3|4.1.1,690
989.0,ME.989,metacyc,PWY-7455,,allopregnanolone biosynthesis,45565|45566,1.1.1.213|1.3.1.22,1.1.1|1.3.1,2678
990.0,ME.990,metacyc,PWY-6143,,CMP-pseudaminate biosynthesis,46951|46953|46952|46949|46954|46950,2.6.1.92|3.6.1.57|2.7.7.81|4.2.1.115|2.3.1.202|2.5.1.97,2.6.1|3.6.1|2.7.7|4.2.1|2.3.1|2.5.1,2923
991.0,ME.991,metacyc,PWY0-1305,,L-glutamate degradation IX (via 4-aminobutanoate),43046,4.1.1.15,4.1.1,2252
992.0,ME.992,metacyc,PROUT-PWY,,L-proline degradation,35147|35148|35149,1.2.1.88|1.5.5.2,1.2.1|1.5.5,885
993.0,ME.993,metacyc,PWY-6132,,lanosterol biosynthesis,43055,5.4.99.7,5.4.99,2255
994.0,ME.994,metacyc,PWY-7797,,nocardicin A biosynthesis,44528|44529|44527|44530|44526,3.4.21.4|6.3.2|2.5.1.38,3.4.21|6.3.2|2.5.1,2498
995.0,ME.995,metacyc,ARG-PRO-PWY,,L-arginine degradation VI (arginase 2 pathway),44615|44612|44613|44614,3.5.3.1|1.5.1.2|2.6.1.13,3.5.3|1.5.1|2.6.1,2508
996.0,ME.996,metacyc,PWY-6036,,cardenolide glucosides biosynthesis,36028|36027|36030|36029,2.4.1.173|2.4.1,2.4.1|2.4.1,1016
997.0,ME.997,metacyc,PWY0-1601,,cadaverine biosynthesis,34428,4.1.1.18,4.1.1,756
998.0,ME.998,metacyc,PWY-7669,,equisetin biosynthesis,33754|33755,5.5.1|2.1.1,5.5.1|2.1.1,642
999.0,ME.999,metacyc,PWY-7523,,L-arginine degradation XII,35945|35944|35943|35942,1.2.1|2.6.1|4.1.1.75|3.5.3.7,1.2.1|2.6.1|4.1.1|3.5.3,1002
1000.0,ME.1000,metacyc,PWY-7685,,L-malate degradation I,33787,4.1.1.101,4.1.1,649
1001.0,ME.1001,metacyc,PWY0-1241,,ADP-L-glycero-beta-D-manno-heptose biosynthesis,38501|38504|38502|38503,2.7.7.70|2.7.1.167|3.1.3.82|5.3.1.28,2.7.7|2.7.1|3.1.3|5.3.1,1447
1002.0,ME.1002,metacyc,PWY-6637,,sulfolactate degradation II,31971|31973|31974|31972,2.3.1.8|4.1.1.79|1.1.1|2.3.3.15,2.3.1|4.1.1|1.1.1|2.3.3,331
1003.0,ME.1003,metacyc,PWY-7355,,doxorubicin biosynthesis,41569,1.14.13.181,1.14.13,1982
1004.0,ME.1004,metacyc,PWY-4983,,nitric oxide biosynthesis II (mammals),32619|32618|32617,1.14.13.39|4.3.2.1|6.3.4.5,1.14.13|4.3.2|6.3.4,472
1005.0,ME.1005,metacyc,PWY0-1299,,arginine dependent acid resistance,50137,4.1.1.19,4.1.1,3472
1006.0,ME.1006,metacyc,OANTIGEN-PWY,,O-antigen building blocks biosynthesis (E. coli),37500,5.4.99.9,5.4.99,1251
1007.0,ME.1007,metacyc,PWY-6638,,sulfolactate degradation III,38900|38899|38901,2.6.1.1|4.4.1.25|1.1.1,2.6.1|4.4.1|1.1.1,1517
1008.0,ME.1008,metacyc,PWY-6370,,ascorbate recycling (cytosolic),32711|32709|32708|32707|32710|32706,1.6.5|1.11.1.11|1.8.5.1|1.6.5.4,1.6.5|1.11.1|1.8.5|1.6.5,485
1009.0,ME.1009,metacyc,PWY-6915,,pentalenolactone biosynthesis,37946|37938|37939|37945|37940|37941|37942|37943|37944|37947,1.14.13.170|4.2.3.7|1.14.15.32|1.14.11|1.14.15.32|1.1.1.340|1.14.19.8|1.14.11.35|1.14.11.36|1.14.15,1.14.13|4.2.3|1.14.15|1.14.11|1.14.15|1.1.1|1.14.19|1.14.11|1.14.11|1.14.15,1326
1010.0,ME.1010,metacyc,PWY-6387,,UDP-N-acetylmuramoyl-pentapeptide biosynthesis I (meso-diaminopimelate containing),34425|34422|34421|34420|34419|34423|34424,6.3.2.10|1.3.1.98|6.3.2.9|6.3.2.8|6.3.2.13|2.5.1.7|6.3.2.4,6.3.2|1.3.1|6.3.2|6.3.2|6.3.2|2.5.1|6.3.2,754
1011.0,ME.1011,metacyc,PWY-7559,,glutathione degradation (DUG pathway - yeast),39225|39224,3.4.13.18|3.4.19.13,3.4.13|3.4.19,1576
1012.0,ME.1012,metacyc,PWY-6462,,peptidoglycan cross-bridge biosynthesis III (Enterococcus faecalis),47898|47899,2.3.2|2.3.2.16,2.3.2|2.3.2,3104
1013.0,ME.1013,metacyc,PWY-5499,,vitamin B6 degradation,47390|47387|47394|47395|47391|47392|47393|47389|47388,1.2.1.100|3.1.1.27|2.6.1.30|1.14.13.242|3.5.1.29|1.1.1.107|1.1.3.12|1.1.99.42|4.1.1.51,1.2.1|3.1.1|2.6.1|1.14.13|3.5.1|1.1.1|1.1.3|1.1.99|4.1.1,3003
1014.0,ME.1014,metacyc,PWY-5930,,terpentecin biosynthesis,36121|36122|36120,5.5.1.15|4.2.3.36,5.5.1|4.2.3,1039
1015.0,ME.1015,metacyc,PWY-7953,,UDP-N-acetylmuramoyl-pentapeptide biosynthesis III (meso-diaminopimelate containing),30722|30727|30726|30725|30724|30723|30721|30720,1.3.1.98|6.3.2.10|6.3.2.4|6.3.2.53|5.1.1.23|2.5.1.7|6.3.2.8|6.3.2.13,1.3.1|6.3.2|6.3.2|6.3.2|5.1.1|2.5.1|6.3.2|6.3.2,98
1016.0,ME.1016,metacyc,PWY-6463,,peptidoglycan cross-bridge biosynthesis IV (Weissella viridescens),37369|37368,2.3.2|2.3.2.10,2.3.2|2.3.2,1228
1017.0,ME.1017,metacyc,PWY-6616,,sulfolactate degradation I,43240|43242|43241,4.4.1.24|1.1.1.375|1.1.1.310,4.4.1|1.1.1|1.1.1,2283
1018.0,ME.1018,metacyc,P601-PWY,,(+)-camphor degradation,30800|30794|30797|30798|30796|30795|30799,1.14.15.1|1.14.13.160|6.2.1.38|1.1.1.327|1.14.14.155,1.14.15|1.14.13|6.2.1|1.1.1|1.14.14,113
1019.0,ME.1019,metacyc,PWY-8035,,streptovaricin biosynthesis,49620|49619|49622|49617|49625|49623|49621|49616|49624|49618,2.3.1|2.1.1,2.3.1|2.1.1,3389
1020.0,ME.1020,metacyc,ARGASEDEG-PWY,,L-arginine degradation I (arginase pathway),45209|45207|45208,2.6.1.13|3.5.3.1|1.2.1.88,2.6.1|3.5.3|1.2.1,2624
1021.0,ME.1021,metacyc,SAM-PWY,,S-adenosyl-L-methionine biosynthesis,34295,2.5.1.6,2.5.1,732
1022.0,ME.1022,metacyc,PWY-6386,,UDP-N-acetylmuramoyl-pentapeptide biosynthesis II (lysine-containing),43754|43755|43756|43757|43758|43759|43753,6.3.2.7|6.3.2.8|6.3.2.9|1.3.1.98|2.5.1.7|6.3.2.4|6.3.2.10,6.3.2|6.3.2|6.3.2|1.3.1|2.5.1|6.3.2|6.3.2,2372
1023.0,ME.1023,metacyc,PWY-6989,,(-)-camphor degradation,35745|35746|35751|35749|35748|35747|35750,1.14.14.155|1.14.13.160|1.1.1|6.2.1.38|1.14.15.1,1.14.14|1.14.13|1.1.1|6.2.1|1.14.15,972
1024.0,ME.1024,metacyc,PWY-6459,,peptidoglycan cross-bridge biosynthesis I (S. aureus),33920|33919|33918,2.3.2.18|2.3.2.17|2.3.2.16,2.3.2|2.3.2|2.3.2,679
1025.0,ME.1025,metacyc,PWY-8004,,Entner-Doudoroff pathway I,50369|50370|50371|50372|50373|50374|50375,3.1.1.31|1.2.1.12|5.4.2.11|1.1.1.363|4.2.1.11|2.7.1.40|2.7.2.3,3.1.1|1.2.1|5.4.2|1.1.1|4.2.1|2.7.1|2.7.2,3506
1026.0,ME.1026,metacyc,PWY-5530,,sorbitol biosynthesis II,41683|41682|41681,1.1.99.28|2.7.1.12|3.1.1.17,1.1.99|2.7.1|3.1.1,2003
1027.0,ME.1027,metacyc,PWY-6418,,4-hydroxycoumarin and dicoumarol biosynthesis,40637|40638,2.3.1.208,2.3.1,1822
1028.0,ME.1028,metacyc,PWY-7737,,thiocoraline biosynthesis,36833|36834|36835|36836|36837,1.8.3|2.7.7|2.3.1|6.3.2|6.3.2,1.8.3|2.7.7|2.3.1|6.3.2|6.3.2,1144
1029.0,ME.1029,metacyc,PWY-5453,,methylglyoxal degradation III,37105|37104,1.1.1.406|1.1.1.21,1.1.1|1.1.1,1194
1030.0,ME.1030,metacyc,PWY0-823,,L-arginine degradation III (arginine decarboxylase/agmatinase pathway),41279|41280,3.5.3.11|4.1.1.19,3.5.3|4.1.1,1943
1031.0,ME.1031,metacyc,ENTNER-DOUDOROFF-PWY,,Entner-Doudoroff shunt,47099|47100|47100,4.2.1.12|4.1.2.55|4.1.2.14,4.2.1|4.1.2|4.1.2,2952
1032.0,ME.1032,metacyc,PWY0-1433,,tetrahydromonapterin biosynthesis,40772|40774|40771|40773,5.1.99.7|1.5.1.50|3.5.4.16,5.1.99|1.5.1|3.5.4,1850
1033.0,ME.1033,metacyc,PWY-7820,,teichuronic acid biosynthesis (B. subtilis 168),42838|42836|42837|42839|42840|42841,2.7.8|1.1.1.22|2.7.8.40|2.4.1|2.4.1|2.4.1,2.7.8|1.1.1|2.7.8|2.4.1|2.4.1|2.4.1,2205
1034.0,ME.1034,metacyc,PWY-7739,,aucuparin biosynthesis,30603|30604|30605|30606,2.3.1.177|2.1.1|1.14.14|2.1.1,2.3.1|2.1.1|1.14.14|2.1.1,77
1035.0,ME.1035,metacyc,PWY-6461,,peptidoglycan cross-bridge biosynthesis II (E. faecium),48840|48841,6.3.1|6.3.1.12,6.3.1|6.3.1,3256
1036.0,ME.1036,metacyc,NPGLUCAT-PWY,,Entner-Doudoroff pathway II (non-phosphorylative),42666|42668|42662|42663|42664|42665|42666|42667|42670|42669,4.2.1.140|2.7.1.165|3.1.1.17|1.1.1.47|1.2.7.1|4.2.1.11|4.2.1.39|2.7.1.40|4.1.2.51|1.2.99.8,4.2.1|2.7.1|3.1.1|1.1.1|1.2.7|4.2.1|4.2.1|2.7.1|4.1.2|1.2.99,2168
1037.0,ME.1037,metacyc,PWY-7655,,dechlorogriseofulvin biosynthesis,32137|32138|32139,1.14.19|2.1.1|1.3.1,1.14.19|2.1.1|1.3.1,366
1038.0,ME.1038,metacyc,PWY-5024,,L-arginine degradation XI,31015|31014,3.5.3.7|2.6.1,3.5.3|2.6.1,159
1039.0,ME.1039,metacyc,PWY-2221,,Entner-Doudoroff pathway III (semi-phosphorylative),43724|43730|43729|43728|43728|43727|43727|43726|43726|43725|43723|43722,1.1.1.47|1.2.1.3|2.7.1.40|2.7.1.178|2.7.1.45|4.2.1.140|4.2.1.39|4.1.2.55|4.1.2.14|4.2.1.11|5.4.2.11|3.1.1.17,1.1.1|1.2.1|2.7.1|2.7.1|2.7.1|4.2.1|4.2.1|4.1.2|4.1.2|4.2.1|5.4.2|3.1.1,2369
1040.0,ME.1040,metacyc,PWY-6626,,cytidine-5-diphosphate-glycerol biosynthesis,47406|47407|47404|47405,2.7.1|2.7.7|1.1.1|1.1.1,2.7.1|2.7.7|1.1.1|1.1.1,3005
1041.0,ME.1041,metacyc,PWY-8099,,tetrahydropteridine recycling,49432|49431,4.2.1.96|1.5.1.34,4.2.1|1.5.1,3352
1042.0,ME.1042,metacyc,PWY-7287,,novobiocin biosynthesis,32967|32971|32970|32969|32968,2.1.1.284|6.3.1.15|2.4.1.302|2.1.3.12|2.1.1.285,2.1.1|6.3.1|2.4.1|2.1.3|2.1.1,523
1043.0,ME.1043,metacyc,PWY-5462,,methylglyoxal degradation II,33753,1.2.1.49,1.2.1,641
1044.0,ME.1044,metacyc,AST-PWY,,L-arginine degradation II (AST pathway),41698|41694|41695|41696|41697,3.5.1.96|2.3.1.109|2.6.1.81|3.5.3.23|1.2.1.71,3.5.1|2.3.1|2.6.1|3.5.3|1.2.1,2006
1045.0,ME.1045,metacyc,PWY-7230,,ubiquinol-6 biosynthesis from 4-aminobenzoate (yeast),39601|39598|39599|39600|39603|39604|39605|39602,2.1.1.114|2.1.1.64|4.1.1|1.14.13|2.1.1.201|1.14.99.60,2.1.1|2.1.1|4.1.1|1.14.13|2.1.1|1.14.99,1638
1046.0,ME.1046,metacyc,PWY-6455,,vancomycin resistance II,43411|43412,3.4.13.22|6.3.2.35,3.4.13|6.3.2,2318
1048.0,ME.1048,metacyc,PWY0-1295,,pyrimidine ribonucleosides degradation,44854|44854|44853,2.4.2.3|2.4.2.2|3.5.4.5,2.4.2|2.4.2|3.5.4,2557
1049.0,ME.1049,metacyc,PWY-6720,,toyocamycin biosynthesis,49760|49764|49763|49762|49761,2.4.2|3.1.3|4.3.2|6.3.4|1.7.1,2.4.2|3.1.3|4.3.2|6.3.4|1.7.1,3408
1050.0,ME.1050,metacyc,ARGDEG-V-PWY,,L-arginine degradation X (arginine monooxygenase pathway),31056|31055|31057,1.13.12.1|3.5.3.7|3.5.1.4,1.13.12|3.5.3|3.5.1,171
1051.0,ME.1051,metacyc,PWY-6454,,vancomycin resistance I,37044|37045|37046,1.1.1.28|3.4.13.22|6.1.2.1,1.1.1|3.4.13|6.1.2,1183
1052.0,ME.1052,metacyc,PWY-8057,,pyruvoyl group formation from L-serine,32854|32855|32857|32856,,,506
1053.0,ME.1053,metacyc,CALVIN-PWY,,Calvin-Benson-Bassham cycle,34803|34809|34808|34807|34806|34805|34804|34802|34801|34800|34799|34798,4.1.1.39|2.2.1.1|4.1.2.13|2.7.2.3|2.7.1.19|2.2.1.1|4.1.2.13|5.3.1.6|5.3.1.1|3.1.3.11|3.1.3.37|1.2.1.59,4.1.1|2.2.1|4.1.2|2.7.2|2.7.1|2.2.1|4.1.2|5.3.1|5.3.1|3.1.3|3.1.3|1.2.1,825
1054.0,ME.1054,metacyc,PWY-6991,,(-)-camphor biosynthesis,40738|40737|40739,5.5.1.22|1.1.1.227|3.1.3,5.5.1|1.1.1|3.1.3,1842
1055.0,ME.1055,metacyc,PWY-5818,,validamycin biosynthesis,34334|34340|34342|34333|34341|34344|34335|34336|34337|34338|34343|34339,1.14.11.52|1.1.1|4.2.3.152|1.3.1|2.4.1.338|3.1.3.101|2.7.1.214|2.7.7.91|2.5.1.135,1.14.11|1.1.1|4.2.3|1.3.1|2.4.1|3.1.3|2.7.1|2.7.7|2.5.1,740
1056.0,ME.1056,metacyc,PWY-5456,,methylglyoxal degradation VII,31926,1.2.1.23,1.2.1,323
1057.0,ME.1057,metacyc,ARGDEG-III-PWY,,L-arginine degradation IV (arginine decarboxylase/agmatine deiminase pathway),50420|50422|50421,3.5.1.53|4.1.1.19|3.5.3.12,3.5.1|4.1.1|3.5.3,3512
1058.0,ME.1058,metacyc,PWY-5872,,ubiquinol-10 biosynthesis (eukaryotic),43445|43452|43449|43453|43451|43450|43448|43447|43446,2.5.1.91|4.1.1|1.14.99.60|2.1.1.201|2.5.1.39|2.1.1.114|2.1.1.64,2.5.1|4.1.1|1.14.99|2.1.1|2.5.1|2.1.1|2.1.1,2325
1059.0,ME.1059,metacyc,PWY-7928,,nickel cofactor biosynthesis,42752|42753|42754|42755|42756|42757|42758|42759,2.5.1.143|4.4.1.37|4.4.1.37|4.4.1.37|4.4.1.37|4.4.1.37|4.4.1.37|4.99.1.12,2.5.1|4.4.1|4.4.1|4.4.1|4.4.1|4.4.1|4.4.1|4.99.1,2189
1060.0,ME.1060,metacyc,PWY-6990,,(+)-camphor biosynthesis,47595|47593|47594,3.1.3|5.5.1.8|1.1.1.198,3.1.3|5.5.1|1.1.1,3039
1061.0,ME.1061,metacyc,PWY-5848,,cinchona alkaloids biosynthesis,32375|32376|32377|32378,1.1.1|1.1.1,1.1.1|1.1.1,417
1062.0,ME.1062,metacyc,PWY-6451,,3-carene biosynthesis,33267,4.2.3,4.2.3,570
1063.0,ME.1063,metacyc,PWY-8032,,chloramphenicol biosynthesis,44636|44634|44637|44631|44632|44633|44639|44638|44635,6.2.1|5.4.99.67|1.14.99.65|2.6.1|2.6.1.85|1.14.99.67|2.3.1|1.3.1.121,6.2.1|5.4.99|1.14.99|2.6.1|2.6.1|1.14.99|2.3.1|1.3.1,2512
1064.0,ME.1064,metacyc,ARG-GLU-PWY,,L-arginine degradation VII (arginase 3 pathway),49526|49525,4.3.1.12|3.5.3.1,4.3.1|3.5.3,3371
1065.0,ME.1065,metacyc,PWY-7710,,FeMo cofactor biosynthesis,31763|31766|31768|31765|31767|31764,2.3.3.14,2.3.3,292
1066.0,ME.1066,metacyc,PWY-6397,,mycolyl-arabinogalactan-peptidoglycan complex biosynthesis,50140|50145|50149|50150|50143|50146|50151|50142|50141|50148|50138|50139|50147|50144,1.1.98.3|2.4.1|2.4.2.47|2.4.1.289|2.4.1.288|2.7.8.35|2.4.2.45|2.4.2.46|5.4.99.9|1.1.1.333|2.4.1,1.1.98|2.4.1|2.4.2|2.4.1|2.4.1|2.7.8|2.4.2|2.4.2|5.4.99|1.1.1|2.4.1,3473
1067.0,ME.1067,metacyc,PWY-6445,,fenchol biosynthesis II,32313|32312|32314,4.2.3.10|4.2.3.16|4.2.3.119,4.2.3|4.2.3|4.2.3,398
1068.0,ME.1068,metacyc,PWY-6326,,camptothecin biosynthesis,46414|46415|46412|46413|46416,1.14.14,1.14.14,2816
1069.0,ME.1069,metacyc,PWY-5928,,(4R)-carvone biosynthesis,44295|44296|44294,1.1.1.243|1.14.14.51|4.2.3.16,1.1.1|1.14.14|4.2.3,2464
1070.0,ME.1070,metacyc,PWY-7733,,3-hydroxyquinaldate biosynthesis,43419|43420|43416|43414|43417|43413|43418|43415,3.5.1.9|1.14.13|1.17.1|3.1.2|2.6.1|1.13.11,3.5.1|1.14.13|1.17.1|3.1.2|2.6.1|1.13.11,2319
1071.0,ME.1071,metacyc,MGLDLCTANA-PWY,,methylglyoxal degradation VI,38372|38370|38371|38371|38371|38369,1.1.2.4|1.1.1.77|1.2.1.23|1.2.1.3|1.2.1.22|1.1.1.78,1.1.2|1.1.1|1.2.1|1.2.1|1.2.1|1.1.1,1424
1072.0,ME.1072,metacyc,PWY-5742,,L-arginine degradation IX (arginine:pyruvate transaminase pathway),34977|34976|34978|34979,1.2.1.54|3.5.3.7|4.1.1.75|2.6.1.84,1.2.1|3.5.3|4.1.1|2.6.1,850
1073.0,ME.1073,metacyc,PWY-5857,,ubiquinol-10 biosynthesis (prokaryotic),33805|33811|33812|33809|33808|33807|33806|33810,2.1.1.64|2.1.1.201|1.14.99.60|1.14.13.240|4.1.1.98|2.5.1.39|2.1.1.222,2.1.1|2.1.1|1.14.99|1.14.13|4.1.1|2.5.1|2.1.1,655
1074.0,ME.1074,metacyc,PWY-7639,,bis(guanylyl molybdenum cofactor) biosynthesis,31682|31683,,,271
1075.0,ME.1075,metacyc,PWY-5813,,bornyl diphosphate biosynthesis,39840,5.5.1.8,5.5.1,1691
1076.0,ME.1076,metacyc,PWY-7697,,geranyl beta-primeveroside biosynthesis,43197|43196,2.4.1|2.4.1,2.4.1|2.4.1,2276
1077.0,ME.1077,metacyc,PWY-7580,,phycoerythrobilin biosynthesis II,46450|46452|46451,1.3.7.6|5.2.1|1.14.15.20,1.3.7|5.2.1|1.14.15,2825
1078.0,ME.1078,metacyc,PWY-7182,,linalool biosynthesis I,38848|38847,4.2.3.26|2.5.1.1,4.2.3|2.5.1,1508
1079.0,ME.1079,metacyc,PWY-6447,,trichome monoterpenes biosynthesis,43138|43136|43137|43135|43134|43134|43133|43132,4.2.3.51|4.2.3.107|4.2.3.104|4.2.3.119|2.5.1.28,4.2.3|4.2.3|4.2.3|4.2.3|2.5.1,2264
1080.0,ME.1080,metacyc,PWY-7025,,gentamicin biosynthesis,50386|50384|50379|50378|50376|50382|50381|50385|50383|50380|50377,2.1.1|2.1.1|2.1.1|2.1.1|2.4.2,2.1.1|2.1.1|2.1.1|2.1.1|2.4.2,3507
1081.0,ME.1081,metacyc,PWY-5458,,methylglyoxal degradation V,44782|44783|44784,1.2.1.22|1.1.1.283|1.1.2.3,1.2.1|1.1.1|1.1.2,2541
1082.0,ME.1082,metacyc,PWY-7233,,ubiquinol-6 bypass biosynthesis (eukaryotic),44997|44996|44995|44999|45000|44998,4.1.1|2.1.1.64|2.1.1.114|2.1.1.201|1.14.99.60|1.14.13,4.1.1|2.1.1|2.1.1|2.1.1|1.14.99|1.14.13,2589
1083.0,ME.1083,metacyc,PWY-7579,,phycourobilin biosynthesis,42575|42576|42577|42578|42574,1.3.7.2|1.14.15.20|5.2.1|4.4.1.33|1.3.7.3,1.3.7|1.14.15|5.2.1|4.4.1|1.3.7,2150
1084.0,ME.1084,metacyc,PWY-6436,,perillyl aldehyde biosynthesis,44655|44657|44656,4.2.3.16|1.14.14.52|1.14.14.52,4.2.3|1.14.14|1.14.14,2515
1085.0,ME.1085,metacyc,PWY-5829,,geraniol and geranial biosynthesis,30867|30868,1.1.1.183|3.1.7.11,1.1.1|3.1.7,129
1086.0,ME.1086,metacyc,PWY-6666,,pyocyanin biosynthesis,50110|50109,2.1.1.327|1.14.13.218,2.1.1|1.14.13,3466
1087.0,ME.1087,metacyc,PWY-5398,,crocetin esters biosynthesis,48217|48219|48215|48218|48216|48220,2.4.1.271|2.4.1.330|2.4.1.271|2.4.1.330|2.4.1.271|2.4.1.330,2.4.1|2.4.1|2.4.1|2.4.1|2.4.1|2.4.1,3150
1088.0,ME.1088,metacyc,PWY-7578,,phycoviolobilin biosynthesis,42285|42283|42284|42286,5.2.1|1.3.7.5|1.14.15.20|4.4.1.31,5.2.1|1.3.7|1.14.15|4.4.1,2101
1089.0,ME.1089,metacyc,PWY-3061,,menthol biosynthesis,49201|49202|49203|49204|49205|49206|49207|49208|49209|49210|49211|49212,4.2.3.16|1.1.1.223|1.1.1.207|1.1.1.208|1.3.1.81|1.3.1.81|1.3.1.82|1.1.1.208|1.1.1.207|5.3.3|1.14.14.99|1.14.14.143,4.2.3|1.1.1|1.1.1|1.1.1|1.3.1|1.3.1|1.3.1|1.1.1|1.1.1|5.3.3|1.14.14|1.14.14,3314
1090.0,ME.1090,metacyc,PWY-5782,,2-keto-L-gulonate biosynthesis,44718|44721|44720|44719,1.1.99.21|1.1.99.32,1.1.99|1.1.99,2531
1091.0,ME.1091,metacyc,PWY-6449,,fenchone biosynthesis,37308|37307|37306,4.2.3.10,4.2.3,1220
1092.0,ME.1092,metacyc,PWY-5757,,fosfomycin biosynthesis,36002|36005|36003|36004|36001|36000|35999,1.1.1.309|2.1.1.308|2.7.7.104|3.6.1|1.11.1.23|4.1.1.82|5.4.2.9,1.1.1|2.1.1|2.7.7|3.6.1|1.11.1|4.1.1|5.4.2,1010
1093.0,ME.1093,metacyc,PWY-5386,,methylglyoxal degradation I,31013|31013|31012|31011|31010,1.1.5.10|1.1.5.12|1.1.5.12|3.1.2.6|4.4.1.5,1.1.5|1.1.5|1.1.5|3.1.2|4.4.1,158
1094.0,ME.1094,metacyc,PWY-6681,,neurosporaxanthin biosynthesis,40042|40041|40043|40040|40039|40038|40037,1.2.1|2.5.1|2.5.1|1.13.11.59|1.2.1.82|1.3.99.30,1.2.1|2.5.1|2.5.1|1.13.11|1.2.1|1.3.99,1710
1095.0,ME.1095,metacyc,PWY-5873,,ubiquinol-7 biosynthesis (eukaryotic),36661|36662|36660|36659|36664|36665|36663,1.14.99.60|2.1.1.64|2.1.1.201|2.1.1.114|4.1.1,1.14.99|2.1.1|2.1.1|2.1.1|4.1.1,1115
1096.0,ME.1096,metacyc,PWY-7250,,[2Fe-2S] iron-sulfur cluster biosynthesis,32042|32041|32040,2.8.1.7|3.6.4|2.8.1.7,2.8.1|3.6.4|2.8.1,344
1097.0,ME.1097,metacyc,PWY-6437,,fenchol biosynthesis I,36768|36770|36766|36767|36769,4.2.3.10,4.2.3,1129
1098.0,ME.1098,metacyc,PWY-8044,,cyclohexane-1-carboxyl-CoA biosynthesis,50092|50088|50094|50093|50090|50095|50096|50091|50089,1.3.1.120|1.3.1.120|1.3.1.120,1.3.1|1.3.1|1.3.1,3461
1099.0,ME.1099,metacyc,PWY-5423,,oleoresin monoterpene volatiles biosynthesis,35275|35268|35269|35270|35271|35272|35273|35274,4.2.3.120|4.2.3.15|4.2.3.16|4.2.3.52|4.2.3|4.2.3.105|4.2.3.117|4.2.3.119,4.2.3|4.2.3|4.2.3|4.2.3|4.2.3|4.2.3|4.2.3|4.2.3,896
1100.0,ME.1100,metacyc,PWY-7911,,6-dechloromelleolide F biosynthesis,44335|44336|44338|44337,4.2.3.135|1.14.19,4.2.3|1.14.19,2472
1101.0,ME.1101,metacyc,PWY-5305,,bixin biosynthesis,42904|42903|42902|42901,2.1.1|2.1.1|1.2.1|1.13.12,2.1.1|2.1.1|1.2.1|1.13.12,2222
1102.0,ME.1102,metacyc,PWY-4203,,volatile benzenoid biosynthesis I (ester formation),37972|37974|37973|37971,2.1.1.273|2.3.1.224|2.1.1.274|2.3.1.196,2.1.1|2.3.1|2.1.1|2.3.1,1335
1103.0,ME.1103,metacyc,PWY-7170,,phytochromobilin biosynthesis,32328|32327,1.14.15.20|1.3.7.4,1.14.15|1.3.7,402
1104.0,ME.1104,metacyc,PWY-7443,,(4S)-carvone biosynthesis,37733|37735|37734,4.2.3.20|1.14.14.53|1.1.1.275,4.2.3|1.14.14|1.1.1,1304
1106.0,ME.1106,metacyc,PWY-7706,,dapdiamides biosynthesis,46697|46701|46705|46703|46704|46702|46700|46699|46693|46694|46698|46695|46696,6.3.2.47|3.1.2|2.7.7|2.3.1|2.7.1.225|2.5.1.140|6.3.2.46|6.3.2.47|1.5.1.51|6.3.2.47|6.3.2.47,6.3.2|3.1.2|2.7.7|2.3.1|2.7.1|2.5.1|6.3.2|6.3.2|1.5.1|6.3.2|6.3.2,2870
1107.0,ME.1107,metacyc,PWY-5459,,methylglyoxal degradation IV,42003,1.1.1.283,1.1.1,2064
1108.0,ME.1108,metacyc,PWY-5397,,crocetin biosynthesis,48530|48529|48533|48532|48531,1.13.11.84|1.13.11.84|2.4.1|1.2|4.2.99,1.13.11|1.13.11|2.4.1|1.2|4.2.99,3202
1109.0,ME.1109,metacyc,PWY-5870,,ubiquinol-8 biosynthesis (eukaryotic),34512|34513|34514|34511|34510|34509|34508|34515,2.1.1.201|1.14.99.60|4.1.3.40|2.1.1.64|2.1.1.114|4.1.1,2.1.1|1.14.99|4.1.3|2.1.1|2.1.1|4.1.1,775
1110.0,ME.1110,metacyc,PWY-5382,,"hydrogen oxidation II (aerobic, NAD)",42829|42829|42829|42829,1.12.1.5|1.12.99.6|1.12.7.2|1.12.1.2,1.12.1|1.12.99|1.12.7|1.12.1,2203
1111.0,ME.1111,metacyc,PWY-7064,,3-amino-3-phenylpropanoyl-CoA biosynthesis,37587|37587|37588,5.4.3.11|5.4.3.10|6.2.1,5.4.3|5.4.3|6.2.1,1266
1112.0,ME.1112,metacyc,PWY-7398,,coumarins biosynthesis (engineered),32290|32298|32293|32294|32297|32295|32288|32287|32291|32292|32289|32293|32287|32286|32296,6.2.1.12|4.3.1.23|1.14.11.62|1.14.11|1.14.11.61|4.3.1.23|1.14.14|1.14.14|6.2.1.12|4.3.1.25|4.3.1.25|2.1.1.104,6.2.1|4.3.1|1.14.11|1.14.11|1.14.11|4.3.1|1.14.14|1.14.14|6.2.1|4.3.1|4.3.1|2.1.1,395
1113.0,ME.1113,metacyc,PWY-7058,,esculetin modification,42890|42886|42884|42885|42889|42888|42887,2.1.1|2.1.1|2.4.1|2.4.1|2.1.1|2.4.1|2.4.1.126,2.1.1|2.1.1|2.4.1|2.4.1|2.1.1|2.4.1|2.4.1,2219
1114.0,ME.1114,metacyc,PWY-7564,,bacimethrin and bacimethrin pyrophosphate biosynthesis,44949|44947|44950|44948,2.1.1|2.1.2|2.7.6|3.2.2,2.1.1|2.1.2|2.7.6|3.2.2,2581
1115.0,ME.1115,metacyc,PWY-7950,,diadinoxanthin and fucoxanthin biosynthesis,41950|41951|41948|41949|41952,2.3.1|1.3.99,2.3.1|1.3.99,2056
1116.0,ME.1116,metacyc,PWY18C3-22,,methylsalicylate biosynthesis,42530,2.1.1.274,2.1.1,2142
1117.0,ME.1117,metacyc,PWY-6476,,cytidylyl molybdenum cofactor biosynthesis,47381,2.7.7.76,2.7.7,3001
1118.0,ME.1118,metacyc,PWY-7055,,daphnetin modification,38044|38047|38046|38045,2.1.1|2.4.1|2.4.1.91|2.4.1.126,2.1.1|2.4.1|2.4.1|2.4.1,1348
1119.0,ME.1119,metacyc,NAD-BIOSYNTHESIS-II,,NAD salvage pathway III (to nicotinamide riboside),33367|33366|33368,3.1.3.5|3.6.1.22|3.1.3.108,3.1.3|3.6.1|3.1.3,591
1120.0,ME.1120,metacyc,PWY-5365,,linear furanocoumarin biosynthesis,44523|44525|44522|44521|44524,1.14.14.66|2.5.1.139|2.1.1.69|1.14.14.141,1.14.14|2.5.1|2.1.1|1.14.14,2497
1121.0,ME.1121,metacyc,PWY-7019,,butirosin biosynthesis,42655|42653|42652|42657|42656|42654,6.2.1.39|6.2.1.39|4.3.2.6|2.3.2.19|1.14.14.13|4.1.1.95,6.2.1|6.2.1|4.3.2|2.3.2|1.14.14|4.1.1,2166
1122.0,ME.1122,metacyc,PWY-7947,,flexixanthin biosynthesis,37680|37682|37678|37679|37681,5.5.1.19|1.14.15.24|1.3.99.27|4.2.1.131|1.14.99.63,5.5.1|1.14.15|1.3.99|4.2.1|1.14.99,1291
1123.0,ME.1123,metacyc,PWY-5855,,ubiquinol-7 biosynthesis (prokaryotic),41637|41634|41633|41632|41631|41635|41636,2.1.1.64|2.1.1.222|1.14.13.240|4.1.1.98|2.1.1.201|1.14.99.60,2.1.1|2.1.1|1.14.13|4.1.1|2.1.1|1.14.99,1994
1124.0,ME.1124,metacyc,PWY-6512,,"hydrogen oxidation III (anaerobic, NADP)",42733,1.12.1.5,1.12.1,2184
1125.0,ME.1125,metacyc,PWY-6420,,pyrroloquinoline quinone biosynthesis,49916|49917|49919|49920|49918|49914|49915,1.1.99|1.3.3.11|1.21.98.4,1.1.99|1.3.3|1.21.98,3437
1126.0,ME.1126,metacyc,PWY-5176,,coumarin biosynthesis (via 2-coumarate),32585|32587|32586|32583|32584|32582,3.2.1.21|3.2.1.21|2.4.1.114|5.2.1|1.14.13.14,3.2.1|3.2.1|2.4.1|5.2.1|1.14.13,462
1127.0,ME.1127,metacyc,PWY-7186,,superpathway of scopolin and esculin biosynthesis,30628|30630|30626|30621|30622|30623|30624|30627|30625|30629,2.1.1.68|2.4.1|2.1.1|2.4.1.128|1.14.14.96|1,2.1.1|2.4.1|2.1.1|2.4.1|1.14.14|1,80
1128.0,ME.1128,metacyc,PWY-6345,,K-252 biosynthesis,35896|35897|35891|35890|35892|35894|35895|35893,1.21.98.2|1.4.3.23,1.21.98|1.4.3,994
1129.0,ME.1129,metacyc,PWY-7940,,lauryl-hydroxychlorobactene glucoside biosynthesis,49597|49596|49595,4.2.1.131,4.2.1,3384
1130.0,ME.1130,metacyc,PWY18C3-23,,guaiacol biosynthesis,32549,2.1.1.6,2.1.1,454
1131.0,ME.1131,metacyc,PWY-6148,,tetrahydromethanopterin biosynthesis,32494|32486|32490|32489|32492|32493|32495|32482|32483|32484|32485|32487|32488|32491,6.3.1|2.7.6.3|2.5.1.105|4.3.2|4.1.2.25|2.4.2.54|4.1.3.40|1.5.99.15|3.1.3|2.4.2|2.1.1,6.3.1|2.7.6|2.5.1|4.3.2|4.1.2|2.4.2|4.1.3|1.5.99|3.1.3|2.4.2|2.1.1,439
1132.0,ME.1132,metacyc,PWY-6792,,scopoletin biosynthesis,44493|44494|44495,2.1.1.104|1.14.11.61,2.1.1|1.14.11,2491
1133.0,ME.1133,metacyc,PWY3O-4107,,NAD salvage pathway V (PNC V cycle),42817|42816|42818|42819|42820,3.5.1.19|6.3.5.1|6.3.4.21|2.7.7.18|2.3.1.286,3.5.1|6.3.5|6.3.4|2.7.7|2.3.1,2200
1134.0,ME.1134,metacyc,PWY-5319,,coumarin metabolism (to melilotic acid),35552|35551,1.3|3.1.1.35,1.3|3.1.1,934
1135.0,ME.1135,metacyc,PWY-7939,,chlorobactene biosynthesis,35449|35450,5.5.1.19|1.3.99.39,5.5.1|1.3.99,919
1136.0,ME.1136,metacyc,PWY-6708,,ubiquinol-8 biosynthesis (prokaryotic),47106|47105|47107|47101|47102|47103|47104,2.1.1.201|1.14.99.60|2.1.1.222|2.1.1.64|4.1.1.98|1.14.13.240,2.1.1|1.14.99|2.1.1|2.1.1|4.1.1|1.14.13,2953
1138.0,ME.1138,metacyc,PWY-5964,,guanylyl molybdenum cofactor biosynthesis,36246,2.7.7.77,2.7.7,1062
1139.0,ME.1139,metacyc,PWY-7304,,"3-amino-4,7-dihydroxy-coumarin biosynthesis",34409|34413|34410|34411|34412,1.14.13|1.1.1|1.14.13,1.14.13|1.1.1|1.14.13,751
1140.0,ME.1140,metacyc,MALATE-ASPARTATE-SHUTTLE-PWY,,malate/L-aspartate shuttle pathway,41959|41959|41959|41959|41959|41959|41959|41959|41959|41959|41959|41960|41959,1.1.1.82|1.1.1.337|1.1.1.27|1.1.1.85|1.1.1.375|1.1.1.38|1.1.1.81|1.1.1.37|1.1.1.28|1.1.1.299|1.1.1.96|2.6.1.1|1.1.1.95,1.1.1|1.1.1|1.1.1|1.1.1|1.1.1|1.1.1|1.1.1|1.1.1|1.1.1|1.1.1|1.1.1|2.6.1|1.1.1,2058
1141.0,ME.1141,metacyc,PWY-7645,,hyaluronan degradation,32657|32658|32657,3.2.1.179|4.2.2.1|3.2.1.180,3.2.1|4.2.2|3.2.1,478
1142.0,ME.1142,metacyc,PWY-6982,,umbelliferone biosynthesis,36249|36248|36247,1.14.11.62|6.2.1.12,1.14.11|6.2.1,1063
1143.0,ME.1143,metacyc,PWY-7812,,tetracycline and oxytetracycline biosynthesis,39135|39136|39137|39138|39139|39140|39132|39133|39134,1.14.13.233|1.14.13.234|2.1.1.335|2.1.1.335|1.3.98.4|1.14.13.38|1.3.98.4|1.14.13.232,1.14.13|1.14.13|2.1.1|2.1.1|1.3.98|1.14.13|1.3.98|1.14.13,1552
1144.0,ME.1144,metacyc,PWY-7638,,echinenone and zeaxanthin biosynthesis (Synechocystis),44711|44711|44714|44711|44713|44712|44712|44712,1.14.13|1.14.15.24|1.14.13|1.14|1.5.3|1.14|1.14.13|1.14.15.24,1.14.13|1.14.15|1.14.13|1.14|1.5.3|1.14|1.14.13|1.14.15,2528
1145.0,ME.1145,metacyc,PWY-5963,,thio-molybdenum cofactor biosynthesis,48276,2.8.1.9,2.8.1,3157
1146.0,ME.1146,metacyc,PWY-5349,,esculetin biosynthesis,48799|48800,1.14.11,1.14.11,3250
1147.0,ME.1147,metacyc,PWY66-367,,ketogenesis,49508|49511|49511|49510|49509|49512,1.1.1.30|2.3.1.16|2.3.1.9|4.1.3.4|4.1.1.4|2.3.3.10,1.1.1|2.3.1|2.3.1|4.1.3|4.1.1|2.3.3,3367
1148.0,ME.1148,metacyc,PWY-7882,,IM-2 type gamma-butyrolactones biosynthesis,39064|39063|39061|39062|39065,3.1.3|1.3.1.113|2.3.1.277,3.1.3|1.3.1|2.3.1,1534
1149.0,ME.1149,metacyc,PWY-5653,,NAD biosynthesis from 2-amino-3-carboxymuconate semialdehyde,37840|37839|37838|37837,2.7.7.18|2.4.2.19|6.3.5.1,2.7.7|2.4.2|6.3.5,1318
1150.0,ME.1150,metacyc,PWY-4922,,6-methoxymellein biosynthesis,35730|35729,2.3.1|2.1.1.108,2.3.1|2.1.1,970
1151.0,ME.1151,metacyc,PWY-7693,,guadinomine B biosynthesis,31396|31397|31395|31402|31400|31399|31398|31394|31393|31393|31393|31393|31392|31392|31391|31391|31390|31401,6.2.1|2.1.3|1.2.98|1.1.1|2.3.1|6.3.4.14|6.3.5.5|6.3.4.16|2.7.2.2|6.3.5.5|6.3.4.16|6.3.5.5|6.3.4.16|2.1.4.1,6.2.1|2.1.3|1.2.98|1.1.1|2.3.1|6.3.4|6.3.5|6.3.4|2.7.2|6.3.5|6.3.4|6.3.5|6.3.4|2.1.4,230
1152.0,ME.1152,metacyc,PWY-7637,,"2,2-dihydroxyketocarotenoids biosynthesis",36047|36043|36048|36044|36045|36046,1.14.13|1.14.13|1.14.13|1.14.13|1.14.13|1.14.13,1.14.13|1.14.13|1.14.13|1.14.13|1.14.13|1.14.13,1019
1153.0,ME.1153,metacyc,PWY-5871,,ubiquinol-9 biosynthesis (eukaryotic),39228|39229|39231|39232|39235|39230|39234|39233,2.5.1.39|2.1.1.64|2.1.1.201|1.14.99.60|4.1.1|2.1.1.114,2.5.1|2.1.1|2.1.1|1.14.99|4.1.1|2.1.1,1578
1154.0,ME.1154,metacyc,PWY-5917,,phycocyanobilin biosynthesis,33444|33443|33445,1.14.15.20|1.3.7.5|5.2.1,1.14.15|1.3.7|5.2.1,605
1155.0,ME.1155,metacyc,PWY-5037,,caffeine biosynthesis I,31000|30998|30997|30999,3.2.2.25|2.1.1.160|2.1.1.159|2.1.1.158,3.2.2|2.1.1|2.1.1|2.1.1,154
1157.0,ME.1157,metacyc,PWY-7646,,dermatan sulfate degradation I (bacterial),37139|37138|37139|37140|37141,4.2.2.19|3.1.6.9|4.2.2.20|4.2.2.21|3.2.1.179,4.2.2|3.1.6|4.2.2|4.2.2|3.2.1,1202
1158.0,ME.1158,metacyc,PWY-5038,,caffeine biosynthesis II (via paraxanthine),32245|32244|32243|32242,3.2.2.25|2.1.1.158|2.1.1.160,3.2.2|2.1.1|2.1.1,381
1159.0,ME.1159,metacyc,PWY-7485,,tetracenomycin C biosynthesis,45672|45667|45668|45669|45670|45671|45674|45673,1.13.12.21|4.2.1.154|1.14.13.200|2.1.1|2.1.1|2.1.1,1.13.12|4.2.1|1.14.13|2.1.1|2.1.1|2.1.1,2696
1160.0,ME.1160,metacyc,PWY-7636,,astaxanthin biosynthesis (flowering plants),33218|33214|33213|33212|33217|33219|33216|33215,1.1.99|1.14.15.24|1.14.15.24|1.3.99|1.14.15|1.3.99|1.1.99,1.1.99|1.14.15|1.14.15|1.3.99|1.14.15|1.3.99|1.1.99,557
1161.0,ME.1161,metacyc,PWY-5915,,phycoerythrobilin biosynthesis I,41496|41497|41498|41499,1.3.7.3|1.3.7.2|1.14.15.20|5.2.1,1.3.7|1.3.7|1.14.15|5.2.1,1968
1162.0,ME.1162,metacyc,PWY-5039,,theobromine biosynthesis I,35327|35326|35325,3.2.2.25|2.1.1.158|2.1.1.159,3.2.2|2.1.1|2.1.1,902
1163.0,ME.1163,metacyc,PWY66-368,,ketolysis,32250|32249|32248|32249,2.8.3.5|2.3.1.16|1.1.1.30|2.3.1.9,2.8.3|2.3.1|1.1.1|2.3.1,383
1164.0,ME.1164,metacyc,PWY-7878,,A-factor gamma-butyrolactone biosynthesis,41181|41179|41180|41182,1.3.1.113|3.1.3|2.3.1.277,1.3.1|3.1.3|2.3.1,1930
1165.0,ME.1165,metacyc,PWY-7029,,terminal olefins biosynthesis II,36138,2.3.1,2.3.1,1045
1166.0,ME.1166,metacyc,NAD-BIOSYNTHESIS-III,,NAD biosynthesis III (from nicotinamide),30563|30564,2.4.2.12|2.7.7.1,2.4.2|2.7.7,65
1167.0,ME.1167,metacyc,PWY-5040,,theobromine biosynthesis II (via xanthine),50223|50222,,,3481
1168.0,ME.1168,metacyc,PWY-7015,,ribostamycin biosynthesis,33078|33080|33079|33077,2.6.1.93|2.4.2.49|3.1.3.88|1.1.3.43,2.6.1|2.4.2|3.1.3|1.1.3,537
1169.0,ME.1169,metacyc,PWY-7623,,astaxanthin dirhamnoside biosynthesis,39180,2.4.1,2.4.1,1561
1170.0,ME.1170,metacyc,PWY-5856,,ubiquinol-9 biosynthesis (prokaryotic),49227|49221|49222|49223|49224|49225|49228|49226,2.1.1.201|2.5.1.39|2.1.1.64|4.1.1.98|1.14.13.240|2.1.1.222|1.14.99.60,2.1.1|2.5.1|2.1.1|4.1.1|1.14.13|2.1.1|1.14.99,3317
1171.0,ME.1171,metacyc,PWY-5796,,malonate decarboxylase activation,44033|44034,2.4.2.52|2.7.7.66,2.4.2|2.7.7,2421
1173.0,ME.1173,metacyc,PWY-7035,,(9Z)-tricosene biosynthesis,44583|44584|44585|44586|44587|44588|44581|44582|44575|44576|44577|44578|44579|44580,4.2.1.134|1.3.1.93|2.3.1.199|1.1.1.330|4.2.1.134|1.3.1.93|2.3.1.199|1.1.1.330|1.14.14|1.2.1|2.3.1.199|1.1.1.330|4.2.1.134|1.3.1.93,4.2.1|1.3.1|2.3.1|1.1.1|4.2.1|1.3.1|2.3.1|1.1.1|1.14.14|1.2.1|2.3.1|1.1.1|4.2.1|1.3.1,2503
1174.0,ME.1174,metacyc,PWY-7651,,heparan sulfate degradation,34973|34975|34974,3.10.1.1|3.2.1.56|4.2.2.8,3.10.1|3.2.1|4.2.2,849
1175.0,ME.1175,metacyc,PWY-2841,,cytokinins degradation,37168|37165|37166|37167|37164,1.5.99|1.5.99|1.5.99|1.5.99|1.5.99,1.5.99|1.5.99|1.5.99|1.5.99|1.5.99,1207
1176.0,ME.1176,metacyc,PWY-6003,,gramicidin S biosynthesis,40469|40468|40470,,,1785
1177.0,ME.1177,metacyc,PWY-7591,,okenone biosynthesis,50070|50071|50073|50074|50069|50069|50069|50069|50072,4.2.1.131|5.5.1.19|2.1.1|1.3.99.40|1.3.99.26|1.3.99.30|1.3.99.28|1.3.99.31,4.2.1|5.5.1|2.1.1|1.3.99|1.3.99|1.3.99|1.3.99|1.3.99,3457
1178.0,ME.1178,metacyc,PWY-8042,,acylceramide biosynthesis,34187|34186|34188|34189|34190|34191|34192|34193|34194|34185|34184,2.3.1.298|3.1.2|2.3.1.296|2.3.1.298|2.3.1.296|2.3.1.298|2.3.1.296|2.3.1.298|2.3.1.296,2.3.1|3.1.2|2.3.1|2.3.1|2.3.1|2.3.1|2.3.1|2.3.1|2.3.1,716
1179.0,ME.1179,metacyc,PWY-5254,,methanofuran biosynthesis,45510|45503|45504|45505|45506|45507|45509|45508|45503,4.1.1.28|6.3.4.24|4.2.3.153|2.6.1.108|2.7.4.31|2.5.1.131|4.1.1.25,4.1.1|6.3.4|4.2.3|2.6.1|2.7.4|2.5.1|4.1.1,2665
1180.0,ME.1180,metacyc,PWY-2901,,cytokinins 9-N-glucoside biosynthesis,41522|41518|41517|41519|41520|41521,2.4.1|2.4.1|2.4.1|2.4.1|2.4.1|2.4.1,2.4.1|2.4.1|2.4.1|2.4.1|2.4.1|2.4.1,1972
1181.0,ME.1181,metacyc,PWY-6118,,glycerol-3-phosphate shuttle,31665|31664|31664|31664|31664|31664,1.1.5.3|1.1.1.1|1.1.1.94|1.1.5.3|1.1.1.8|1.1.1.261,1.1.5|1.1.1|1.1.1|1.1.5|1.1.1|1.1.1,267
1182.0,ME.1182,metacyc,PWY-7881,,virginiae butanolide type gamma-butyrolactones biosynthesis,36804|36806|36803|36802|36805,1.1.1.413|2.3.1.277|3.1.3,1.1.1|2.3.1|3.1.3,1140
1183.0,ME.1183,metacyc,PWY-7869,,cis-alkene biosynthesis,48588|48585|48587|48586,1.1.1.412|6.1.3.1|4.1.1.114|2.3.3.20,1.1.1|6.1.3|4.1.1|2.3.3,3219
1184.0,ME.1184,metacyc,PYRIDNUCSAL-PWY,,NAD salvage pathway I (PNC VI cycle),45883|45878|45879|45879|45880|45881|45882,2.7.7.18|6.3.5.1|3.2.2.6|3.2.2.14|3.6.1.22|3.5.1.19|6.3.4.21,2.7.7|6.3.5|3.2.2|3.2.2|3.6.1|3.5.1|6.3.4,2730
1185.0,ME.1185,metacyc,PWY-2681,,trans-zeatin biosynthesis,46604|46607|46608|46606|46609|46610|46614|46613|46611|46612|46605,2.5.1.27|2.5.1.112|1.14.14|1.14.14|1.14.14|3.2.2|2.5.1.112,2.5.1|2.5.1|1.14.14|1.14.14|1.14.14|3.2.2|2.5.1,2852
1186.0,ME.1186,metacyc,PWY-5631,,deacetylcephalosporin C biosynthesis,40106|40105,1.14.11.26|1.14.20.1,1.14.11|1.14.20,1727
1187.0,ME.1187,metacyc,PWY3O-19,,ubiquinol-6 biosynthesis from 4-hydroxybenzoate (eukaryotic),33385|33389|33388|33387|33390|33386|33391,2.1.1.114|2.1.1.201|1.14.13|4.1.1|2.1.1.64|1.14.99.60,2.1.1|2.1.1|1.14.13|4.1.1|2.1.1|1.14.99,596
1188.0,ME.1188,metacyc,PWY-7839,,lacto-series glycosphingolipids biosynthesis,37546|37552|37551|37550|37549|37548|37547,2.4.1.206|2.4.99.1|2.4.99.9|2.4.1.274|2.4.1.69|2.4.1.80|2.4.1.86,2.4.1|2.4.99|2.4.99|2.4.1|2.4.1|2.4.1|2.4.1,1261
1189.0,ME.1189,metacyc,PWY-5199,,factor 420 polyglutamylation,44848|44849,6.3.2.31|6.3.2.34,6.3.2|6.3.2,2554
1190.0,ME.1190,metacyc,PWY-2902,,cytokinin-O-glucosides biosynthesis,46256|46253|46254|46255,2.4.1|2.4.1.215|2.4.1.203|2.4.1,2.4.1|2.4.1|2.4.1|2.4.1,2794
1191.0,ME.1191,metacyc,PWY-7026,,terminal olefins biosynthesis I,38534,,,1455
1192.0,ME.1192,metacyc,PWY-7644,,heparin degradation,39054|39058|39057|39056|39055,3.1.6.11|3.2.1.56|3.1.6.13|4.2.2.7|3.10.1.1,3.1.6|3.2.1|3.1.6|4.2.2|3.10.1,1532
1193.0,ME.1193,metacyc,PWY-2781,,cis-zeatin biosynthesis,49125|49121|49122|49124|49123,2.5.1.75,2.5.1,3299
1194.0,ME.1194,metacyc,PWY-8040,,ansatrienin biosynthesis,46789|46786|46788|46787|46791|46790|46785,6.2.1.54,6.2.1,2886
1195.0,ME.1195,metacyc,PWY-7175,,nostoxanthin biosynthesis,40294|40293,1.14.13,1.14.13,1766
1196.0,ME.1196,metacyc,PWY-5129,,sphingolipid biosynthesis (plants),48161|48159|48158|48158|48162|48158|48160|48168|48167|48166|48165|48164|48163|48155|48156|48157|48158|48158,2.3.1.24|1.14.18.5|2.3.1.299|2.3.1.24|2.4.1.80|2.3.1.297|1.14.18.5|2.4.1.80|2.4.1|2.7.1.138|1.14.19.29|1.14.18.7|2.7.1|1.1.1.102|2.3.1.50|2.7.1.91|2.3.1.291|2.3.1.298,2.3.1|1.14.18|2.3.1|2.3.1|2.4.1|2.3.1|1.14.18|2.4.1|2.4.1|2.7.1|1.14.19|1.14.18|2.7.1|1.1.1|2.3.1|2.7.1|2.3.1|2.3.1,3144
1197.0,ME.1197,metacyc,PWY-5198,,factor 420 biosynthesis,46407|46408|46409|46410|46411,1.5.98.1|2.7.7.105|2.5.1.147|4.3.1.32|2.7.8.28,1.5.98|2.7.7|2.5.1|4.3.1|2.7.8,2815
1198.0,ME.1198,metacyc,PWY-7717,,3-hydroxy-4-methyl-anthranilate biosynthesis I,31059|31061|31063|31058|31059|31060|31062,1.13.11.52|1.14.13.9|1.13.11.11|3.5.1.9|3.7.1,1.13.11|1.14.13|1.13.11|3.5.1|3.7.1,172
1199.0,ME.1199,metacyc,PWY-5967,,lupinate biosynthesis,39119,2.5.1.50,2.5.1,1547
1200.0,ME.1200,metacyc,PWY-7027,,"hentriaconta-3,6,9,12,15,19,22,25,28-nonaene biosynthesis",45117|45116|45119|45118,1.1.1.412|2.3.3.20|4.1.1.114|6.1.3.1,1.1.1|2.3.3|4.1.1|6.1.3,2613
1201.0,ME.1201,metacyc,PWY-7761,,NAD salvage pathway II (PNC IV cycle),42573|42572|42571|42570,2.7.7.18|3.6.1.22|3.5.1.42|6.3.5.1,2.7.7|3.6.1|3.5.1|6.3.5,2149
1202.0,ME.1202,metacyc,PWY-2881,,cytokinins 7-N-glucoside biosynthesis,32961|32966|32965|32964|32963|32960|32962,2.4.1|2.4.1|2.4.1|2.4.1|2.4.1|2.4.1|2.4.1,2.4.1|2.4.1|2.4.1|2.4.1|2.4.1|2.4.1|2.4.1,522
1203.0,ME.1203,metacyc,PWY-6809,,neoxanthin biosynthesis,42624,5.3.99.9,5.3.99,2158
1204.0,ME.1204,metacyc,PWY3DJ-12,,ceramide de novo biosynthesis,40338|40341|40341|40341|40341|40340|40339|40343|40342|40341,1.1.1.102|2.3.1.24|2.3.1.299|2.3.1.298|2.3.1.291|1.14.19.17|2.3.1.50|2.3.1.24|1.14.19.17|2.3.1.297,1.1.1|2.3.1|2.3.1|2.3.1|2.3.1|1.14.19|2.3.1|2.3.1|1.14.19|2.3.1,1776
1205.0,ME.1205,metacyc,PWY-7765,,3-hydroxy-4-methyl-anthranilate biosynthesis II,35046|35044|35044|35043|35045|35047,1.13.11.52|1.13.11.11|1.14.13.9|3.5.1.9,1.13.11|1.13.11|1.14.13|3.5.1,867
1206.0,ME.1206,metacyc,PWY-5196,,factor 430 biosynthesis,42976|42977|42978|42979|42980|42981|42982,2.1.1.107|1.3.1.76|2.1.1.107|6.3.5.12|4.99.1.11|6.3.3.7|6.4.1.9,2.1.1|1.3.1|2.1.1|6.3.5|4.99.1|6.3.3|6.4.1,2238
1207.0,ME.1207,metacyc,PWY-6572,,chondroitin sulfate degradation I (bacterial),47262|47258|47260|47263|47259|47264|47262|47261|47265|47260,4.2.2.5|3.1.6.10|4.2.2.20|4.2.2.21|3.1.6.9|4.2.2.21|4.2.2.20|3.2.1.180|3.2.1.179|4.2.2.5,4.2.2|3.1.6|4.2.2|4.2.2|3.1.6|4.2.2|4.2.2|3.2.1|3.2.1|4.2.2,2982
1208.0,ME.1208,metacyc,PWY-7670,,fusaridione A biosynthesis,40107|40108,6.3.2,6.3.2,1728
1209.0,ME.1209,metacyc,PWY-6581,,"spirilloxanthin and 2,2-diketo-spirilloxanthin biosynthesis",49379|49379|49387|49386|49385|49384|49384|49379|49380|49381|49379|49383|49382,1.3.99.31|1.3.99.30|2.1.1|4.2.1.131|2.1.1|1.3.99.37|1.3.99.27|1.3.99.26|1.3.99.27|4.2.1.131|1.3.99.28|1.14.15.9|1.14.15.9,1.3.99|1.3.99|2.1.1|4.2.1|2.1.1|1.3.99|1.3.99|1.3.99|1.3.99|4.2.1|1.3.99|1.14.15|1.14.15,3342
1210.0,ME.1210,metacyc,PWY-7840,,gala-series glycosphingolipids biosynthesis,39493|39497|39496|39495|39494,2.8.2.11|2.8.2.11|2.4.1.241|2.4.99.9|2.4.1.47,2.8.2|2.8.2|2.4.1|2.4.99|2.4.1,1620
1211.0,ME.1211,metacyc,P241-PWY,,coenzyme B biosynthesis,41720|41719|41718|41717|41716|41715|41714|41713|41712|41712|41712|41711|41711|41710|41709|41724|41723|41721|41722,1.1.1|2.3.3|1.1.1|2.3.3|4.2.1.114|4.2.1.114|4.2.1.114|4.2.1.114|4.2.1.114|4.2.1|4.2.1.36|1.1.1.286|1.1.1.87|2.3.3.14|4.2.1.36,1.1.1|2.3.3|1.1.1|2.3.3|4.2.1|4.2.1|4.2.1|4.2.1|4.2.1|4.2.1|4.2.1|1.1.1|1.1.1|2.3.3|4.2.1,2010
1212.0,ME.1212,metacyc,PWY-7289,,L-cysteine biosynthesis V (mycobacteria),42661|42660|42659|42658,3.13.1.6|2.5.1.113,3.13.1|2.5.1,2167
1213.0,ME.1213,metacyc,PWY-7777,,isoprene degradation,32318|32319|32320|32315|32316|32317,1.14.13.69|1.1.1.398|1.1.1.398|4.4.1.34,1.14.13|1.1.1|1.1.1|4.4.1,399
1214.0,ME.1214,metacyc,PWY0-321,,phenylacetate degradation I (aerobic),44218|44216|44217|44215|44214|44209|44210|44211|44212|44213,4.2.1.17|1.1.1.35|4.2.1.17|2.3.1.223|5.3.3.18|6.2.1.30|2.3.1.174|1.2.1.91|3.3.2.12|1.14.13.149,4.2.1|1.1.1|4.2.1|2.3.1|5.3.3|6.2.1|2.3.1|1.2.1|3.3.2|1.14.13,2451
1215.0,ME.1215,metacyc,PWY-7419,,FR-900098 and FR-33289 antibiotics biosynthesis,35990|35989|35998|35997|35996|35995|35994|35993|35992|35991,2.3.3.19|5.4.2.9|1.14.11|3.6.1|2.3.1|1.14.13|2.7.7|2.6.1|4.1.1|5.4.99,2.3.3|5.4.2|1.14.11|3.6.1|2.3.1|1.14.13|2.7.7|2.6.1|4.1.1|5.4.99,1009
1216.0,ME.1216,metacyc,PWY-6288,,zeaxanthin-beta-D-diglucoside biosynthesis,38058|38059,2.4.1.276|2.4.1.276,2.4.1|2.4.1,1351
1217.0,ME.1217,metacyc,PWY-7836,,ganglio-series glycosphingolipids biosynthesis,36532|36533|36534|36535|36536|36515|36516|36517|36518|36519|36520|36521|36522|36523|36524|36525|36526|36527|36528|36529|36530|36531,2.4.99.8|2.4.1.92|2.4.1.62|2.4.99.2|2.4.99.8|2.4.99.9|2.4.1.62|2.4.1.62|2.4.1.92|2.4.99.2|2.4.99.4|2.4.99.2|2.4.99.8|2.4.99.8|2.4.1.92|2.4.99.1|2.4.1.80|2.4.1.274|2.4.1.92|2.4.1.62|2.4.99.8|2.4.99.8,2.4.99|2.4.1|2.4.1|2.4.99|2.4.99|2.4.99|2.4.1|2.4.1|2.4.1|2.4.99|2.4.99|2.4.99|2.4.99|2.4.99|2.4.1|2.4.99|2.4.1|2.4.1|2.4.1|2.4.1|2.4.99|2.4.99,1099
1218.0,ME.1218,metacyc,P2-PWY,,citrate lyase activation,48173|48176|48174|48175|48172,2.7.7.61|2.3.1.49|3.1.2.16|6.2.1.22|2.4.2.52,2.7.7|2.3.1|3.1.2|6.2.1|2.4.2,3146
1219.0,ME.1219,metacyc,PWY-8010,,L-cysteine biosynthesis IX (Trichomonas vaginalis),37684|37683|37685,2.6.1.52|1.1.1.95|2.5.1.65,2.6.1|1.1.1|2.5.1,1292
1220.0,ME.1220,metacyc,PWY-7778,,2-methylpropene degradation,32117|32114|32116|32114|32121|32120|32119|32118|32115,5.4.99.64|2.3.1.16|1.2.1.98|2.3.1.9|3.3.2.10|1.14.13.69|1.1.1.35|1.1.1.400,5.4.99|2.3.1|1.2.1|2.3.1|3.3.2|1.14.13|1.1.1|1.1.1,360
1221.0,ME.1221,metacyc,PWY-1341,,phenylacetate degradation II (anaerobic),31113|31114|31116|31115|31117|31118,3.1.2.25|6.2.1.30|1.17.5.1|1.17.5.1|1.2|1.17.5.1,3.1.2|6.2.1|1.17.5|1.17.5|1.2|1.17.5,180
1222.0,ME.1222,metacyc,PWY-7870,,L-cysteine biosynthesis VII (from S-sulfo-L-cysteine),34992|34994|34993|34995,2.3.1.30|2.5.1.144,2.3.1|2.5.1,853
1223.0,ME.1223,metacyc,PWY-6919,,neopentalenoketolactone and pentalenate biosynthesis,31174|31172|31175|31173|31168|31167|31169|31166|31165|31170|31171,1.14.11|1.14.15|1.14.20|1.1.1.340|1.14.15.32|1.14.11.35|1.14.15.32|4.2.3.7|1.14.13.171|1.14.15.11,1.14.11|1.14.15|1.14.20|1.1.1|1.14.15|1.14.11|1.14.15|4.2.3|1.14.13|1.14.15,194
1224.0,ME.1224,metacyc,PWY-6287,,neurosporene biosynthesis,47563|47565|47567|47563|47566|47565|47566|47566|47566|47567|47567|47565|47567|47567|47564|47565,2.5.1.148|1.3.99.31|1.3.99.31|2.5.1.32|1.3.99.29|1.3.99.30|1.3.99.30|1.3.99.28|1.3.99.31|1.3.5.5|1.3.99.30|1.3.99.26|1.3.99.29|1.3.99.28|2.5.1.32|1.3.99.28,2.5.1|1.3.99|1.3.99|2.5.1|1.3.99|1.3.99|1.3.99|1.3.99|1.3.99|1.3.5|1.3.99|1.3.99|1.3.99|1.3.99|2.5.1|1.3.99,3029
1225.0,ME.1225,metacyc,SPHINGOLIPID-SYN-PWY,,sphingolipid biosynthesis (yeast),31518|31514|31517|31516|31513|31512|31519|31510|31511|31509|31515,2.7.1.227|1.14.18.5|2.3.1.297|1.14.18.5|2.3.1.50|1.1.1.102|2.7.1.228|2.3.1.50|2.4.1.370|1.1.1.102|1.14.18.6,2.7.1|1.14.18|2.3.1|1.14.18|2.3.1|1.1.1|2.7.1|2.3.1|2.4.1|1.1.1|1.14.18,245
1226.0,ME.1226,metacyc,PWY-6898,,thiamine salvage III,34999,2.7.6.2,2.7.6,855
1227.0,ME.1227,metacyc,PWY-5534,,propene degradation,32143|32145|32144|32146|32140|32141|32142|32147,1.8.1.5|1.1.1.269|1.1.1.268|1.14.13.69|1.14.13.69|4.4.1.23|4.4.1.23|1.14.13.69,1.8.1|1.1.1|1.1.1|1.14.13|1.14.13|4.4.1|4.4.1|1.14.13,367
1228.0,ME.1228,metacyc,PWY-7181,,pyrimidine deoxyribonucleosides degradation,31920|31921|31922|31922|31921,3.5.4.5|2.4.2.2|2.4.2.3|2.4.2.2|2.4.2.4,3.5.4|2.4.2|2.4.2|2.4.2|2.4.2,320
1229.0,ME.1229,metacyc,PYRIDNUCSYN-PWY,,NAD de novo biosynthesis I (from aspartate),42832|42833|42834|42835|42830|42831,2.4.2.19|2.7.7.18|2.5.1.72|6.3.1.5|6.3.5.1|1.4.3.16,2.4.2|2.7.7|2.5.1|6.3.1|6.3.5|1.4.3,2204
1230.0,ME.1230,metacyc,CYSTSYN-PWY,,L-cysteine biosynthesis I,32547|32548,2.3.1.30|2.5.1.47,2.3.1|2.5.1,453
1231.0,ME.1231,metacyc,PWY-5940,,streptomycin biosynthesis,33025|33028|33014|33029|33014|33014|33014|33015|33026|33016|33017|33018|33024|33023|33022|33019|33020|33022|33021|33027|33013|33030|33014,5.4.2.3|5.4.2.2|5.4.2.8|5.4.2.5|1.1.1.18|2.1.4.2|2.7.1.65|2.4.2.27|2.7.1.72|3.1.3.39|2.7.1.65|2.6.1.50|2.6.1.56|2.7.1|2.7.7.33|3.1.3.40|5.4.2.10,5.4.2|5.4.2|5.4.2|5.4.2|1.1.1|2.1.4|2.7.1|2.4.2|2.7.1|3.1.3|2.7.1|2.6.1|2.6.1|2.7.1|2.7.7|3.1.3|5.4.2,527
1232.0,ME.1232,metacyc,PWY-6286,,spheroidene and spheroidenone biosynthesis,30695|30698|30697|30696|30700|30699,1.14.15.9|2.1.1|4.2.1.131|2.1.1.210,1.14.15|2.1.1|4.2.1|2.1.1,93
1233.0,ME.1233,metacyc,PWY-7841,,neolacto-series glycosphingolipids biosynthesis,42971|42970|42975|42967|42974|42973|42964|42968|42972|42969|42965|42966,2.4.1.149|2.4.1.275|2.4.99.1|2.4.99.6|2.4.99.6|2.4.99.6|2.4.1.206|2.4.1.80|2.4.1.275|2.4.1.274|2.4.1.275|2.4.1.149,2.4.1|2.4.1|2.4.99|2.4.99|2.4.99|2.4.99|2.4.1|2.4.1|2.4.1|2.4.1|2.4.1|2.4.1,2237
1234.0,ME.1234,metacyc,PWY-I9,,L-cysteine biosynthesis VI (from L-methionine),43685|43684|43683|43682|43681,2.1.1|4.4.1.21|2.5.1.48|4.2.1.22|3.2.2.9,2.1.1|4.4.1|2.5.1|4.2.1|3.2.2,2362
1235.0,ME.1235,metacyc,PWY-7776,,ethene and chloroethene degradation,39618|39622|39625|39624|39623|39621|39620|39619,1.14.13.69|1.8.1.5|4.4.1.23|4.4.1.23|1.14.13.69,1.14.13|1.8.1|4.4.1|4.4.1|1.14.13,1642
1236.0,ME.1236,metacyc,PWY-8009,,L-cysteine biosynthesis VIII (Thermococcus kodakarensis),41309|41308,2.7.1.226|2.5.1.65,2.7.1|2.5.1,1950
1237.0,ME.1237,metacyc,PWY-8036,,chaxamycin biosynthesis,33097|33092|33100|33093|33090|33091|33098|33094|33096|33095|33089|33099,2.3.1|2.1.1|2.3.1|1.14.15|2.1.1|1.14.15,2.3.1|2.1.1|2.3.1|1.14.15|2.1.1|1.14.15,540
1238.0,ME.1238,metacyc,PWY-6280,,synechoxanthin biosynthesis,33086|33083|33084|33085|33088|33087,1.3.99.40|1.3.99.40,1.3.99|1.3.99,539
1239.0,ME.1239,metacyc,PWY-7838,,globo-series glycosphingolipids biosynthesis,32370|32371|32372|32373|32366|32368|32367|32369,2.4.99.4|2.4.1|2.4.1.80|2.4.1.274|2.4.1.228|2.4.1.88|2.4.1.79|2.4.1,2.4.99|2.4.1|2.4.1|2.4.1|2.4.1|2.4.1|2.4.1|2.4.1,415
1240.0,ME.1240,metacyc,PWY-6899,,base-degraded thiamine salvage,31734|31735,3.5.99.2|3.5.1,3.5.99|3.5.1,286
1241.0,ME.1241,metacyc,HOMOCYSDEGR-PWY,,L-cysteine biosynthesis III (from L-homocysteine),32251|32252,4.4.1.1|4.2.1.22,4.4.1|4.2.1,384
1242.0,ME.1242,metacyc,PWY-7780,,butane degradation,48579|48580|48578|48581,1.1.5.11|1.1.2.9|1.14.13.230|1.14.13,1.1.5|1.1.2|1.14.13|1.14.13,3217
1243.0,ME.1243,metacyc,PWY3O-4106,,NAD salvage pathway IV (from nicotinamide riboside),34453|34452,2.7.7.1|2.7.1.22,2.7.7|2.7.1,763
1244.0,ME.1244,metacyc,PWY-7769,,phosalacine biosynthesis,46977|46966|46967|46968|46969|46970|46971|46972|46973|46974|46975|46976|46978|46979|46980|46981|46982|46984|46985|46986|46987|46983,4.1.1|5.4.2.9|4.1.1.82|1.1.1.309|4.2.1.166|2.7.7.93|2.3.3.18|2.7.8.23|1.13.11.72|2.7.8.23|2.3.1.183|4.2.1|2.6.1|2.7.1|1.2.1|1.1.1|2.7.7|2.3.1|2.3.1|2.1.1.326|3.1.1,4.1.1|5.4.2|4.1.1|1.1.1|4.2.1|2.7.7|2.3.3|2.7.8|1.13.11|2.7.8|2.3.1|4.2.1|2.6.1|2.7.1|1.2.1|1.1.1|2.7.7|2.3.1|2.3.1|2.1.1|3.1.1,2928
1245.0,ME.1245,metacyc,PWY-6279,,myxol-2 fucoside biosynthesis,36369|36367|36366|36368|36370|36371,1.14.99|1.3.99|4.2.1.131|5.5.1.19|1.14.13|2.4.1,1.14.99|1.3.99|4.2.1|5.5.1|1.14.13|2.4.1,1087
1246.0,ME.1246,metacyc,PWY-7404,,ceramide phosphoethanolamine biosynthesis,31231,2.7.8,2.7.8,201
1247.0,ME.1247,metacyc,LCYSDEG-PWY,,L-cysteine degradation II,40633|40634|40632|40632|40632|40632|40632,3.5.99.10|4.4.1.28|4.4.1.25|4.4.1.13|4.3.1.17|4.4.1.28|4.4.1.35,3.5.99|4.4.1|4.4.1|4.4.1|4.3.1|4.4.1|4.4.1,1820
1248.0,ME.1248,metacyc,PWY-7779,,methyl tert-butyl ether degradation,43588|43586|43580|43580|43581|43582|43583|43584|43585|43589|43587,2.3.1.9|2.3.1.16|1.1.1.400|1.2.1.98|5.4.99.64|1.14.13.229|1.1.1.35|3.7.1,2.3.1|2.3.1|1.1.1|1.2.1|5.4.99|1.14.13|1.1.1|3.7.1,2340
1249.0,ME.1249,metacyc,PWY-5329,,L-cysteine degradation III,44099|44100,2.6.1.3|2.8.1.2,2.6.1|2.8.1,2433
1250.0,ME.1250,metacyc,PWY-7659,,viridicatumtoxin biosynthesis,36298|36303|36302|36301|36300|36297|36296|36299,6.2.1|2.5.1|2.1.1|1.14.13|1.14.13|1.14.19|2.5.1.1,6.2.1|2.5.1|2.1.1|1.14.13|1.14.13|1.14.19|2.5.1,1071
1251.0,ME.1251,metacyc,PWY-5947,,lutein biosynthesis,45913|45914|45912,1.14.99|1.14.14.158|5.5.1.19,1.14.99|1.14.14|5.5.1,2739
1252.0,ME.1252,metacyc,PWY-6896,,thiamine salvage I,48582|48583|48584|48584|48584,2.7.1.89|2.7.4.16|2.7.4.12|2.7.4.13|2.7.4.9,2.7.1|2.7.4|2.7.4|2.7.4|2.7.4,3218
1253.0,ME.1253,metacyc,CYSTEINE-DEG-PWY,,L-cysteine degradation I,41166|41165|41167,2.6.1|1.13.11.20|3.13.1,2.6.1|1.13.11|3.13.1,1927
1254.0,ME.1254,metacyc,PWY-7586,,"beta-1,4-D-mannosyl-N-acetyl-D-glucosamine degradation",34216|34218|34217,2.4.1.320|5.4.2.8|5.3.1.8,2.4.1|5.4.2|5.3.1,722
1255.0,ME.1255,metacyc,PWY-7352,,daunorubicin biosynthesis,37986|37982|37998|37990|37989|37983|37991|37997|37996|37984|37999|37985|37987|37995|37994|37993|37992|37988,2.1.1.292|1.14.13.181|1.1.1|1.14.13.181|1.14.13.181|1.14.13.181|2.1.1.292|4.2.1|3.1.1|1.14.13.180|4.2.1|1.1.1.362|2.1.1.288|4.1.1|1.13.12|2.4.1|2.1.1.292|5.5.1.23,2.1.1|1.14.13|1.1.1|1.14.13|1.14.13|1.14.13|2.1.1|4.2.1|3.1.1|1.14.13|4.2.1|1.1.1|2.1.1|4.1.1|1.13.12|2.4.1|2.1.1|5.5.1,1337
1256.0,ME.1256,metacyc,PWY-5946,,delta-carotene biosynthesis,46635,5.5.1.18,5.5.1,2859
1258.0,ME.1258,metacyc,PWY-6721,,sangivamycin biosynthesis,45352,4.2.1,4.2.1,2645
1259.0,ME.1259,metacyc,PWY-5944,,zeaxanthin biosynthesis,44744|44744|44745|44745|44744|44745,1.14.13|1.14.15.24|1.14|1.14.15.24|1.14|1.14.13,1.14.13|1.14.15|1.14|1.14.15|1.14|1.14.13,2534
1260.0,ME.1260,metacyc,PWY-6910,,hydroxymethylpyrimidine salvage,46427|46426,2.7.4.7|2.7.1.49,2.7.4|2.7.1,2818
1261.0,ME.1261,metacyc,PWY-7667,,apicidin biosynthesis,37712|37710|37719|37717|37711|37718|37716|37714|37715|37713,1.1.1|1.5.1|1.14.13|6.3.2|6.3.2|6.3.2|2.1.1|1.14.13,1.1.1|1.5.1|1.14.13|6.3.2|6.3.2|6.3.2|2.1.1|1.14.13,1299
1262.0,ME.1262,metacyc,PWY-7269,,NAD/NADP-NADH/NADPH mitochondrial interconversion (yeast),42194|42192|42190|42191|42193,1.6.5.9|2.7.1.23|1.2.1.3|1.2.1.4|2.7.1.86,1.6.5|2.7.1|1.2.1|1.2.1|2.7.1,2092
1263.0,ME.1263,metacyc,PWY-7668,,apicidin F biosynthesis,37830|37828|37827|37831|37829|37822|37826|37824|37823|37825,6.3.2|2.1.1|6.3.2|1.14.13|6.3.2|1.5.1,6.3.2|2.1.1|6.3.2|1.14.13|6.3.2|1.5.1,1316
1264.0,ME.1264,metacyc,PWY-5887,,albaflavenone biosynthesis,34537|34534|34535|34536|34538,1.14.13.106|1.14.13.106|1.14.13.106|1.14.13.106|4.2.3.37,1.14.13|1.14.13|1.14.13|1.14.13|4.2.3,778
1265.0,ME.1265,metacyc,PWY-5943,,beta-carotene biosynthesis,48012|48013,5.5.1.19|5.5.1.19,5.5.1|5.5.1,3123
1266.0,ME.1266,metacyc,PWY-6392,,meso-butanediol biosynthesis II,34771,1.1.1.76,1.1.1,822
1267.0,ME.1267,metacyc,PWY-8033,,aureothin biosynthesis,49523|49519|49521|49522|49520,2.1.1.353|1.14.99.68,2.1.1|1.14.99,3369
1268.0,ME.1268,metacyc,PWY-5291,,canthaxanthin biosynthesis,39781|39780|39778|39779|39777,,,1677
1269.0,ME.1269,metacyc,PWY-7356,,thiamine salvage IV (yeast),42446|42444|42440|42441|42442|42443|42445,3.1.3.100|3.5.99.2|2.7.1.49|2.7.1.50|2.7.6.2|2.7.4.7|2.5.1.3,3.1.3|3.5.99|2.7.1|2.7.1|2.7.6|2.7.4|2.5.1,2131
1270.0,ME.1270,metacyc,PWY-7268,,NAD/NADP-NADH/NADPH cytosolic interconversion (yeast),32803|32806|32804|32802|32805,1.1.1.363|1.2.1.4|2.7.1.23|1.1.1.42|2.7.1.86,1.1.1|1.2.1|2.7.1|1.1.1|2.7.1,497
1271.0,ME.1271,metacyc,PWY-5951,,"(R,R)-butanediol biosynthesis",39750,1.1.1.4,1.1.1,1671
1272.0,ME.1272,metacyc,PWY-7734,,quinoxaline-2-carboxylate biosynthesis,42093|42084|42088|42089|42090|42091|42092|42085|42087|42086,2.6.99|3.1.2|1.13.11|3.5.1.9|1.1.1|1.14.13,2.6.99|3.1.2|1.13.11|3.5.1|1.1.1|1.14.13,2080
1273.0,ME.1273,metacyc,PWY-5288,,"astaxanthin biosynthesis (bacteria, fungi, algae)",31865|31868|31869|31870|31873|31872|31864|31864|31864|31865|31865|31866|31871|31867,1.14.15.24|1.14.99.64|1.14.99.64|1.14.15.24|1.14.15.24|1.14.99.63|1.14.15.24|1.14.13|1.14|1.14.13|1.14|1.14.99.63|1.14.15.24|1.14.99.63,1.14.15|1.14.99|1.14.99|1.14.15|1.14.15|1.14.99|1.14.15|1.14.13|1.14|1.14.13|1.14|1.14.99|1.14.15|1.14.99,306
1274.0,ME.1274,metacyc,PWY-7626,,bacilysin biosynthesis,44645|44646|44651|44654|44647|44648|44649|44652|44653|44650,6.3.2.49|1.1.1.385|5.3.3.19|5.3.3.19|5.4.99.5|4.1.1.100|1.14.13|2.6.1,6.3.2|1.1.1|5.3.3|5.3.3|5.4.99|4.1.1|1.14.13|2.6.1,2514
1275.0,ME.1275,metacyc,PWY-5175,,lactucaxanthin biosynthesis,37686|37687|37688,5.5.1.18|1.14.99|1.14.99,5.5.1|1.14.99|1.14.99,1293
1276.0,ME.1276,metacyc,TRYPDEG-PWY,,L-tryptophan degradation II (via pyruvate),37447|37447|37448|37447|37447|37447|37449,4.4.1.28|4.3.1.17|3.5.99.10|4.4.1.13|4.4.1.35|4.4.1.25,4.4.1|4.3.1|3.5.99|4.4.1|4.4.1|4.4.1,1239
1277.0,ME.1277,metacyc,PWY-7033,,alkane biosynthesis II,49097|49095|49096,4.1.99|1.2.1|6.2.1.3,4.1.99|1.2.1|6.2.1,3292
1278.0,ME.1278,metacyc,PWY-6390,,"(S,S)-butanediol biosynthesis",41183,1.1.1.76,1.1.1,1931
1279.0,ME.1279,metacyc,PWY-7045,,mithramycin biosynthesis,48328|48327|48326|48325|48329|48324|48330|48339|48323|48332|48333|48334|48337|48338|48335|48331|48336,2.4.1|2.4.1|2.1.1|2.4.1|1.14.13|2.4.1|2.3.1|2.4.1|1.1.1|1.13.99|1.1.1|2.1.1|4.2.1,2.4.1|2.4.1|2.1.1|2.4.1|1.14.13|2.4.1|2.3.1|2.4.1|1.1.1|1.13.99|1.1.1|2.1.1|4.2.1,3162
1280.0,ME.1280,metacyc,PWY-5174,,capsanthin and capsorubin biosynthesis,44879|44878|44877,5.3.99.8|5.3.99.8|1.14.15.21,5.3.99|5.3.99|1.14.15,2563
1281.0,ME.1281,metacyc,PWY-6622,,heptadecane biosynthesis,40546|40545|40547|40548|40549|40550|40551|40552,6.2.1.20|4.1.99.5|6.2.1.20|1.2.1.80|6.2.1.20|6.2.1.20|1.2.1.80|6.2.1.20,6.2.1|4.1.99|6.2.1|1.2.1|6.2.1|6.2.1|1.2.1|6.2.1,1804
1282.0,ME.1282,metacyc,PWY-6391,,meso-butanediol biosynthesis I,37720,1.1.1,1.1.1,1300
1283.0,ME.1283,metacyc,PWY-6679,,jadomycin biosynthesis,38536|38542|38535|38538|38540|38537|38541|38539,4.2.1|2.3.1|6.4.1.2|2.3.1,4.2.1|2.3.1|6.4.1|2.3.1,1456
1284.0,ME.1284,metacyc,PWY-6307,,"L-tryptophan degradation X (mammalian, via tryptamine)",45890|45891|45890|45890|45890|45890|45889|45889|45888,1.2.1.88|1.4.3.4|1.2.1.5|1.17.1.4|1.2.1.3|1.2.1.39|4.1.1.28|4.1.1.105|1.1.1,1.2.1|1.4.3|1.2.1|1.17.1|1.2.1|1.2.1|4.1.1|4.1.1|1.1.1,2732
1285.0,ME.1285,metacyc,PWY-7145,,genistin gentiobioside biosynthesis,42635,2.4.1,2.4.1,2161
1286.0,ME.1286,metacyc,PWY-7032,,alkane biosynthesis I,42617|42614|42610|42613|42611|42612|42615|42616|42616,6.2.1.20|6.2.1.20|6.2.1.20|4.1.99.5|6.2.1.20|1.2.1.80|6.2.1.20|1.2.1.50|1.2.1.80,6.2.1|6.2.1|6.2.1|4.1.99|6.2.1|1.2.1|6.2.1|1.2.1|1.2.1,2155
1287.0,ME.1287,metacyc,PWY-5770,,phenazine-1-carboxylate biosynthesis,39536|39534|39531|39537|39522|39523|39524|39525|39530|39529|39526|39528|39527|39532|39533|39535|39538,3.3.2.15|5.3.3.17|1.10.3.16|1.10.3.16|1.10.3.16|2.6.1.86|1.10.3.16,3.3.2|5.3.3|1.10.3|1.10.3|1.10.3|2.6.1|1.10.3,1625
1288.0,ME.1288,metacyc,PWY-5381,,pyridine nucleotide cycling (plants),32718|32724|32720|32725|32726|32719|32721|32727|32722|32723|32718|32717,3.2.2.6|3.5.1.19|3.1.3.5|3.2.2.3|3.6.1.22|6.3.4.21|2.4.2|2.7.7.18|2.7.1.173|3.2.2.14|6.3.5.1,3.2.2|3.5.1|3.1.3|3.2.2|3.6.1|6.3.4|2.4.2|2.7.7|2.7.1|3.2.2|6.3.5,488
1289.0,ME.1289,metacyc,PWY-7956,,3-[(E)-2-isocyanoethenyl]-1H-indole biosynthesis,40949|40948,4.1.99.25|1.14.20.12,4.1.99|1.14.20,1888
1290.0,ME.1290,metacyc,PWY-5081,,L-tryptophan degradation VIII (to tryptophol),48029|48031|48029|48029|48031|48029|48032|48030,1.1.1.190|2.6.1.1|1.1.1|1.1.1.1|2.6.1.27|1.1.1.21|2.6.1.28|4.1.1.74,1.1.1|2.6.1|1.1.1|1.1.1|2.6.1|1.1.1|2.6.1|4.1.1,3129
1291.0,ME.1291,metacyc,PWY-5825,,dalpatein and dalnigrein biosynthesis,38043|38042,3.2.1.161|3.2.1.161,3.2.1|3.2.1,1347
1292.0,ME.1292,metacyc,PWY-2582,,brassinosteroid biosynthesis II,37002|37003|37000|37016|37010|37006|37007|37004|37005|36998|37015|36999|37008|37009|37017|37011|37018|37012|37013|37014|37001,1.14.14.147|1.14.14|1.1.1.357|1.14.14|1.14.14|1.14.14|1.3.1|1.14.14|5.3.3.1|1.1|1.14.14|1.1|1.1|1.1|1.14.14|1.14.14|1.1|1.3.1,1.14.14|1.14.14|1.1.1|1.14.14|1.14.14|1.14.14|1.3.1|1.14.14|5.3.3|1.1|1.14.14|1.1|1.1|1.1|1.14.14|1.14.14|1.1|1.3.1,1175
1293.0,ME.1293,metacyc,PWY-7716,,penicillin G and penicillin V biosynthesis,42941|42944|42943|42942,6.2.1.30|2.3.1|2.3.1.164,6.2.1|2.3.1|2.3.1,2234
1294.0,ME.1294,metacyc,PWY-5083,,NAD/NADH phosphorylation and dephosphorylation,49828|49826|49827|49825|49824|49823,1.6.5.9|3.1.3.108|3.1.3.108|2.7.1.86|2.7.1.23|7.1.1.1,1.6.5|3.1.3|3.1.3|2.7.1|2.7.1|7.1.1,3419
1295.0,ME.1295,metacyc,PWY-699,,brassinosteroid biosynthesis I,32791|32794|32793|32790|32789|32787|32786|32797|32798|32799|32800|32801|32785|32784|32783|32788|32782|32781|32780|32779|32792|32778|32777|32795|32796,1.14.14|1.14.14|1.14.14|1.14.14|1.1|1.14.14|1.1|1.1|1.14.14|1.14.14|1.14.19|1.14.19|1.14.19|1.14.19|1.14.14|1.14.14|1.14.99|1.3.1|1.1.1.357|5.3.3.1|1.14.14|1.14.14,1.14.14|1.14.14|1.14.14|1.14.14|1.1|1.14.14|1.1|1.1|1.14.14|1.14.14|1.14.19|1.14.19|1.14.19|1.14.19|1.14.14|1.14.14|1.14.99|1.3.1|1.1.1|5.3.3|1.14.14|1.14.14,496
1296.0,ME.1296,metacyc,PWY-7569,,arginomycin biosynthesis,35336|35331|35330|35334|35329|35333|35337|35335|35332,2.1.1|1.1|2.4.1|6.3.2|3.2.2.10|6.3.2|3.4.13|2.6.1,2.1.1|1.1|2.4.1|6.3.2|3.2.2|6.3.2|3.4.13|2.6.1,904
1297.0,ME.1297,metacyc,PWY-7943,,lycopadiene biosynthesis,44272|44275|44277|44272|44274|44278|44276|44273,2.5.1.148|2.5.1.32|2.5.1.148,2.5.1|2.5.1|2.5.1,2460
1298.0,ME.1298,metacyc,TRPCAT-PWY,,L-tryptophan degradation I (via anthranilate),32872|32871|32873|32872,1.13.11.52|3.7.1.3|3.5.1.9|1.13.11.11,1.13.11|3.7.1|3.5.1|1.13.11,509
1299.0,ME.1299,metacyc,PWY-5061,,"6,7,4-trihydroxyisoflavone biosynthesis",34504|34505|34506,1.14.14|1.14.14|4.2.1,1.14.14|1.14.14|4.2.1,773
1300.0,ME.1300,metacyc,NADPHOS-DEPHOS-PWY-1,,NAD phosphorylation and transhydrogenation,43097|43096,2.7.1.23|7.1.1.1,2.7.1|7.1.1,2258
1301.0,ME.1301,metacyc,PWY-6346,,staurosporine biosynthesis,36875|36873|36872|36871|36876|36874|36877|36869|36870,2.1.1|2.4.1|1.21.98.2|2.1.1.139|1.4.3.23,2.1.1|2.4.1|1.21.98|2.1.1|1.4.3,1153
1302.0,ME.1302,metacyc,PWY-5651,,L-tryptophan degradation to 2-amino-3-carboxymuconate semialdehyde,43766|43766|43765|43767|43768|43769,1.13.11.52|1.13.11.11|1.14.13.9|1.13.11.6|3.7.1.3|3.5.1.9,1.13.11|1.13.11|1.14.13|1.13.11|3.7.1|3.5.1,2374
1303.0,ME.1303,metacyc,PWY-6073,,alginate biosynthesis I (algal),46722|46720|46721,2.4.1.33|1.1.1.132|5.1.3.37,2.4.1|1.1.1|5.1.3,2875
1304.0,ME.1304,metacyc,PWY-5679,,clavulanate biosynthesis,38084|38091|38090|38085|38086|38087|38088|38089,6.3.3.4|1.14.11.21|2.5.1.66|3.5.3.22|1.14.11.21|1.14.11.21,6.3.3|1.14.11|2.5.1|3.5.3|1.14.11|1.14.11,1356
1305.0,ME.1305,metacyc,NADPHOS-DEPHOS-PWY,,NAD phosphorylation and dephosphorylation,45498|45499|45500,7.1.1.1|2.7.1.23|3.1.3.108,7.1.1|2.7.1|3.1.3,2663
1306.0,ME.1306,metacyc,PWY-6082,,alginate biosynthesis II (bacterial),31994|31995|31993|31996,5.1.3.37|2.4.1.33|1.1.1.132,5.1.3|2.4.1|1.1.1,336
1307.0,ME.1307,metacyc,PWY-7821,,tunicamycin biosynthesis,46753|46752|46749|46750|46751|46746|46747|46748,3.6.1.9|3.1.3.5,3.6.1|3.1.3,2879
1308.0,ME.1308,metacyc,PWY-6668,,"(E,E)-4,8,12-trimethyltrideca-1,3,7,11-tetraene biosynthesis",31881|31882,4.2.3.144|1.14.14.58,4.2.3|1.14.14,310
1309.0,ME.1309,metacyc,PWY-3162,,L-tryptophan degradation V (side chain pathway),31968|31967|31960|31964|31962|31965|31963|31966|31958|31961|31959|31970|31969,1.1.1|1.1.1.1|1.13.99.3|1.13.99.3|1.2.1|1.1.1|1.13.99.3|1.13.99|1.2.1.5|1.2.1,1.1.1|1.1.1|1.13.99|1.13.99|1.2.1|1.1.1|1.13.99|1.13.99|1.2.1|1.2.1,330
1310.0,ME.1310,metacyc,PWY-7248,,pectin degradation II,31043|31042|31045|31044,5.3.1.12|3.2.1.67|3.1.1.11,5.3.1|3.2.1|3.1.1,168
1311.0,ME.1311,metacyc,PWY-2055,,superpathway of pterocarpan biosynthesis (via daidzein),33640|33639,4.2.1.105|4.2.1.105,4.2.1|4.2.1,629
1312.0,ME.1312,metacyc,PWY-5936,,xyloglucan biosynthesis,43572|43571|43573|43570|43569|43568,2.4.2.39|2.4.1|2.4.2.39|2.4.1.168,2.4.2|2.4.1|2.4.2|2.4.1,2338
1313.0,ME.1313,metacyc,PWY-7409,,"phospholipid remodeling (phosphatidylethanolamine, yeast)",46921|46924|46923|46922|46921,3.1.4.2|2.3.1.23|3.1.1.5|3.1.1.4|3.1.4.46,3.1.4|2.3.1|3.1.1|3.1.1|3.1.4,2916
1314.0,ME.1314,metacyc,PWY-6718,,sulfoacetaldehyde degradation III,45006,1.1.1.313,1.1.1,2592
1315.0,ME.1315,metacyc,PWY-7694,,zwittermicin A biosynthesis,36058|36055|36057|36062|36061|36060|36059|36053|36056|36065|36064|36063|36054,1.2.98|2.7.1.225|1.1.1|2.1.3|1.2.98|1.1.1|2.3.1|1.5.1.51|2.3.1|3.4.11|2.3.1|2.5.1.140,1.2.98|2.7.1|1.1.1|2.1.3|1.2.98|1.1.1|2.3.1|1.5.1|2.3.1|3.4.11|2.3.1|2.5.1,1021
1316.0,ME.1316,metacyc,PWY-6773,,"1,3-beta-D-glucan biosynthesis",34127,2.4.1.34,2.4.1,706
1317.0,ME.1317,metacyc,PWY4FS-6,,phosphatidylethanolamine biosynthesis II,39131|39130|39129|39128,4.1.1|2.7.8.1|2.7.7.14|2.7.1.82,4.1.1|2.7.8|2.7.7|2.7.1,1551
1318.0,ME.1318,metacyc,PWY-8062,,sulfoacetaldehyde degradation IV,34943,1.2.1.10,1.2.1,842
1319.0,ME.1319,metacyc,PWY-7510,,rhizocticin A and B biosynthesis,37352|37356|37355|37354|37353|37351|37350|37349|37348|37347|37346|37345,2.6.1|4.2.1|6.3.2|6.3.2|4.2.1|6.3.2|2.6.1|4.2.1|4.1.3|6.3.2|4.1.1.82|5.4.2.9,2.6.1|4.2.1|6.3.2|6.3.2|4.2.1|6.3.2|2.6.1|4.2.1|4.1.3|6.3.2|4.1.1|5.4.2,1225
1320.0,ME.1320,metacyc,PWY-7087,,2-methylisoborneol biosynthesis,37151|37152,2.1.1.255|4.2.3.118,2.1.1|4.2.3,1204
1321.0,ME.1321,metacyc,TRPKYNCAT-PWY,,L-tryptophan degradation IV (via indole-3-lactate),33988|33988|33987,2.6.1.1|2.6.1.27|1.1.1.110,2.6.1|2.6.1|1.1.1,688
1322.0,ME.1322,metacyc,PWY-7633,,calycosin 7-O-glucoside biosynthesis,36751,2.4.1,2.4.1,1125
1323.0,ME.1323,metacyc,PWY-5980,,xylogalacturonan biosynthesis,50226,2.4.2.41,2.4.2,3483
1324.0,ME.1324,metacyc,PWY-6273,,phosphatidylethanolamine biosynthesis III,31875,2.7.8.29,2.7.8,308
1325.0,ME.1325,metacyc,PWY-1281,,sulfoacetaldehyde degradation I,44036|44035,2.3.3.15|2.3.1.8,2.3.3|2.3.1,2422
1326.0,ME.1326,metacyc,PWY-7016,,neomycin biosynthesis,39784|39787|39786|39785,1.1.3.44|3.5.1.113|2.6.1.95|2.4.1.285,1.1.3|3.5.1|2.6.1|2.4.1,1679
1327.0,ME.1327,metacyc,PWY-5827,,heliocides biosynthesis,48184|48178|48186|48177|48179|48183|48185|48182|48181|48180,,,3147
1328.0,ME.1328,metacyc,PWY-1001,,cellulose biosynthesis,40680,2.4.1.168,2.4.1,1829
1329.0,ME.1329,metacyc,PWY-5982,,sulfoacetaldehyde degradation II,47977,1.2.1.73,1.2.1,3114
1330.0,ME.1330,metacyc,PWY-6322,,phosphinothricin tripeptide biosynthesis,49675|49677|49674|49678|49680|49681|49682|49669|49667|49660|49666|49665|49673|49672|49671|49670|49679|49664|49663|49662|49676|49661|49668,1.2.1|2.1.1.326|2.7.1|2.7.7|2.3.1|2.3.1|3.1.2|2.3.1.183|1.13.11.72|5.4.2.9|2.7.8.23|2.3.3.18|2.6.1|4.1.1|4.2.1|3.1.1|2.7.7.93|4.2.1.166|1.1.1.309|1.1.1|4.1.1.82|2.7.8.23,1.2.1|2.1.1|2.7.1|2.7.7|2.3.1|2.3.1|3.1.2|2.3.1|1.13.11|5.4.2|2.7.8|2.3.3|2.6.1|4.1.1|4.2.1|3.1.1|2.7.7|4.2.1|1.1.1|1.1.1|4.1.1|2.7.8,3395
1331.0,ME.1331,metacyc,PWY-5828,,lacinilene C biosynthesis,46776|46777|46778,4.2.3.97,4.2.3,2884
1332.0,ME.1332,metacyc,PWY-5729,,vestitol and sativan biosynthesis,35042|35041,2.1.1|1.3.1,2.1.1|1.3.1,866
1333.0,ME.1333,metacyc,PWY-6981,,chitin biosynthesis,33826|33826|33826|33827|33828|33826|33826,5.4.2.2|5.4.2.8|5.4.2.5|5.3.1.9|2.4.1.16|5.4.2.10|5.4.2.3,5.4.2|5.4.2|5.4.2|5.3.1|2.4.1|5.4.2|5.4.2,661
1334.0,ME.1334,metacyc,PWY0-43,,conversion of succinate to propanoate,48395|48396|48394,5.4.99.2,5.4.99,3175
1335.0,ME.1335,metacyc,PWY-5632,,cephalosporin C biosynthesis,33477,2.3.1.175,2.3.1,610
1336.0,ME.1336,metacyc,PWY-6403,,carrageenan biosynthesis,48386|48385,2.5.1,2.5.1,3172
1337.0,ME.1337,metacyc,PWY1A0-6325,,actinorhodin biosynthesis,42269|42263|42265|42273|42272|42271|42270|42268|42267|42266|42264|42274,2.3.1|1.14.14|1.1.1|3.1.2|4.2.1|1.3.1|1.14.14|4.2.1|5.5.1,2.3.1|1.14.14|1.1.1|3.1.2|4.2.1|1.3.1|1.14.14|4.2.1|5.5.1,2098
1338.0,ME.1338,metacyc,PWY-6332,,coumestrol biosynthesis,44883|44885|44880|44884|44882|44881,1.14.14.90|1.14.14.90|1.3.1.51,1.14.14|1.14.14|1.3.1,2564
1339.0,ME.1339,metacyc,PWY-1061,,homogalacturonan biosynthesis,49105|49104,2.1.1|2.4.1.43,2.1.1|2.4.1,3294
1340.0,ME.1340,metacyc,PWY-6363,,"D-myo-inositol (1,4,5)-trisphosphate degradation",36788|36790|36789,3.1.3.56|3.1.3.25|3.1.3.57,3.1.3|3.1.3|3.1.3,1136
1341.0,ME.1341,metacyc,PWY-7810,,chlorotetracycline biosynthesis,35256,1.14.19.49,1.14.19,891
1342.0,ME.1342,metacyc,PWY-4841,,UDP-alpha-D-glucuronate biosynthesis (from myo-inositol),40784|40785|40783,2.7.1.43|1.13.99.1|2.7.7.44,2.7.1|1.13.99|2.7.7,1853
1343.0,ME.1343,metacyc,PWY-822,,fructan biosynthesis,43734|43733|43732|43731|43735,2.4.1|2.4.1.10|2.4.1.100|2.4.1.99|2.4.1.10,2.4.1|2.4.1|2.4.1|2.4.1|2.4.1,2370
1344.0,ME.1344,metacyc,PWY-7671,,saframycin A biosynthesis,39684|39683|39682|39681|39686|39680|39679|39678|39685,6.2.1|6.2.1|2.3.1|2.1.1.304|1.11.2.5|6.2.1,6.2.1|6.2.1|2.3.1|2.1.1|1.11.2|6.2.1,1659
1346.0,ME.1346,metacyc,PWY-5821,,dalcochinin biosynthesis,48546,3.2.1,3.2.1,3206
1347.0,ME.1347,metacyc,PWY-6658,,acetan biosynthesis,33929|33921|33926|33925|33924|33927|33928|33923|33922,2.4.1.264|2.4.1|2.4.1|2.4.1|2.7.8.31|2.4.1.252,2.4.1|2.4.1|2.4.1|2.4.1|2.7.8|2.4.1,680
1348.0,ME.1348,metacyc,PWY-7088,,taxiphyllin biosynthesis,48222|48224|48221|48226|48225|48223,1.14.14.37|1.14.14.36|2.4.1.178,1.14.14|1.14.14|2.4.1,3151
1349.0,ME.1349,metacyc,PWY-7441,,polymyxin A biosynthesis,42373,,,2119
1350.0,ME.1350,metacyc,PWY-861,,dhurrin biosynthesis,42561|42566|42565|42564|42563|42562,2.4.1.85|1.14.14.37|1.14.14.36,2.4.1|1.14.14|1.14.14,2147
1351.0,ME.1351,metacyc,PWY-7095,,"3,4-dihydroxymandelonitrile beta-D-glucose biosynthesis",33038,2.4.1.178,2.4.1,530
1352.0,ME.1352,metacyc,PWY-6955,,lincomycin biosynthesis,48673|48672|48674|48676|48671|48669|48675|48670|48670,2.1.1|1.13.11.30|1.10.3.1|1.14.18.1,2.1.1|1.13.11|1.10.3|1.14.18,3227
1353.0,ME.1353,metacyc,PWY-3022,,linamarin biosynthesis,46907|46907|46906|46908|46909|46910|46911,1.14.14.39|1.14.14.38|2.4.1.63|1.14.14.41,1.14.14|1.14.14|2.4.1|1.14.14,2910
1354.0,ME.1354,metacyc,PWY-2229,,superpathway of pterocarpan biosynthesis (via formononetin),47074|47073|47072|47075,4.2.1|4.2.1|2.1.1.270|1.14.14,4.2.1|4.2.1|2.1.1|1.14.14,2947
1355.0,ME.1355,metacyc,PWY-7824,,prunasin and amygdalin biosynthesis,36750|36748|36746|36749|36744|36745|36747,1.14.14.77|1.14.14.40|2.4.1.354|2.4.1,1.14.14|1.14.14|2.4.1|2.4.1,1124
1356.0,ME.1356,metacyc,PWY-5984,,rifamycin B biosynthesis,41803|41805|41792|41802|41799|41797|41795|41800|41793|41801|41798|41796|41804|41794,1.3.1|2.1.1.315|1.14.15|2.3.1|2.3.1|1.14.19,1.3.1|2.1.1|1.14.15|2.3.1|2.3.1|1.14.19,2023
1357.0,ME.1357,metacyc,PWY-5990,,lotaustralin biosynthesis,33306|33306|33307|33310|33311|33309|33308,1.14.14.39|1.14.14.38|2.4.1.63,1.14.14|1.14.14|2.4.1,578
1358.0,ME.1358,metacyc,PWY-4981,,L-proline biosynthesis II (from arginine),30679|30681|30681|30682|30680|30681|30678|30678|30683,3.5.3.6|3.5.3.12|2.1.3.3|2.6.1.13|1.5.1.2|2.1.3.6|3.5.1.6|3.5.1.20,3.5.3|3.5.3|2.1.3|2.6.1|1.5.1|2.1.3|3.5.1|3.5.1,88
1359.0,ME.1359,metacyc,PWY-5388,,N-glucosylnicotinate metabolism,41570,2.4.1.196,2.4.1,1983
1360.0,ME.1360,metacyc,PWY-5629,,isopenicillin N biosynthesis,44492|44491,1.21.3.1|6.3.2.26,1.21.3|6.3.2,2490
1361.0,ME.1361,metacyc,PWY-8061,,8-oxo-(d)GTP detoxification II,38769|38767|38764|38765|38768|38766,3.6.1.69|3.6.1.58|3.6.1.58|3.6.1.69,3.6.1|3.6.1|3.6.1|3.6.1,1490
1362.0,ME.1362,metacyc,PWY-6566,,chondroitin biosynthesis,39543|39544|39545|39542,2.4.1.226|2.4.1.175|2.4.1.174,2.4.1|2.4.1|2.4.1,1628
1363.0,ME.1363,metacyc,PROSYN-PWY,,L-proline biosynthesis I (from L-glutamate),42933|42936|42935|42934,1.2.1.41|2.7.2.11|1.5.1.2,1.2.1|2.7.2|1.5.1,2232
1364.0,ME.1364,metacyc,PWY-8038,,naphthomycin biosynthesis,34447|34445|34448|34451|34449|34446|34450,2.3.1,2.3.1,762
1365.0,ME.1365,metacyc,PWY-7092,,neolinustatin bioactivation,37122|37123|37121,3.2.1.21|3.2.1.21|4.1.2.46,3.2.1|3.2.1|4.1.2,1198
1366.0,ME.1366,metacyc,PWY-6502,,8-oxo-(d)GTP detoxification I,36801|36798|36799|36800,3.6.1.55|3.6.1,3.6.1|3.6.1,1139
1367.0,ME.1367,metacyc,PWY-6655,,xanthan biosynthesis,44706|44707|44703|44708|44704|44710|44709|44705,2.4.1.251|2.4.1|2.4.1.264|2.4.1.252|2.5.1.95|2.7.8.31,2.4.1|2.4.1|2.4.1|2.4.1|2.5.1|2.7.8,2527
1368.0,ME.1368,metacyc,PWY-3341,,L-proline biosynthesis III (from L-ornithine),35633|35634|35635,1.5.1.2|2.6.1.13,1.5.1|2.6.1,957
1369.0,ME.1369,metacyc,PWY-6011,,amygdalin and prunasin degradation,43611|43612|43613,3.2.1.117|4.1.2.10|3.2.1.118,3.2.1|4.1.2|3.2.1,2345
1370.0,ME.1370,metacyc,PWY-7770,,indolmycin biosynthesis,49723|49724|49725|49719|49720|49722|49726|49717|49721|49718,4.3.3|3.5.99|1.3.1|1.1.1.397|2.1.1.328|6.3.2|2.1.1.47|2.6.1.99,4.3.3|3.5.99|1.3.1|1.1.1|2.1.1|6.3.2|2.1.1|2.6.1,3400
1371.0,ME.1371,metacyc,PWY-7808,,tetracycline resistance,38300|38301,1.14.13.231,1.14.13,1404
1372.0,ME.1372,metacyc,PWY-3121,,linamarin degradation,41725|41726,4.1.2.46|3.2.1.21,4.1.2|3.2.1,2011
1373.0,ME.1373,metacyc,GLUAMCAT-PWY,,N-acetylglucosamine degradation I,49830|49831,3.5.1.25|3.5.99.6,3.5.1|3.5.99,3421
1374.0,ME.1374,metacyc,PWY-6842,,glutathione-mediated detoxification II,45579|45580|45573|45575|45574|45576|45577|45578|45581|45582,4.4.1.13|7.6.2.3|2.1.1.9|3.4.19.13|2.1.1.9|2.5.1.18|2.3.1|3.4.13.23,4.4.1|7.6.2|2.1.1|3.4.19|2.1.1|2.5.1|2.3.1|3.4.13,2680
1375.0,ME.1375,metacyc,PWY-7222,,guanosine deoxyribonucleotides de novo biosynthesis II,31304|31303|31305|31306,2.7.4.6|1.17.4.1|1.1.98.6|1.17.4.1,2.7.4|1.17.4|1.1.98|1.17.4,217
1376.0,ME.1376,metacyc,PWY-6557,,glycosaminoglycan-protein linkage region biosynthesis,38038|38039|38040|38037,2.4.2.26|2.4.1.133|2.4.1.135|2.4.1.134,2.4.2|2.4.1|2.4.1|2.4.1,1345
1377.0,ME.1377,metacyc,PWY-4281,,L-proline biosynthesis IV,41058|41059|41060,1.5.1.21|2.6.1.8,1.5.1|2.6.1,1903
1378.0,ME.1378,metacyc,PWY-7093,,vicianin bioactivation,32459|32458,3.2.1.119|4.1.2.10,3.2.1|4.1.2,435
1379.0,ME.1379,metacyc,PWY-7665,,aureobasidin A biosynthesis,48229|48230|48231|48232|48233|48234|48235|48228|48227,6.3.2|6.3.2|6.3.2|6.3.2|6.3.2|6.3.2|6.3.2|6.3.2|6.3.2,6.3.2|6.3.2|6.3.2|6.3.2|6.3.2|6.3.2|6.3.2|6.3.2|6.3.2,3152
1380.0,ME.1380,metacyc,PWY-7652,,echinocandin B degradation,48761|48763|48762,3.5.1,3.5.1,3242
1381.0,ME.1381,metacyc,PWY-7089,,taxiphyllin bioactivation,31354,4.1.2,4.1.2,225
1382.0,ME.1382,metacyc,PWY-6745,,phytochelatins biosynthesis,35316,2.3.2.15,2.3.2,900
1383.0,ME.1383,metacyc,PWY-5976,,dhurrin degradation,39227|39226,3.2.1|4.1.2.11,3.2.1|4.1.2,1577
1384.0,ME.1384,metacyc,PWY-7354,,aclacinomycin biosynthesis,43996|43988|43989|43990|43991|43992|43993|43994|43995|43997|43998|43999,2.4.1.327|1.1.1.362|1.1.3.45|1.3.3.14|2.1.1.288|5.5.1.23|2.4.1.326|2.4.1.327|1.13.12|4.2.1|1.1.1|4.2.1,2.4.1|1.1.1|1.1.3|1.3.3|2.1.1|5.5.1|2.4.1|2.4.1|1.13.12|4.2.1|1.1.1|4.2.1,2413
1385.0,ME.1385,metacyc,PWY-7464,,"cyanidin 3,7-diglucoside polyacylation biosynthesis",48236|48238|48237,2.3.1|2.3.1|2.4.1,2.3.1|2.3.1|2.4.1,3153
1386.0,ME.1386,metacyc,PWY-7091,,linustatin bioactivation,41815|41812|41813|41814,3.2.1|4.1.2.46|3.2.1.21|3.2.1.21,3.2.1|4.1.2|3.2.1|3.2.1,2026
1387.0,ME.1387,metacyc,PWY-6517,,N-acetylglucosamine degradation II,49364,2.7.1.59,2.7.1,3339
1388.0,ME.1388,metacyc,PWY-4061,,glutathione-mediated detoxification I,31148|31141|31142|31142|31142|31147|31143|31144|31145|31146|31142|31142,3.4.13.23|2.3.1.80|4.4.1.13|4.4.1.25|4.3.1.17|2.5.1.18|3.5.99.10|4.4.1.13|7.6.2.3|3.4.19.13|4.4.1.28|4.4.1.35,3.4.13|2.3.1|4.4.1|4.4.1|4.3.1|2.5.1|3.5.99|4.4.1|7.6.2|3.4.19|4.4.1|4.4.1,187
1389.0,ME.1389,metacyc,PWY-7226,,guanosine deoxyribonucleotides de novo biosynthesis I,42618|42619,1.17.4.1|2.7.4.6,1.17.4|2.7.4,2156
1390.0,ME.1390,metacyc,PWY-6813,,glucuronoarabinoxylan degradation,33747,,,639
1391.0,ME.1391,metacyc,PWY-6002,,lotaustralin degradation,33996|33997,4.1.2.46|3.2.1.21,4.1.2|3.2.1,691
1392.0,ME.1392,metacyc,PWY-6722,,candicidin biosynthesis,43301|43300|43302|43303|43304,6.2.1|2.4.1|1.14.15|2.1.3.15,6.2.1|2.4.1|1.14.15|2.1.3,2297
1393.0,ME.1393,metacyc,PWY-5310,,superpathway of anthocyanin biosynthesis (from delphinidin 3-O-glucoside),36094,2.4.1,2.4.1,1030
1394.0,ME.1394,metacyc,PWY1G-1,,mycothiol-mediated detoxification,46925|46926,3.5.1.115,3.5.1,2917
1395.0,ME.1395,metacyc,PWY-6789,,"(1,3)-beta-D-xylan degradation",45676|45675,3.2.1.72|3.2.1.32,3.2.1|3.2.1,2697
1396.0,ME.1396,metacyc,PWY0-166,,superpathway of pyrimidine deoxyribonucleotides de novo biosynthesis (E. coli),46166|46167|46160|46168|46169|46170|46171|46162|46160|46160|46159|46158|46158|46157|46172|46161|46163|46164|46165,2.1.1.45|1.1.98.6|2.7.4.12|1.1.98.6|1.17.4.1|1.17.4.1|2.1.1.45|1.17.4.1|2.7.4.13|2.7.4.9|2.7.4.16|3.6.1.23|3.6.1.9|3.5.4.13|2.1.1.45|1.17.4.1|2.7.4.6|2.7.4.6|2.7.4.6,2.1.1|1.1.98|2.7.4|1.1.98|1.17.4|1.17.4|2.1.1|1.17.4|2.7.4|2.7.4|2.7.4|3.6.1|3.6.1|3.5.4|2.1.1|1.17.4|2.7.4|2.7.4|2.7.4,2778
1397.0,ME.1397,metacyc,PWY-5929,,puromycin biosynthesis,38023|38018|38017|38015|38016|38021|38019|38022|38020|38024,2.1.1.38,2.1.1,1342
1398.0,ME.1398,metacyc,PWY-7450,,anthocyanidin modification (Arabidopsis),35864|35863|35862|35861|35860|35859|35858|35857|35865,2.3.1|2.3.1|2.3.1|2.4.1|2.3.1.215|2.4.2.51|2.4.2|2.4.1.115|2.4.1,2.3.1|2.3.1|2.3.1|2.4.1|2.3.1|2.4.2|2.4.2|2.4.1|2.4.1,986
1399.0,ME.1399,metacyc,PWY3O-4108,,L-tyrosine degradation III,30834|30835|30835|30835|30837|30836|30835,4.1.1.80|2.6.1.5|2.6.1.27|2.6.1.1|2.6.1.58|1.1.1.1|2.6.1.57,4.1.1|2.6.1|2.6.1|2.6.1|2.6.1|1.1.1|2.6.1,121
1400.0,ME.1400,metacyc,PWY-6997,,furfural degradation,38892|38896|38891|38894|38898|38893|38895|38897,6.2.1.31|1.3.99.8|3.1.2|1.1.3,6.2.1|1.3.99|3.1.2|1.1.3,1516
1401.0,ME.1401,metacyc,PWY-5342,,ajugose biosynthesis I (galactinol-dependent),33179|33178,2.4.1|2.4.1,2.4.1|2.4.1,551
1402.0,ME.1402,metacyc,PWY-7187,,pyrimidine deoxyribonucleotides de novo biosynthesis II,33866|33857|33858|33859|33860|33860|33860|33861|33862|33863|33864|33865|33858,2.1.1.45|3.5.4.13|3.6.1.23|2.7.4.16|2.7.4.9|2.7.4.13|2.7.4.12|2.7.4.6|2.1.1.45|1.1.98.6|1.1.98.6|2.1.1.45|3.6.1.9,2.1.1|3.5.4|3.6.1|2.7.4|2.7.4|2.7.4|2.7.4|2.7.4|2.1.1|1.1.98|1.1.98|2.1.1|3.6.1,669
1403.0,ME.1403,metacyc,PWY-8034,,spectinabilin biosynthesis,45271|45268|45269|45272|45267|45270,1.14.15.37|1.14.99.68|2.1.1.353,1.14.15|1.14.99|2.1.1,2630
1404.0,ME.1404,metacyc,PWY-5286,,anthocyanidin sophoroside metabolism,47362|47364|47363,2.4.1|2.4.1|2.4.1,2.4.1|2.4.1|2.4.1,2998
1405.0,ME.1405,metacyc,PWY-6786,,detoxification of reactive carbonyls in chloroplasts,38030|38031|38032|38033|38034|38035|38036|38027|38028|38029,1.1.1|1.1.1.21|1.3.1|1.3.1|1.3.1|1.3.1|1.3.1|1.1.1.54|1.1.1.2|1.1.1,1.1.1|1.1.1|1.3.1|1.3.1|1.3.1|1.3.1|1.3.1|1.1.1|1.1.1|1.1.1,1344
1406.0,ME.1406,metacyc,PWY-8006,,plant arabinogalactan type II degradation,46895,,,2907
1407.0,ME.1407,metacyc,PWY-7735,,echinomycin and triostin A biosynthesis,32896|32897|32898|32899|32895|32894,6.3.2|6.3.2|2.7.7|2.1.1|1.8.3|2.3.1,6.3.2|6.3.2|2.7.7|2.1.1|1.8.3|2.3.1,514
1408.0,ME.1408,metacyc,PWY-7267,,anthocyanin biosynthesis (pelargonidin 3-O-glucoside),40311|40312|40310,1.14.20.4|2.4.1.115,1.14.20|2.4.1,1771
1409.0,ME.1409,metacyc,PWY-5151,,L-tyrosine degradation II,48934|48934|48934|48933|48934,2.6.1.1|2.6.1.27|2.6.1.5|1.2.3.13|2.6.1.57,2.6.1|2.6.1|2.6.1|1.2.3|2.6.1,3268
1410.0,ME.1410,metacyc,PWY-7141,,(3S)-linalool biosynthesis,42692|42691,4.2.3.25|2.5.1.1,4.2.3|2.5.1,2174
1411.0,ME.1411,metacyc,PWY-6577,,farnesylcysteine salvage pathway,35338|35339|35341|35340,1.1.1.216|1.8.3.6|2.7.4.32|2.7.1.216,1.1.1|1.8.3|2.7.4|2.7.1,905
1412.0,ME.1412,metacyc,PWY-6807,,xyloglucan degradation II (exoglucanase),35827|35830|35829|35828|35826|35825|35824|35823,3.2.1.23|3.2.1.51|3.2.1.51|3.2.1.151|3.2.1.23|3.2.1.23|3.2.1.120|3.2.1.177,3.2.1|3.2.1|3.2.1|3.2.1|3.2.1|3.2.1|3.2.1|3.2.1,979
1413.0,ME.1413,metacyc,PWY-7653,,griseofulvin biosynthesis,50218|50216|50221|50214|50217|50215|50220|50219,1.14.19|2.1.1|1.3.1|2.3.1|2.1.1|2.1.1|1.14.19,1.14.19|2.1.1|1.3.1|2.3.1|2.1.1|2.1.1|1.14.19,3480
1414.0,ME.1414,metacyc,PWY-5160,,rose anthocyanin biosynthesis I (via cyanidin 5-O-beta-D-glucoside),44921|44920,2.4.1|2.4.1,2.4.1|2.4.1,2573
1415.0,ME.1415,metacyc,PWY-641,,proanthocyanidins biosynthesis from flavanols,47326|47323|47325|47327|47322|47324|47321,1.14.20.4|1.17.1.3|2.4.1|1.14.20.4|1.3.1.112,1.14.20|1.17.1|2.4.1|1.14.20|1.3.1,2989
1416.0,ME.1416,metacyc,CYANCAT-PWY,,cyanate degradation,37497|37499|37499|37498,4.2.1.1|3.5.1.110|4.2.1.104|4.2.1.104,4.2.1|3.5.1|4.2.1|4.2.1,1250
1417.0,ME.1417,metacyc,PWY-881,,trehalose biosynthesis II,34696|34695,2.4.1.347|3.1.3.12,2.4.1|3.1.3,808
1418.0,ME.1418,metacyc,PWY-5343,,ajugose biosynthesis II (galactinol-independent),31740|31742|31741,2.4.1|2.4.1|2.4.1,2.4.1|2.4.1|2.4.1,288
1419.0,ME.1419,metacyc,PWY0-1535,,D-serine degradation,38510|38509|38511|38509|38509|38509|38509,3.5.99.10|4.4.1.35|4.3.1.17|4.4.1.25|4.4.1.28|4.4.1.13,3.5.99|4.4.1|4.3.1|4.4.1|4.4.1|4.4.1,1449
1420.0,ME.1420,metacyc,PWY-7274,,D-cycloserine biosynthesis,31830|31829|31828|31827|31826,1.14.11|6.3.3.5|3.5.3.25|2.6.99.3|2.3.1.30,1.14.11|6.3.3|3.5.3|2.6.99|2.3.1,298
1421.0,ME.1421,metacyc,PWY-7260,,delphinidin diglucoside biosynthesis (acyl-glucose dependent),43790|43792|43791,2.4.1.299|2.4.1.300|2.4.1.300,2.4.1|2.4.1|2.4.1,2380
1422.0,ME.1422,metacyc,PWY-6422,,D-arginine degradation,43442|43441|43440,1.4.1.25|1.4.99.6|1.4.99.6,1.4.1|1.4.99|1.4.99,2323
1423.0,ME.1423,metacyc,TYRFUMCAT-PWY,,L-tyrosine degradation I,35842|35839|35840|35841|35842|35842|35842,2.6.1.27|3.7.1.2|1.13.11.27|1.13.11.5|2.6.1.57|2.6.1.1|2.6.1.5,2.6.1|3.7.1|1.13.11|1.13.11|2.6.1|2.6.1|2.6.1,981
1424.0,ME.1424,metacyc,PWY-7709,,(3R)-linalool biosynthesis,42909|42908,4.2.3.26|2.5.1.1,4.2.3|2.5.1,2224
1425.0,ME.1425,metacyc,PWY-7112,,4-hydroxy-2-nonenal detoxification,47002|47000|46999|47001,2.3.1.80|3.4.19.13|2.5.1.18|3.4.13.23,2.3.1|3.4.19|2.5.1|3.4.13,2932
1426.0,ME.1426,metacyc,PWY-862,,fructan degradation,30694|30692|30693,3.2.1|3.2.1|3.2.1.80,3.2.1|3.2.1|3.2.1,92
1427.0,ME.1427,metacyc,PWY-8090,,D-apionate degradation II (RLP decarboxylase),33081|33082,5.3.1.33|5.3.1.34,5.3.1|5.3.1,538
1428.0,ME.1428,metacyc,PWY-6682,,dehydrophos biosynthesis,41021|41017|41018|41019|41013|41022|41016|41015|41020|41014,2.3.2|1.14.11|1.1.1|2.6.1|5.4.2.9|2.7.1|1.1.1.309|2.3.2|4.1.1.82,2.3.2|1.14.11|1.1.1|2.6.1|5.4.2|2.7.1|1.1.1|2.3.2|4.1.1,1896
1429.0,ME.1429,metacyc,PWY-5125,,anthocyanin biosynthesis,44411|44413|44412,2.4.1.115|1.14.20.4|1.14.20.4,2.4.1|1.14.20|1.14.20,2487
1430.0,ME.1430,metacyc,PWY-8091,,D-apionate degradation I (xylose isomerase family decarboxylase),47169|47170|47171,2.7.1.209|5.3.1.33|5.3.1.34,2.7.1|5.3.1|5.3.1,2964
1431.0,ME.1431,metacyc,PWY-6841,,homophytochelatin biosynthesis,32499|32498,2.3.2|2.3.2,2.3.2|2.3.2,441
1432.0,ME.1432,metacyc,PWY-2661,,trehalose biosynthesis V,32380|32379,3.2.1.141|5.4.99.15,3.2.1|5.4.99,418
1433.0,ME.1433,metacyc,PWY-6812,,xyloglucan degradation III (cellobiohydrolase),46350,3.2.1.150,3.2.1,2802
1435.0,ME.1435,metacyc,PWY-5776,,2-hydroxyphenazine biosynthesis,33343|33342,,,585
1436.0,ME.1436,metacyc,PWY-7253,,apigeninidin 5-O-glucoside biosynthesis,38772|38770|38771,2.4.1|1.1.1.234|1.14.20,2.4.1|1.1.1|1.14.20,1491
1437.0,ME.1437,metacyc,PWY0-1591,,glycerol-3-phosphate to hydrogen peroxide electron transport,31162|31163,1.1.5.3|1.11.1,1.1.5|1.11.1,192
1438.0,ME.1438,metacyc,PWY-7514,,L-tyrosine degradation IV (to 4-methylphenol),42919|42920|42918|42919|42919|42919,2.6.1.5|4.1.1.83|1.2.3.13|2.6.1.57|2.6.1.1|2.6.1.27,2.6.1|4.1.1|1.2.3|2.6.1|2.6.1|2.6.1,2227
1439.0,ME.1439,metacyc,PWY-6646,,fluoroacetate degradation,38443,3.8.1.3,3.8.1,1438
1440.0,ME.1440,metacyc,PWY-981,,salicylate biosynthesis II,49872|49873,3.1.2|1.14.14,3.1.2|1.14.14,3432
1441.0,ME.1441,metacyc,PWY-6769,,rhamnogalacturonan type I degradation I,40922,,,1884
1442.0,ME.1442,metacyc,PWY-101,,photosynthesis light reactions,41162|41161|41163|41164|41161|41161,1.97.1.12|1.18.1.2|1.10.3.9|7.1.1.6|1.18.1.3|1.18.1.6,1.97.1|1.18.1|1.10.3|7.1.1|1.18.1|1.18.1,1926
1443.0,ME.1443,metacyc,PWY-8012,,mupirocin biosynthesis,45240|45233|45248|45241|45227|45231|45244|45235|45230|45250|45252|45239|45228|45229|45232|45243|45249|45237|45246|45238|45236|45251|45247|45228|45228|45228|45245|45242|45253|45234,2.3.1|2.3.1.39|2.3.1.85|2.3.1.86|2.3.1.39,2.3.1|2.3.1|2.3.1|2.3.1|2.3.1,2627
1444.0,ME.1444,metacyc,PWY-7678,,anthocyanidin sambubioside biosynthesis,35253|35254|35251|35252|35255,2.4.2.51|2.4.1.295|2.4.2.51|2.4.2.51|2.4.1.295,2.4.2|2.4.1|2.4.2|2.4.2|2.4.1,890
1445.0,ME.1445,metacyc,PWY-5358,,tetrathionate reduction I (to thiosulfate),47333,,,2991
1446.0,ME.1446,metacyc,PWY-5676,,acetyl-CoA fermentation to butanoate II,34232|34231|34231|34230|34229|34229|34228,1.3.8.1|2.8.3.8|2.8.3.1|1.1.1.36|2.3.1.16|2.3.1.9|4.2.1.55,1.3.8|2.8.3|2.8.3|1.1.1|2.3.1|2.3.1|4.2.1,725
1447.0,ME.1447,metacyc,PWY-3821,,D-galactose detoxification,32603|32604|32604,2.7.1.6|2.7.7.10|2.7.7.64,2.7.1|2.7.7|2.7.7,465
1448.0,ME.1448,metacyc,TREHALOSESYN-PWY,,trehalose biosynthesis III,50331|50332,3.1.3.12|2.4.1.36,3.1.3|2.4.1,3499
1449.0,ME.1449,metacyc,PWY-6623,,salicylate glucosides biosynthesis II,31084|31085,1.14.13.172|2.4.1,1.14.13|2.4.1,176
1450.0,ME.1450,metacyc,PWY0-1590,,NADH to hydrogen peroxide electron transfer,34582|34582|34582|34582|34582|34583|34584|34585,7.2.1.1|1.6.5|1.6.5.9|1.6.5.2|7.1.1.2|1.11.1|1.6.5|1.6.5.9,7.2.1|1.6.5|1.6.5|1.6.5|7.1.1|1.11.1|1.6.5|1.6.5,784
1451.0,ME.1451,metacyc,PWY-7718,,actinomycin D biosynthesis,49200|49199|49196|49197|49198,6.3.1|2.7.7.97|1.10.3.4|6.3.1,6.3.1|2.7.7|1.10.3|6.3.1,3313
1452.0,ME.1452,metacyc,PWY-5312,,superpathway of anthocyanin biosynthesis (from pelargonidin 3-O-glucoside),43680,2.4.1,2.4.1,2361
1453.0,ME.1453,metacyc,PWY-7980,,ATP biosynthesis,34581|34581|34580,7.5.2.12|7.5.2.13|7.1.2.2,7.5.2|7.5.2|7.1.2,783
1454.0,ME.1454,metacyc,PWY-8016,,L-tyrosine degradation V (Stickland reaction),39010|39013|39012|39011|39010|39010|39010|39009,2.6.1.27|4.2.1.175|2.8.3.17|1.3.8.15|2.6.1.5|2.6.1.1|2.6.1.57|1.1.1.110,2.6.1|4.2.1|2.8.3|1.3.8|2.6.1|2.6.1|2.6.1|1.1.1,1525
1455.0,ME.1455,metacyc,PWY-5677,,succinate fermentation to butanoate,35639|35640|35641|35642|35643|35643|35645|35644,1.1.1.61|1.2.1.76|4.2.1.120|2.8.3.18|2.8.3.1|2.8.3.8|1.3.8.1,1.1.1|1.2.1|4.2.1|2.8.3|2.8.3|2.8.3|1.3.8,960
1456.0,ME.1456,metacyc,PWY-7616,,methanol oxidation to carbon dioxide,32268|32267,1.2.1.46|1.1.1.244,1.2.1|1.1.1,387
1457.0,ME.1457,metacyc,GLYOXDEG-PWY,,glycolate and glyoxylate degradation II,43289|43290,1.1.99.14|2.3.3.9,1.1.99|2.3.3,2294
1458.0,ME.1458,metacyc,PWY-6624,,salicylate glucosides biosynthesis III,50106,2.4.1,2.4.1,3464
1460.0,ME.1460,metacyc,PWY-7570,,blasticidin S biosynthesis,47210|47206|47207|47208|47209|47211|47212|47213|47214|47215,3.2.2.10|2.4.1|1.1|2.6.1|3.4.13|2.1.1|6.3.2|6.3.2|5.4.3,3.2.2|2.4.1|1.1|2.6.1|3.4.13|2.1.1|6.3.2|6.3.2|5.4.3,2972
1461.0,ME.1461,metacyc,PWY-7452,,cyanidin dimalonylglucoside biosynthesis,38637|38636,2.3.1|2.3.1.171,2.3.1|2.3.1,1469
1463.0,ME.1463,metacyc,GLUDEG-II-PWY,,L-glutamate degradation VII (to butanoate),39085,1.2.7.1,1.2.7,1542
1464.0,ME.1464,metacyc,PWY-5983,,trehalose biosynthesis VI,31263,2.4.1.245,2.4.1,208
1465.0,ME.1465,metacyc,PWY-7602,,"icosapentaenoate biosynthesis V (8-desaturase, lower eukaryotes)",45600|45601|45602|45603|45604|45606|45605,1.1.1.330|1.3.1.93|4.2.1.134|2.3.1.199|2.3.1|1.14.19.30|1.14.19.4,1.1.1|1.3.1|4.2.1|2.3.1|2.3.1|1.14.19|1.14.19,2684
1466.0,ME.1466,metacyc,PWY-6406,,salicylate biosynthesis I,34546|34547,5.4.4.2|4.2.99.21,5.4.4|4.2.99,780
1467.0,ME.1467,metacyc,PWY-3661,,glycine betaine degradation I,48486|48489|48488|48487|48486|48483|48484|48485|48490|48486|48486|48486,4.4.1.35|1.5.8.4|2.1.2.1|3.5.99.10|4.4.1.28|1.5.3.1|2.1.1.5|4.3.1.17|2.1.2.1|4.3.1.17|4.4.1.25|4.4.1.13,4.4.1|1.5.8|2.1.2|3.5.99|4.4.1|1.5.3|2.1.1|4.3.1|2.1.2|4.3.1|4.4.1|4.4.1,3192
1468.0,ME.1468,metacyc,PWY-5295,,ternatin C5 biosynthesis,32279|32278|32277|32277,2.4.1.249|2.3.1.171|2.4.1.249|2.4.1.238,2.4.1|2.3.1|2.4.1|2.4.1,392
1469.0,ME.1469,metacyc,PWY-6958,,icosapentaenoate biosynthesis I (lower eukaryotes),32882|32877|32878|32879|32880|32884|32883|32881,2.3.1.23|2.3.1|1.1.1.330|4.2.1.134|1.3.1.93|1.14.19.30|1.14.19.47|2.3.1.23,2.3.1|2.3.1|1.1.1|4.2.1|1.3.1|1.14.19|1.14.19|2.3.1,511
1470.0,ME.1470,metacyc,PWY-5172,,acetyl-CoA biosynthesis III (from citrate),32563,2.3.3.8,2.3.3,459
1471.0,ME.1471,metacyc,PWY-6649,,glycolate and glyoxylate degradation III,37118|37119|37120,4.3.1.20|1.1.99.14|4.1.3.14,4.3.1|1.1.99|4.1.3,1197
1472.0,ME.1472,metacyc,PWY-7724,,"icosapentaenoate biosynthesis III (8-desaturase, mammals)",33356|33355|33354|33353|33352|33351|33357,4.2.1.134|1.3.1.93|1.1.1.330|1.14.19|6.2.1.3|1.14.19.44|2.3.1.199,4.2.1|1.3.1|1.1.1|1.14.19|6.2.1|1.14.19|2.3.1,587
1473.0,ME.1473,metacyc,PWY-6762,,salicylate glucosides biosynthesis IV,41932,2.4.1,2.4.1,2053
1474.0,ME.1474,metacyc,PWY-6511,,3-methylarginine biosynthesis,46876|46874|46875,2.6.1|2.1.1.243|2.6.1,2.6.1|2.1.1|2.6.1,2903
1475.0,ME.1475,metacyc,PWY-7280,,ternatin C3 biosynthesis,38041,2.3.1,2.3.1,1346
1476.0,ME.1476,metacyc,PWY-7049,,"icosapentaenoate biosynthesis II (6-desaturase, mammals)",32891|32886|32889|32888|32887|32885|32890,1.3.1.93|1.14.19.44|1.1.1.330|2.3.1|6.2.1.3|1.14.19.3|4.2.1.134,1.3.1|1.14.19|1.1.1|2.3.1|6.2.1|1.14.19|4.2.1,512
1477.0,ME.1477,metacyc,TRESYN-PWY,,trehalose biosynthesis I,47814|47813,2.4.1.15|3.1.3.12,2.4.1|3.1.3,3082
1479.0,ME.1479,metacyc,PWY-6621,,salicylate glucosides biosynthesis I,47533,,,3025
1480.0,ME.1480,metacyc,PWY-3661-1,,glycine betaine degradation II (mammalian),33010|33011|33012|33009,2.1.2.1|1.5.8.4|2.1.2.1|2.1.1.5,2.1.2|1.5.8|2.1.2|2.1.1,526
1481.0,ME.1481,metacyc,PWY-5737,,(5R)-carbapenem carboxylate biosynthesis,49247|49251|49249|49248|49250,1.14.20.3|6.3.3.6|2.3.1.226|1.5.5.2,1.14.20|6.3.3|2.3.1|1.5.5,3324
1482.0,ME.1482,metacyc,PWY-5268,,salvianin biosynthesis,42158|42155|42156|42157|42159|42154,2.3.1|2.3.1.214|2.4.1|2.3.1|2.4.1|2.3.1.172,2.3.1|2.3.1|2.4.1|2.3.1|2.4.1|2.3.1,2087
1483.0,ME.1483,metacyc,PWY-6940,,icosapentaenoate biosynthesis VI (fungi),49947,1.14.19.25,1.14.19,3444
1484.0,ME.1484,metacyc,PWY-6970,,acetyl-CoA biosynthesis II (NADP-dependent pyruvate dehydrogenase),33882,1.2.1.51,1.2.1,673
1485.0,ME.1485,metacyc,GLYCOLATEMET-PWY,,glycolate and glyoxylate degradation I,32388|32387|32390|32389,4.1.1.47|1.1.1.60|2.7.1.165|1.1.99.14,4.1.1|1.1.1|2.7.1|1.1.99,420
1486.0,ME.1486,metacyc,DARABCATK12-PWY,,D-arabinose degradation I,39124|39127|39126|39125,1.2.1.21|5.3.1.3|2.7.1.51|4.1.2.17,1.2.1|5.3.1|2.7.1|4.1.2,1550
1487.0,ME.1487,metacyc,PWY-7863,,roseoflavin biosynthesis,41733|41737|41736|41735|41734|41732|41731,2.1.1.343|3.1.3|2.6.1.114|2.6.1.114|2.6.1.114|2.1.1.343|2.7.1.26,2.1.1|3.1.3|2.6.1|2.6.1|2.6.1|2.1.1|2.7.1,2013
1488.0,ME.1488,metacyc,PWY-7261,,anthocyanidin 3-malylglucoside biosynthesis (acyl-glucose dependent),39828|39827|39826,2.3.1|2.3.1|2.3.1,2.3.1|2.3.1|2.3.1,1688
1489.0,ME.1489,metacyc,PWY-5519,,D-arabinose degradation III,32164|32161|32160|32163|32159|32162,4.2.1.5|1.2.1.26|1.1.1|3.1.1.30|4.2.1.141,4.2.1|1.2.1|1.1.1|3.1.1|4.2.1,369
1490.0,ME.1490,metacyc,PWY-5985,,trehalose biosynthesis VII,32849,2.4.1.245,2.4.1,503
1491.0,ME.1491,metacyc,DARABCAT-PWY,,D-arabinose degradation II,32269|32270,2.7.1.47|5.3.1.3,2.7.1|5.3.1,388
1492.0,ME.1492,metacyc,PWY-7702,,sch210971 and sch210972 biosynthesis,42607|42606|42605,5.5.1|5.5.1,5.5.1|5.5.1,2153
1493.0,ME.1493,metacyc,PWY-5139,,pelargonidin conjugates biosynthesis,34765|34770|34768|34766|34767|34769,2.3.1.171|2.3.1|2.4.1|2.4.1|2.4.1.116|2.3.1,2.3.1|2.3.1|2.4.1|2.4.1|2.4.1|2.3.1,821
1494.0,ME.1494,metacyc,PWY-6497,,D-galactarate degradation II,38119|38118|38120,4.2.1.41|1.2.1.26|4.2.1.42,4.2.1|1.2.1|4.2.1,1362
1495.0,ME.1495,metacyc,PWY-7022,,paromamine biosynthesis II,49601|49605|49604|49603|49602|49606,4.2.3.124|2.6.1.100|3.5.1.112|2.4.1.283|1.1.99.38|2.6.1.101,4.2.3|2.6.1|3.5.1|2.4.1|1.1.99|2.6.1,3386
1496.0,ME.1496,metacyc,GALACTARDEG-PWY,,D-galactarate degradation I,31670|31671|31673|31672,1.1.1.60|4.2.1.42|4.1.2.20|2.7.1.165,1.1.1|4.2.1|4.1.2|2.7.1,269
1497.0,ME.1497,metacyc,PWY-7547,,prodigiosin biosynthesis,49644|49655|49645|49647|49646|49648|49649|49650|49651|49653|49654|49652,2.2.1.12|4.2.1|1.1.1|6.4.1|2.1.1|1.4.3|2.6.1|6.2.1.53|1.3.8.14|2.3.1|2.3.1,2.2.1|4.2.1|1.1.1|6.4.1|2.1.1|1.4.3|2.6.1|6.2.1|1.3.8|2.3.1|2.3.1,3393
1498.0,ME.1498,metacyc,PWY-7256,,cyanidin diglucoside biosynthesis (acyl-glucose dependent),49394|49388|49389|49390|49391|49392|49393|49395,3.2.1|2.4.1.299|2.4.1.300|2.4.1.299|2.4.1.300|2.4.1.299|2.4.1.300|3.2.1,3.2.1|2.4.1|2.4.1|2.4.1|2.4.1|2.4.1|2.4.1|3.2.1,3343
1499.0,ME.1499,metacyc,PWY-7014,,paromamine biosynthesis I,42762|42761|42760|42765|42763|42764,2.4.1.283|1.1.1.329|4.2.3.124|2.6.1.101|3.5.1.112|2.6.1.100,2.4.1|1.1.1|4.2.3|2.6.1|3.5.1|2.6.1,2190
1500.0,ME.1500,metacyc,PWY-2622,,trehalose biosynthesis IV,44509,5.4.99.16,5.4.99,2495
1501.0,ME.1501,metacyc,GLUTORN-PWY,,L-ornithine biosynthesis I,45970|45967|45968|45969|45971,2.7.2.8|3.5.1.16|1.2.1.38|2.3.1.1|2.6.1.11,2.7.2|3.5.1|1.2.1|2.3.1|2.6.1,2746
1502.0,ME.1502,metacyc,PWY-7018,,paromomycin biosynthesis,41284|41286|41285|41283|41282|41281,3.5.1|2.6.1|1.1.3|2.4.1|3.1.3|2.4.2,3.5.1|2.6.1|1.1.3|2.4.1|3.1.3|2.4.2,1944
1503.0,ME.1503,metacyc,PWY-7679,,anthocyanidin acylglucoside and acylsambubioside biosynthesis,39487|39485|39482|39488|39486|39489|39481|39480|39483|39484,2.3.1|2.3.1|2.3.1.215|2.3.1|2.3.1|2.3.1|2.4.2.51|2.4.2.51|2.3.1.215|2.3.1,2.3.1|2.3.1|2.3.1|2.3.1|2.3.1|2.3.1|2.4.2|2.4.2|2.3.1|2.3.1,1618
1504.0,ME.1504,metacyc,PWY-7722,,sulfoquinovose degradation II,46010|46007|46006|46009|46008,4.2.1.162|1.2.1.97|1.1.1.390|4.1.2.58|3.1.1.99,4.2.1|1.2.1|1.1.1|4.1.2|3.1.1,2750
1505.0,ME.1505,metacyc,PWY-6978,,plastoquinol-9 biosynthesis II,41061|41063|41062|41064|41065,2.1.1.295|2.1.1|2.5.1.39|1.14.13|4.1.1.98,2.1.1|2.1.1|2.5.1|1.14.13|4.1.1,1904
1506.0,ME.1506,metacyc,GALACTUROCAT-PWY,,D-galacturonate degradation I,39879|39878|39880|39879|39876|39877|39878,2.7.1.45|4.1.2.55|5.3.1.12|2.7.1.178|1.1.1.58|4.2.1.7|4.1.2.14,2.7.1|4.1.2|5.3.1|2.7.1|1.1.1|4.2.1|4.1.2,1698
1507.0,ME.1507,metacyc,PWY-6324,,rebeccamycin biosynthesis,44073|44074|44075|44070|44071|44076|44072,2.1.1.164|4.3.3.5|1.21.98.2|1.14.19.9|1.4.3.23|1.13.12.17,2.1.1|4.3.3|1.21.98|1.14.19|1.4.3|1.13.12,2429
1508.0,ME.1508,metacyc,PWY-5313,,superpathway of anthocyanin biosynthesis (from cyanidin and cyanidin 3-O-glucoside),47857|47859|47860|47855|47856|47861|47858,2.4.1.298|2.3.1|2.3.1.215|2.4.1.115|2.3.1.172|2.4.1|2.4.1,2.4.1|2.3.1|2.3.1|2.4.1|2.3.1|2.4.1|2.4.1,3094
1509.0,ME.1509,metacyc,PWY-7446,,sulfoquinovose degradation I,41862|41861|41858|41859|41860,3.2.1.199|5.3.1.31|1.1.1.373|2.7.1.184|4.1.2.57,3.2.1|5.3.1|1.1.1|2.7.1|4.1.2,2040
1510.0,ME.1510,metacyc,PWY-6486,,D-galacturonate degradation II,38097|38095|38094|38096|38098,5.4.1.4|1.2.1.26|1.1.1.203|4.2.1.41|5.5.1.27,5.4.1|1.2.1|1.1.1|4.2.1|5.5.1,1358
1511.0,ME.1511,metacyc,PWY-1581,,plastoquinol-9 biosynthesis I,48914|48913,2.1.1.295|1.13.11.27,2.1.1|1.13.11,3265
1512.0,ME.1512,metacyc,PWY-6922,,L-Ndelta-acetylornithine biosynthesis,49189|49190|49191|49192|49195|49193|49194,3.5.3.1|1.2.1.41|2.7.2.11|2.6.1.13|1.5.5.2,3.5.3|1.2.1|2.7.2|2.6.1|1.5.5,3312
1513.0,ME.1513,metacyc,PWY-6491,,D-galacturonate degradation III,36743|36739|36742|36740|36741,1.1.1|1.1.1.365|4.2.1.146|4.1.2.54,1.1.1|1.1.1|4.2.1|4.1.2,1123
1514.0,ME.1514,metacyc,PWY1QP9-2,,fructosyllysine and glucosyllysine metabolism,36069|36068|36071|36070,2.7.1|2.7.1,2.7.1|2.7.1,1023
1515.0,ME.1515,metacyc,PWY-5633,,cephamycin C biosynthesis,36096|36098|36097,2.1.3.7,2.1.3,1032
1516.0,ME.1516,metacyc,PWY-7458,,violdelphin biosynthesis,43947|43943|43946|43945|43944,2.3.1|2.4.1|2.4.1|2.3.1|2.4.1,2.3.1|2.4.1|2.4.1|2.3.1|2.4.1,2406
1517.0,ME.1517,metacyc,GLUCARDEG-PWY,,D-glucarate degradation I,46217|46216|46218|46219,4.2.1.40|1.1.1.60|2.7.1.165|4.1.2.20,4.2.1|1.1.1|2.7.1|4.1.2,2788
1518.0,ME.1518,metacyc,PWY-6519,,8-amino-7-oxononanoate biosynthesis I,34138|34140|34139|34148|34141|34147|34143|34145|34144|34145|34151|34143|34146|34150|34144|34142|34149|34149,2.1.1.197|2.3.1.47|3.1.1.85|1.3.1.9|1.1.1.100|4.2.1.59|2.3.1.41|2.3.1.179|2.3.1.179|2.3.1.41|2.3.1.47|2.3.1.179|1.1.1.100|1.3.1.9|2.3.1.41|4.2.1.59|2.3.1.41|2.3.1.179,2.1.1|2.3.1|3.1.1|1.3.1|1.1.1|4.2.1|2.3.1|2.3.1|2.3.1|2.3.1|2.3.1|2.3.1|1.1.1|1.3.1|2.3.1|4.2.1|2.3.1|2.3.1,710
1519.0,ME.1519,metacyc,PWY-6499,,D-glucarate degradation II,44226|44225|44227,4.2.1.40|1.2.1.26|4.2.1.41,4.2.1|1.2.1|4.2.1,2454
1520.0,ME.1520,metacyc,PWY-6507,,4-deoxy-L-threo-hex-4-enopyranuronate degradation,38507|38505|38506|38508|38508|38507,4.1.2.14|5.3.1.17|1.1.1.127|2.7.1.178|2.7.1.45|4.1.2.55,4.1.2|5.3.1|1.1.1|2.7.1|2.7.1|4.1.2,1448
1521.0,ME.1521,metacyc,PWY-5307,,gentiodelphin biosynthesis,37360|37361|37362|37358|37357|37359,2.3.1.153|2.3.1|2.3.1|2.4.1.298|2.4.1.238|2.4.1.298,2.3.1|2.3.1|2.3.1|2.4.1|2.4.1|2.4.1,1226
1522.0,ME.1522,metacyc,PWY-6578,,8-amino-7-oxononanoate biosynthesis III,43821|43822,6.2.1.14|2.3.1.47,6.2.1|2.3.1,2387
1523.0,ME.1523,metacyc,ARGININE-SYN4-PWY,,L-ornithine biosynthesis II,45610|45611|45612|45611|45611|45613,1.2.1.41|1.4.1.3|2.7.2.11|1.4.1.13|1.4.1.4|2.6.1.13,1.2.1|1.4.1|2.7.2|1.4.1|1.4.1|2.6.1,2686
1524.0,ME.1524,metacyc,PWY-7449,,acylated cyanidin galactoside biosynthesis,37342|37343|37344|37340|37341|37339,2.4.1|2.3.1.213|2.3.1.213|2.4.2.50|2.3.1.213|2.4.1.294,2.4.1|2.3.1|2.3.1|2.4.2|2.3.1|2.4.1,1224
1525.0,ME.1525,metacyc,PWY-7147,,8-amino-7-oxononanoate biosynthesis II,37053|37051|37052,2.3.1.47|1.14.14.46|2.3.1.47,2.3.1|1.14.14|2.3.1,1185
1526.0,ME.1526,metacyc,PWY0-521,,fructoselysine and psicoselysine degradation,42862|42861,2.7.1.218,2.7.1,2212
1527.0,ME.1527,metacyc,PWY-5284,,shisonin biosynthesis,41806|41810|41809|41808|41807,2.3.1.172|2.3.1.215|2.3.1|2.4.1|2.4.1.298,2.3.1|2.3.1|2.3.1|2.4.1|2.4.1,2024
1528.0,ME.1528,metacyc,PWY-8067,,methylphosphonate biosynthesis,43128|43131|43129|43130,5.4.2.9|1.13.11.73|4.1.1.82|1.1.1.309,5.4.2|1.13.11|4.1.1|1.1.1,2263
1529.0,ME.1529,metacyc,PWY-5663,,erythro-tetrahydrobiopterin biosynthesis I,50086|50084|50087|50085,1.1.1.220|4.2.3.12|3.5.4.16,1.1.1|4.2.3|3.5.4,3460
1530.0,ME.1530,metacyc,PWY-6501,,D-glucuronate degradation II,36606|36605|36604|36603|36607,5.5.1.27|1.1.1.203|4.2.1.41|1.2.1.26,5.5.1|1.1.1|4.2.1|1.2.1,1107
1531.0,ME.1531,metacyc,PWY-7262,,rose anthocyanin biosynthesis II (via cyanidin 3-O-beta-D-glucoside),39196|39195,2.4.1.298|2.4.1.115,2.4.1|2.4.1,1566
1532.0,ME.1532,metacyc,PWY-7247,,beta-D-glucuronide and D-glucuronate degradation,41474|41473|41475,3.2.1.31|5.3.1.12,3.2.1|5.3.1,1962
1533.0,ME.1533,metacyc,PWY-7442,,drosopterin and aurodrosopterin biosynthesis,44683|44682|44681|44686|44687|44685|44684,3.5.4.3|4.2.3.12|1.5.4.1|3.5.4.16,3.5.4|4.2.3|1.5.4|3.5.4,2522
1534.0,ME.1534,metacyc,PWY-5153,,anthocyanin biosynthesis (delphinidin 3-O-glucoside),46602|46603,2.4.1.115|1.14.20,2.4.1|1.14.20,2851
1535.0,ME.1535,metacyc,PWY-5525,,D-glucuronate degradation I,43014|43018|43017|43016|43015,1.1.1.10|1.1.1.45|4.1.1.34|1.1.1.19,1.1.1|1.1.1|4.1.1|1.1.1,2246
1536.0,ME.1536,metacyc,PWY-6481,,L-dopa and L-dopachrome biosynthesis,39084|39083|39082,1.14.18.1,1.14.18,1541
1537.0,ME.1537,metacyc,PWY-6697,,oxalate degradation IV,39447,1.2.3.4,1.2.3,1610
1538.0,ME.1538,metacyc,PWY-5664,,erythro-tetrahydrobiopterin biosynthesis II,49533|49535|49534|49532,3.5.4.16|1.1.1.220|4.2.3.12,3.5.4|1.1.1|4.2.3,3374
1539.0,ME.1539,metacyc,PWY-7518,,atromentin biosynthesis,48770|48770|48770|48770|48771,2.6.1.27|2.6.1.1|2.6.1.5|2.6.1.57,2.6.1|2.6.1|2.6.1|2.6.1,3244
1540.0,ME.1540,metacyc,PWY-7566,,L-gulonate degradation,44844,1.1.1.380,1.1.1,2552
1541.0,ME.1541,metacyc,PWY-7259,,pelargonidin diglucoside biosynthesis (acyl-glucose dependent),44353|44355|44354,2.4.1.299|2.4.1.300|2.4.1.300,2.4.1|2.4.1|2.4.1,2478
1542.0,ME.1542,metacyc,KETOGLUCONMET-PWY,,ketogluconate metabolism,34981|34982|34983|34984|34980,1.1.1.274|1.1.1.346|1.1.1|1.1.1|1.1.1.215,1.1.1|1.1.1|1.1.1|1.1.1|1.1.1,851
1543.0,ME.1543,metacyc,PWY-7917,,pheomelanin biosynthesis,46098|46094|46096|46100|46093|46097|46099|46095,1.14.18.1,1.14.18,2768
1544.0,ME.1544,metacyc,PWY-6694,,oxalate degradation I,39207,1.2.7.10,1.2.7,1569
1545.0,ME.1545,metacyc,PWY-5987,,sorgoleone biosynthesis,36967|36966|36962|36964|36969|36963|36965|36968,2.1.1|2.3.1|1.14.19.6|2.1.1|1.14.19.1|1.14.19.13|1,2.1.1|2.3.1|1.14.19|2.1.1|1.14.19|1.14.19|1,1167
1546.0,ME.1546,metacyc,PWY0-1306,,L-galactonate degradation,38368,1.1.1.414,1.1.1,1423
1547.0,ME.1547,metacyc,PWY-7252,,luteolinidin 5-O-glucoside biosynthesis,31687|31686|31688,1.14.20|1.1.1.234|2.4.1,1.14.20|1.1.1|2.4.1,273
1548.0,ME.1548,metacyc,PWY-7242,,D-fructuronate degradation,43019|43021|43020|43020|43022|43022,1.1.1.57|4.2.1.8|4.1.2.14|4.1.2.55|2.7.1.45|2.7.1.178,1.1.1|4.2.1|4.1.2|4.1.2|2.7.1|2.7.1,2247
1549.0,ME.1549,metacyc,PWY-5636,,2-nitrophenol degradation,32674,1.14.13.31,1.14.13,482
1550.0,ME.1550,metacyc,PWY-6498,,eumelanin biosynthesis,45652|45653|45654|45651,5.3.3.12,5.3.3,2692
1551.0,ME.1551,metacyc,PWY-6698,,oxalate degradation V,31240,4.1.1.2,4.1.1,203
1552.0,ME.1552,metacyc,PWY-6983,,threo-tetrahydrobiopterin biosynthesis,40088|40090|40089|40087,3.5.4.16|1.1.1.220|4.2.3.12,3.5.4|1.1.1|4.2.3,1722
1553.0,ME.1553,metacyc,PWY-5795,,juglone biosynthesis,40146|40147,1.14.99,1.14.99,1739
1554.0,ME.1554,metacyc,GALACTCAT-PWY,,D-galactonate degradation,49361|49362|49361|49363|49363|49362,4.2.1.6|4.1.2.21|4.2.1.140|2.7.1.178|2.7.1.58|4.1.2.55,4.2.1|4.1.2|4.2.1|2.7.1|2.7.1|4.1.2,3338
1555.0,ME.1555,metacyc,PWY1F-FLAVSYN,,flavonoid biosynthesis,40181|40182|40180,1.14.11.9|5.5.1.6|6.2.1.12,1.14.11|5.5.1|6.2.1,1748
1556.0,ME.1556,metacyc,PWY-7516,,L-lyxonate degradation,49848|49846|49847,1.2.1.26|4.2.1.43,1.2.1|4.2.1,3426
1557.0,ME.1557,metacyc,PWY-8043,,ophthalmate biosynthesis,41159|41160|41158,6.3.2.2|6.3.2.3|2.6.1,6.3.2|6.3.2|2.6.1,1925
1558.0,ME.1558,metacyc,PWY-6695,,oxalate degradation II,43608|43609|43610,2.8.3.2|4.1.1.8|2.8.3.16,2.8.3|4.1.1|2.8.3,2344
1559.0,ME.1559,metacyc,PWY-5371,,chrysophanol biosynthesis,36986,,,1172
1560.0,ME.1560,metacyc,IDNCAT-PWY,,L-idonate degradation,47354|47352|47353,2.7.1.12|1.1.1.264|1.1.1,2.7.1|1.1.1|1.1.1,2995
1561.0,ME.1561,metacyc,PWY-7897,,flavonoid di-C-glucosylation,40961|40960|40959|40956|40963|40958|40951|40952|40950|40953|40962|40954|40955|40957,2.4.1|2.4.1|2.4.1.360|6.2.1.12|5.5.1.6|1.3.1.117|2.3.1.74|2.4.1.360|1.14.14.162,2.4.1|2.4.1|2.4.1|6.2.1|5.5.1|1.3.1|2.3.1|2.4.1|1.14.14,1889
1562.0,ME.1562,metacyc,PWY-5487,,4-nitrophenol degradation I,33903|33902|33901|33906|33906|33906|33905|33905|33900|33904|33906|33906|33906|33906|33906,1.13.11.66|1.3.1.32|1.6.5.6|1.6.5.5|1.6.5.6|1.8.1.9|1.6.5.2|1.6.5.10|1.2.1.61|1.14.13.167|1.7.1.6|1.6.5.2|1.6.5.10|1.1.1.50|1.1.1.328,1.13.11|1.3.1|1.6.5|1.6.5|1.6.5|1.8.1|1.6.5|1.6.5|1.2.1|1.14.13|1.7.1|1.6.5|1.6.5|1.1.1|1.1.1,675
1563.0,ME.1563,metacyc,PWY-6730,,methylhalides biosynthesis (plants),47007|47008|47009,2.1.1.165|2.1.1.165|2.1.1.165,2.1.1|2.1.1|2.1.1,2934
1564.0,ME.1564,metacyc,PWY-7985,,oxalate degradation VI,34010|34008|34007|34009,4.1.1.8|3.1.2.10|6.2.1.8|1.17.1.9,4.1.1|3.1.2|6.2.1|1.17.1,695
1565.0,ME.1565,metacyc,PWY-7079,,geodin biosynthesis,34014|34013|34012|34011|34015,1.14.19|2.1.1|2.1.1.283|1.14.13.43|1.10.3,1.14.19|2.1.1|2.1.1|1.14.13|1.10.3,696
1566.0,ME.1566,metacyc,PWY-8022,,salmochelin degradation,48083|48082|48087|48086|48085|48084,3.1.1.109|3.1.1.109|3.1.1.109|3.1.1.109|3.1.1.109|3.1.1.109,3.1.1|3.1.1|3.1.1|3.1.1|3.1.1|3.1.1,3137
1567.0,ME.1567,metacyc,PWY-7397,,naringenin biosynthesis (engineered),47293|47295|47294|47293,4.3.1.23|5.5.1.6|6.2.1.12|4.3.1.25,4.3.1|5.5.1|6.2.1|4.3.1,2984
1568.0,ME.1568,metacyc,PWY-6696,,oxalate degradation III,39832|39830|39833|39831|39829,1.17.1.9|2.8.3.2|4.1.1.8|3.1.2.10|1.2.1.17,1.17.1|2.8.3|4.1.1|3.1.2|1.2.1,1689
1569.0,ME.1569,metacyc,PWY-5801,,lawsone biosynthesis,44876,,,2562
1570.0,ME.1570,metacyc,PWY0-1527,,curcumin degradation,49246|49245,,,3323
1571.0,ME.1571,metacyc,PWY-6787,,flavonoid biosynthesis (in equisetum),40354|40360|40359|40358|40357|40356|40355|40353|40361,1.14.11.9|1.14.14.82|1.14.20.5|5.5.1.6|1.14.20.5|1.14.20.6|1.14.20.6|1.14.11.9,1.14.11|1.14.14|1.14.20|5.5.1|1.14.20|1.14.20|1.14.20|1.14.11,1778
1572.0,ME.1572,metacyc,PWY-5488,,4-nitrophenol degradation II,30818|30821|30820|30819|30817,1.3.1.32|1.14.13.166|1.13.11.37|1.14.13.29|1.6.5.7,1.3.1|1.14.13|1.13.11|1.14.13|1.6.5,117
1573.0,ME.1573,metacyc,PWY0-301,,"L-ascorbate degradation I (bacterial, anaerobic)",36286|36287,4.1.1.85|3.1.1,4.1.1|3.1.1,1069
1574.0,ME.1574,metacyc,PWY-5701,,shikonin biosynthesis,30849|30850|30851|30853|30852,2.5.1.93|1.14.14.174,2.5.1|1.14.14,126
1575.0,ME.1575,metacyc,PWY-6995,,5-hydroxymethylfurfural degradation,32597|32595|32588|32589|32589|32590|32591|32592|32593|32594|32596,1.3.99.8|1.1.3.47|1.1.3.7|1.1.3.47|1.1.3.47|1.1.3.47|1.1.3.47|6.2.1.31|3.1.2,1.3.99|1.1.3|1.1.3|1.1.3|1.1.3|1.1.3|1.1.3|6.2.1|3.1.2,463
1576.0,ME.1576,metacyc,PWY-6515,,phloridzin biosynthesis,49017|49019|49018,1.3.1.117|2.3.1.74|2.4.1.357,1.3.1|2.3.1|2.4.1,3280
1577.0,ME.1577,metacyc,PWY-6959,,L-ascorbate degradation V,41402|41403|41405|41404|41406,1.11.1.11,1.11.1,1959
1578.0,ME.1578,metacyc,PWY-6960,,L-ascorbate degradation III,30811|30816|30814|30812|30813|30815,1.11.1.11,1.11.1,116
1579.0,ME.1579,metacyc,PWY-7080,,asterrate biosynthesis,42947|42946|42945,1.21.3.4|1.21.3.5,1.21.3|1.21.3,2235
1580.0,ME.1580,metacyc,PWY0-1569,,autoinducer AI-2 degradation,44694|44693|44692,2.7.1.189|5.3.1.32|2.3.1.245,2.7.1|5.3.1|2.3.1,2524
1581.0,ME.1581,metacyc,PWY-6325,,echinatin biosynthesis,47385|47384|47383|47382|47386,1.14.14.162|5.5.1.6|2.1.1.65,1.14.14|5.5.1|2.1.1,3002
1582.0,ME.1582,metacyc,PWY-6961,,"L-ascorbate degradation II (bacterial, aerobic)",40297|40296|40299|40295|40300|40298,1.11.1.11|4.1.1.85|1.1.1.130|2.7.1.53,1.11.1|4.1.1|1.1.1|2.7.1,1767
1583.0,ME.1583,metacyc,PWY-6327,,tetrathionate oxidation,41684,,,2004
1584.0,ME.1584,metacyc,PWY-6704,,L-ascorbate degradation IV,49277|49274|49276|49275|49273,1.1.1|1.1.1.366,1.1.1|1.1.1,3329
1585.0,ME.1585,metacyc,PWY-5802,,alizarin biosynthesis,36941,2.5.1,2.5.1,1161
1586.0,ME.1586,metacyc,PWY-7114,,tea aroma glycosidic precursor bioactivation,37578|37581|37583|37582|37579|37580|37577,3.2.1.149|3.2.1.149|3.2.1.149|3.2.1.149|3.2.1.149|3.2.1.149|3.2.1.149,3.2.1|3.2.1|3.2.1|3.2.1|3.2.1|3.2.1|3.2.1,1264
1587.0,ME.1587,metacyc,PWY-7885,,phosphatidylinositol mannoside biosynthesis,37607|37598|37600|37601|37602|37606|37603|37604|37599|37605,2.4.1.345|2.3.1.265|2.3.1.265|2.4.1.346|2.4.1.346,2.4.1|2.3.1|2.3.1|2.4.1|2.4.1,1270
1588.0,ME.1588,metacyc,PWY-6232,,chrysoeriol biosynthesis,30889,2.1.1.42,2.1.1,132
1589.0,ME.1589,metacyc,PWY-5780,,hypericin biosynthesis,47222|47224|47223,4.2.1|1.10.3|1.10.3,4.2.1|1.10.3|1.10.3,2974
1590.0,ME.1590,metacyc,PWY-6029,,"2,3-trans-flavanols biosynthesis",31889|31887|31888,1.17.1.3|1.17.1.3|1.17.1.3,1.17.1|1.17.1|1.17.1,313
1591.0,ME.1591,metacyc,SO4ASSIM-PWY,,assimilatory sulfate reduction I,46230|46231,1.8.1.2|1.8.4.8,1.8.1|1.8.4,2791
1592.0,ME.1592,metacyc,PWY-6908,,thiamine diphosphate biosynthesis IV (eukaryotes),40335|40334|40333,3.1.3.100|2.5.1.3|2.7.6.2,3.1.3|2.5.1|2.7.6,1774
1593.0,ME.1593,metacyc,PWY-5846,,colchicine biosynthesis,32384|32386|32382|32381|32385|32383,2.3.1|1.14.13|1.14.19|3.5.1|1.14.13|2.1.1,2.3.1|1.14.13|1.14.19|3.5.1|1.14.13|2.1.1,419
1594.0,ME.1594,metacyc,SULFMETII-PWY,,assimilatory sulfate reduction II,46378|46379,1.8.4.9|2.7.7.4,1.8.4|2.7.7,2808
1595.0,ME.1595,metacyc,PWY-7774,,propane degradation I,35709|35710|35711|35712,1.14.13.226|1.14.13.227|3.1.1.114,1.14.13|1.14.13|3.1.1,967
1596.0,ME.1596,metacyc,PWY-7684,,alpha-diglucosyldiacylglycerol biosynthesis,40889|40888,2.4.1.336|2.4.1.208,2.4.1|2.4.1,1874
1597.0,ME.1597,metacyc,PWY-6683,,assimilatory sulfate reduction III,37124|37126|37125,1.8.1.2|1.8.4.10|2.7.7.4,1.8.1|1.8.4|2.7.7,1199
1598.0,ME.1598,metacyc,PWY-6634,,3-sulfopropanediol degradation,31339|31340|31341,1.1.1.308|1.1.1|1.1.1,1.1.1|1.1.1|1.1.1,221
1599.0,ME.1599,metacyc,PWY-7775,,propane degradation II,39283|39282|39280|39281|39279,1.14.13.227,1.14.13,1589
1600.0,ME.1600,metacyc,PWY-6893,,thiamine diphosphate biosynthesis II (Bacillus),41893|41894|41892|41893|41893,2.7.4.12|2.5.1.3|2.7.4.16|2.7.4.9|2.7.4.13,2.7.4|2.5.1|2.7.4|2.7.4|2.7.4,2045
1601.0,ME.1601,metacyc,PWY-5451,,acetone degradation I (to methylglyoxal),43825|43823|43824|43827|43826,1.1.1.80|4.1.1.4|1.14.14.1,1.1.1|4.1.1|1.14.14,2388
1602.0,ME.1602,metacyc,PWY-5317,,hyoscyamine and scopolamine biosynthesis,41104|41103|41099|41102|41101|41100,1.14.20.13|2.3.1.185|1.1.1.236|1.14.11.11,1.14.20|2.3.1|1.1.1|1.14.11,1914
1603.0,ME.1603,metacyc,PWY-6044,,methanesulfonate degradation,47985,1.14.13.111,1.14.13,3117
1604.0,ME.1604,metacyc,PWY-401,,galactolipid biosynthesis I,34954|34951|34952|34953|34955,2.4.1.184|2.4.1.46|2.4.1.241|2.4.1.184|2.4.1.184,2.4.1|2.4.1|2.4.1|2.4.1|2.4.1,844
1605.0,ME.1605,metacyc,PWY-7898,,"4,4-disulfanediyldibutanoate degradation",46913|46914|46915,1.8.1.20|1.13.12|3.13.1,1.8.1|1.13.12|3.13.1,2912
1606.0,ME.1606,metacyc,PWY-5533,,acetone degradation II (to acetoacetate),49937|49936,6.4.1.6|1.1.1.80,6.4.1|1.1.1,3441
1608.0,ME.1608,metacyc,PWY-7176,,UTP and CTP de novo biosynthesis,37635|37634|37633|37633,2.7.4.6|6.3.4.2|2.7.4.14|2.7.4.22,2.7.4|6.3.4|2.7.4|2.7.4,1278
1609.0,ME.1609,metacyc,PWY-7462,,"3,3-disulfanediyldipropannoate degradation",31551|31554|31553|31552,3.13.1.4|1.8.1|6.2.1|1.13.11.91,3.13.1|1.8.1|6.2.1|1.13.11,249
1610.0,ME.1610,metacyc,PWY-6894,,thiamine diphosphate biosynthesis I (E. coli),48977|48977|48975|48976|48977,2.7.4.12|2.7.4.13|2.5.1.3|2.7.4.16|2.7.4.9,2.7.4|2.7.4|2.5.1|2.7.4|2.7.4,3277
1611.0,ME.1611,metacyc,PWY-6689,,tRNA splicing I,43705|43701|43702|43703|43706|43704|43707,3.1.3.84|3.1.4|2.7.1.160|4.6.1.16|6.5.1,3.1.3|3.1.4|2.7.1|4.6.1|6.5.1,2364
1612.0,ME.1612,metacyc,PWY-7466,,"acetone degradation III (to propane-1,2-diol)",44901|44902|44900|44899,1.1.1.406|1.14.14.1|4.1.1.4|1.1.1.80,1.1.1|1.14.14|4.1.1|1.1.1,2567
1613.0,ME.1613,metacyc,PWY-5318,,calystegine biosynthesis,31150|31149,1.1.1.236,1.1.1,188
1614.0,ME.1614,metacyc,ALKANEMONOX-PWY,,two-component alkanesulfonate monooxygenase,49590|49589,1.14.14.5|1.5.1.38,1.14.14|1.5.1,3382
1615.0,ME.1615,metacyc,PWY-7902,,glucosylglycerol biosynthesis,38159|38159|38159|38159|38160|38161|38162|38163|38159,5.4.2.8|5.4.2.10|5.4.2.3|5.4.2.5|3.1.3.69|1.1.1.94|2.4.1.213|2.7.7.27|5.4.2.2,5.4.2|5.4.2|5.4.2|5.4.2|3.1.3|1.1.1|2.4.1|2.7.7|5.4.2,1370
1616.0,ME.1616,metacyc,PWY-6642,,(R)-cysteate degradation,39789|39790|39789|39789|39788,1.1.1.337|2.6.1.1|1.1.1.37|1.1.1.375|4.4.1.24,1.1.1|2.6.1|1.1.1|1.1.1|4.4.1,1680
1617.0,ME.1617,metacyc,SOPHOROSYLOXYDOCOSANOATE-DEG-PWY,,sophorosyloxydocosanoate deacetylation,40725|40724,3.1.1.6|3.1.1.6,3.1.1|3.1.1,1837
1618.0,ME.1618,metacyc,PWY-6321,,homotaurine degradation,49107|49106,1.2.1.16|2.6.1,1.2.1|2.6.1,3295
1619.0,ME.1619,metacyc,PWY-5863,,superpathway of phylloquinol biosynthesis,42876,,,2215
1620.0,ME.1620,metacyc,PWY-7754,,bile acids degradation,47665|47647|47652|47651|47654|47650|47649|47666|47653|47648|47664|47663|47662|47661|47655|47660|47659|47658|47657|47656,1.1.1.395|3.5.1.24|1.3.1.115|2.8.3.25|1.3.1.114|2.8.3.25|4.2.1.106|1.1.1.395|1.3.1.115|3.5.1.74|4.2.1.106|6.2.1.7|1.1.1.395|1.1.1.395|1.3.1.114|3.5.1.24|3.5.1.74|6.2.1.7|1.3.1.114|1.3.1.114,1.1.1|3.5.1|1.3.1|2.8.3|1.3.1|2.8.3|4.2.1|1.1.1|1.3.1|3.5.1|4.2.1|6.2.1|1.1.1|1.1.1|1.3.1|3.5.1|3.5.1|6.2.1|1.3.1|1.3.1,3051
1621.0,ME.1621,metacyc,PWY-6050,,dimethyl sulfoxide degradation,38554,,,1460
1622.0,ME.1622,metacyc,PWY-6907,,thiamine diphosphate biosynthesis III (Staphylococcus),36777|36779|36778,2.7.6.2|3.1.3.100|2.5.1.3,2.7.6|3.1.3|2.5.1,1133
1623.0,ME.1623,metacyc,PWY-7803,,tRNA splicing II,34426|34427,4.6.1.16|6.5.1.8,4.6.1|6.5.1,755
1624.0,ME.1624,metacyc,PWY6666-1,,anandamide degradation,41819,3.5.1.99,3.5.1,2028
1625.0,ME.1625,metacyc,PWY-5843,,cocaine biosynthesis,46647|46646|46641|46649|46645|46648|46642|46644|46643,1.1.1.334,1.1.1,2862
1626.0,ME.1626,metacyc,PWY-5895,,menaquinol-13 biosynthesis,31874,2.1.1.163,2.1.1,307
1627.0,ME.1627,metacyc,PWY-7738,,polyacyltrehalose biosynthesis,46449|46447|46443|46444|46446|46445|46448,2.3.1.278|2.3.1.279|2.3.1.252,2.3.1|2.3.1|2.3.1,2824
1628.0,ME.1628,metacyc,PWY-6518,,glycocholate metabolism (bacteria),43617|43622|43618|43620|43621|43616|43619,1.1.1.159|1.1.1.391|1.1.1.238|1.1.1.201|1.1.1.52|3.5.1.24|1.1.1.176,1.1.1|1.1.1|1.1.1|1.1.1|1.1.1|3.5.1|1.1.1,2347
1629.0,ME.1629,metacyc,PWY-7465,,"3,3-thiodipropanoate degradation",49239|49238|49240|49241,1.13.11.91|3.13.1.4|3.13.1|2.3.1,1.13.11|3.13.1|3.13.1|2.3.1,3321
1630.0,ME.1630,metacyc,PWY-6163,,chorismate biosynthesis from 3-dehydroquinate,49169|49168|49167|49166|49165,4.2.3.5|2.7.1.71|2.5.1.19|4.2.1.10|1.1.1.25,4.2.3|2.7.1|2.5.1|4.2.1|1.1.1,3307
1631.0,ME.1631,metacyc,PWY-8056,,anandamide lipoxygenation,44092|44094|44095|44091|44093|44096,1.13.11.31|1.13.11.33|1.13.11.34,1.13.11|1.13.11|1.13.11,2431
1632.0,ME.1632,metacyc,PWY-2601,,isethionate degradation,43258,1.1.1,1.1.1,2288
1633.0,ME.1633,metacyc,PWY-8106,,queuosine biosynthesis III (queuosine salvage),40901|40899|40900,2.4.99.17|1.17.99.6|2.4.2.29,2.4.99|1.17.99|2.4.2,1877
1634.0,ME.1634,metacyc,PWY-6948,,sitosterol degradation to androstenedione,40704|40712|40713|40714|40715|40716|40717|40718|40705|40706|40711|40710|40709|40707|40708,1.1.1.145|3.1.2|6.4.1|6.2.1|1.2.1|1.1.1|1.14.13|5.3.3.1|2.3.1.176|4.2.1|6.2.1|2.3.1|4.2.1|1.1.1|2.3.1.16,1.1.1|3.1.2|6.4.1|6.2.1|1.2.1|1.1.1|1.14.13|5.3.3|2.3.1|4.2.1|6.2.1|2.3.1|4.2.1|1.1.1|2.3.1,1835
1635.0,ME.1635,metacyc,PWY-6736,,sulfur volatiles biosynthesis,38211|38212|38213,2.1.1.9|2.1.1|2.1.1.9,2.1.1|2.1.1|2.1.1,1385
1636.0,ME.1636,metacyc,PWY-7783,,plasmalogen degradation,46180|46174|46175|46176|46177|46178|46179|46181,3.1.4.39|3.1.1.4|3.3.2.2|3.3.2.2|3.1.1.4|3.1.4.3|3.1.4.3|3.1.4.39,3.1.4|3.1.1|3.3.2|3.3.2|3.1.1|3.1.4|3.1.4|3.1.4,2780
1637.0,ME.1637,metacyc,PWY-6593,,sulfoacetate degradation,46107|46108,1.2.1.81|6.2.1,1.2.1|6.2.1,2770
1638.0,ME.1638,metacyc,PWY-5890,,menaquinol-10 biosynthesis,39070,2.1.1.163,2.1.1,1537
1639.0,ME.1639,metacyc,PWY-6700,,queuosine biosynthesis I (de novo),47053|47050|47052|47051,2.4.99.17|1.7.1.13|2.4.2.29|1.17.99.6,2.4.99|1.7.1|2.4.2|1.17.99,2941
1640.0,ME.1640,metacyc,PWY-782,,glycolipid desaturation,35377|35376|35375|35374|35363|35364|35373|35355|35361|35357|35372|35371|35354|35370|35353|35356|35352|35369|35351|35350|35367|35368|35365|35359|35358|35362|35360|35366,1.14.99.35|1.14.19.35|1.14.19.35|1.14.19.35|1.14.19.35|1.14.19.42|1.14.19.35|1.14.19.23|1.14.19.42|1.14.19.23|1.14.19.35|1.14.19.23|1.14.19.35|1.14.19.35|1.14.19.23|1.14.19.35|1.14.19.35|1.14.19.35|1.14.19.23|1.14.19.42|1.14.19.35|1.14.19.35|1.14.19.23|1.14.19.23|1.14.19.35|1.14.19.23|1.14.19.35|1.14.19.35,1.14.99|1.14.19|1.14.19|1.14.19|1.14.19|1.14.19|1.14.19|1.14.19|1.14.19|1.14.19|1.14.19|1.14.19|1.14.19|1.14.19|1.14.19|1.14.19|1.14.19|1.14.19|1.14.19|1.14.19|1.14.19|1.14.19|1.14.19|1.14.19|1.14.19|1.14.19|1.14.19|1.14.19,908
1641.0,ME.1641,metacyc,PWY-6058,,dimethyl sulfone degradation,49854,1.8.1.17,1.8.1,3428
1642.0,ME.1642,metacyc,PWY-7367,,phosphatidylcholine resynthesis via glycerophosphocholine,41895|41896|41897,3.1.4.2|2.7.8.2|3.1.1,3.1.4|2.7.8|3.1.1,2046
1643.0,ME.1643,metacyc,PWY-6043,,ethanedisulfonate degradation,47071,,,2946
1644.0,ME.1644,metacyc,PWY-8105,,queuosine biosynthesis II (queuine salvage),39071,2.4.2.64,2.4.2,1538
1645.0,ME.1645,metacyc,PWY18C3-9,,diacylsucrose biosynthesis (Solanum),43541|43543|43542|43540|43539,2.3.1|2.3.1|2.3.1|2.3.1|2.3.1,2.3.1|2.3.1|2.3.1|2.3.1|2.3.1,2336
1646.0,ME.1646,metacyc,PWY-6943,,testosterone and androsterone degradation to androstendione,49110|49108|49108|49108|49108|49109,1.3.99.5|1.1.1.50|1.1.1.209|1.1.1.213|1.1.1.357|1.1.1.64,1.3.99|1.1.1|1.1.1|1.1.1|1.1.1|1.1.1,3296
1647.0,ME.1647,metacyc,PWY-5075,,L-leucine degradation II,48721|48719|48720,5.4.3.7,5.4.3,3232
1648.0,ME.1648,metacyc,PWY-7793,,dimethyl sulfide biosynthesis from methionine,34942|34941,2.1.1.334|4.4.1.11,2.1.1|4.4.1,841
1649.0,ME.1649,metacyc,PWY-5837,,"2-carboxy-1,4-naphthoquinol biosynthesis",43574|43578|43576|43579|43577|43575,6.2.1.26|5.4.4.2|4.2.99.20|2.2.1.9|3.1.2.28|4.2.1.113,6.2.1|5.4.4|4.2.99|2.2.1|3.1.2|4.2.1,2339
1650.0,ME.1650,metacyc,PWY-7366,,phosphatidylglycerol degradation,36181,3.1.4,3.1.4,1051
1652.0,ME.1652,metacyc,PWY18C3-16,,acylsucrose biosynthesis (Solanum habrochaites),40851|40855|40850|40853|40854|40852,2.3.1|2.3.1|2.3.1|2.3.1|2.3.1|2.3.1,2.3.1|2.3.1|2.3.1|2.3.1|2.3.1|2.3.1,1866
1653.0,ME.1653,metacyc,PWY-7666,,galactolipid biosynthesis II,33101|33102,2.4.1.336|2.4.1.241,2.4.1|2.4.1,541
1654.0,ME.1654,metacyc,PWY-6388,,"(S,S)-butanediol degradation",49153,1.1.1.76,1.1.1,3304
1655.0,ME.1655,metacyc,PWY-6944,,androstenedione degradation,43560|43561|43562|43563|43544|43555|43564|43552|43554|43553|43565|43566|43551|43550|43549|43548|43547|43546|43545|43567|43556|43557|43558|43559,4.1.99|4.1.99|2.3.1.16|1.3.8|1.13.11.25|4.2.1|4.2.1.119|1.1.1.145|4.2.1.132|1.1.1.35|2.3.1.16|1.3.99.4|6.2.1.41|4.1.3.43|1.2.1.87|3.7.1.17|1.14.15.30|1.14.14.12|2.3.1|1.1.1.35|2.3.1.16|1.3.1|1.1.1,4.1.99|4.1.99|2.3.1|1.3.8|1.13.11|4.2.1|4.2.1|1.1.1|4.2.1|1.1.1|2.3.1|1.3.99|6.2.1|4.1.3|1.2.1|3.7.1|1.14.15|1.14.14|2.3.1|1.1.1|2.3.1|1.3.1|1.1.1,2337
1656.0,ME.1656,metacyc,PWY-6368,,3-phosphoinositide degradation,44358|44360|44357|44356|44359,3.1.3|3.1.3|3.1.3.86|3.1.3.67|3.1.3.78,3.1.3|3.1.3|3.1.3|3.1.3|3.1.3,2479
1657.0,ME.1657,metacyc,PWY-5934,,iron reduction and absorption,45764,,,2710
1658.0,ME.1658,metacyc,PWY18C3-11,,tetraacylsucrose biosynthesis (Solanum),46957|46956|46958|46955,2.3.1|2.3.1|2.3.1|2.3.1,2.3.1|2.3.1|2.3.1|2.3.1,2924
1659.0,ME.1659,metacyc,PWY3O-246,,"(R,R)-butanediol degradation",49220,1.1.1.4,1.1.1,3316
1660.0,ME.1660,metacyc,PWY-5076,,L-leucine degradation III,45003|45004|45004|45005,1.1.1.1|2.6.1.42|2.6.1.6|4.1.1.72,1.1.1|2.6.1|2.6.1|4.1.1,2591
1661.0,ME.1661,metacyc,PWY-7468,,benzoyl-beta-D-glucopyranose biosynthesis,45019,2.4.1,2.4.1,2595
1662.0,ME.1662,metacyc,PWY-7177,,UTP and CTP dephosphorylation II,32673|32672|32671,3.6.1.5|3.6.1.5|6.3.4.2,3.6.1|3.6.1|6.3.4,481
1663.0,ME.1663,metacyc,PWY-6111,,mitochondrial L-carnitine shuttle,36363|36364|36365,2.3.1.21|2.3.1.21,2.3.1|2.3.1,1086
1664.0,ME.1664,metacyc,PWY-7996,,menaquinol-4 biosynthesis I,44717,2.1.1.163,2.1.1,2530
1665.0,ME.1665,metacyc,PWY-7065,,"2alpha,7beta-dihydroxylation of taxusin",35854|35852|35853|35855,1.14.14|1.14.13.147|1.14.14|1.14.13.147,1.14.14|1.14.13|1.14.14|1.14.13,984
1667.0,ME.1667,metacyc,PWY-7216,,(R)- and (S)-3-hydroxybutanoate biosynthesis (engineered),45043|45043|45047|45046|45046|45046|45045|45044,2.3.1.16|2.3.1.9|3.1.2.4|3.1.2.20|3.1.2.2|3.1.2.4|1.1.1.36|1.1.1.35,2.3.1|2.3.1|3.1.2|3.1.2|3.1.2|3.1.2|1.1.1|1.1.1,2600
1668.0,ME.1668,metacyc,PWY-6004,,glycine betaine biosynthesis V (from glycine),45090|45091|45090|45089|45090,2.1.1.162|2.1.1.161|2.1.1.157|2.1.1.20|2.1.1.156,2.1.1|2.1.1|2.1.1|2.1.1|2.1.1,2605
1669.0,ME.1669,metacyc,PWY-6673,,caffeoylglucarate biosynthesis,39123|39122|39121,2.3.1.98|2.3.1|6.2.1.12,2.3.1|2.3.1|6.2.1,1549
1670.0,ME.1670,metacyc,PWY-4261,,glycerol degradation I,32334|32333,1.1.5.3|2.7.1.30,1.1.5|2.7.1,405
1671.0,ME.1671,metacyc,PWY-6692,,Fe(II) oxidation,38304|38305|38306|38302|38303,7.1.1.8|1.6.5.9|7.1.1.9,7.1.1|1.6.5|7.1.1,1405
1672.0,ME.1672,metacyc,PWY-6659,,fusicoccin A biosynthesis,36644|36646|36648|36643|36650|36649|36645|36647,4.2.3.43|1.14.20|2.5.1|2.5.1|1.1.1,4.2.3|1.14.20|2.5.1|2.5.1|1.1.1,1113
1673.0,ME.1673,metacyc,PWY-7218,,photosynthetic 3-hydroxybutanoate biosynthesis (engineered),36191|36194|36192|36193,5.4.2.11|1.2.1.104|4.2.1.11|2.7.1.40,5.4.2|1.2.1|4.2.1|2.7.1,1053
1674.0,ME.1674,metacyc,P541-PWY,,glycine betaine biosynthesis IV (from glycine),45666|45665|45665|45665|45664,2.1.1.161|2.1.1.162|2.1.1.156|2.1.1.157|2.1.1.20,2.1.1|2.1.1|2.1.1|2.1.1|2.1.1,2695
1675.0,ME.1675,metacyc,PWY-7767,,L-leucine degradation IV (Stickland reaction),35887|35886|35885|35889|35888|35885,2.8.3.24|4.2.1.157|2.6.1.6|1.3.1.44|1.1.1.345|2.6.1.42,2.8.3|4.2.1|2.6.1|1.3.1|1.1.1|2.6.1,993
1676.0,ME.1676,metacyc,PWY-4421,,curcumin glucoside biosynthesis,38915|38914|38916|38917|38918|38919|38920|38921,2.4.1|2.4.1|2.4.1|2.4.1|2.4.1|2.4.1|2.4.1|2.4.1,2.4.1|2.4.1|2.4.1|2.4.1|2.4.1|2.4.1|2.4.1|2.4.1,1521
1677.0,ME.1677,metacyc,PWY-7185,,UTP and CTP dephosphorylation I,32195|32195|32196|32194|32193|32192|32191|32190,3.1.3.91|3.1.3.5|3.1.3.5|3.6.1.6|3.6.1.15|3.6.1.15|3.6.1.6|6.3.4.2,3.1.3|3.1.3|3.1.3|3.6.1|3.6.1|3.6.1|3.6.1|6.3.4,376
1678.0,ME.1678,metacyc,PWY-7721,,methyl phomopsenoate biosynthesis,34687|34689|34688|34686,2.5.1|4.2.3|2.5.1.10,2.5.1|4.2.3|2.5.1,805
1679.0,ME.1679,metacyc,LIPASYN-PWY,,phospholipases,31290|31291|31292|31294|31293,3.1.4.3|3.1.4.4|3.1.4.11|3.1.1.4|3.1.1.32,3.1.4|3.1.4|3.1.4|3.1.1|3.1.1,215
1680.0,ME.1680,metacyc,PWY-5839,,menaquinol-7 biosynthesis,41835,2.1.1.163,2.1.1,2032
1681.0,ME.1681,metacyc,PWY18C3-8,,monoacylsucrose biosynthesis (Solanum),47965|47969|47968|47967|47966,2.3.1|2.3.1|2.3.1|2.3.1|2.3.1,2.3.1|2.3.1|2.3.1|2.3.1|2.3.1,3111
1682.0,ME.1682,metacyc,PWY-6467,,Kdo transfer to lipid IVA III (Chlamydia),38745|38746|38744,2.4.99.15|2.4.99.15|2.4.99.14,2.4.99|2.4.99|2.4.99,1485
1683.0,ME.1683,metacyc,PWY-6657,,polyhydroxydecanoate biosynthesis,42035|42034|42031|42035|42032|42035|42033|42035,4.2.1.74|2.4.1|4.2.1.17|4.2.1.134|4.2.1.119|4.2.1.17|4.2.1.119,4.2.1|2.4.1|4.2.1|4.2.1|4.2.1|4.2.1|4.2.1,2070
1684.0,ME.1684,metacyc,PWY1F-353,,glycine betaine biosynthesis III (plants),45276|45277,1.14.15.7|1.2.1.8,1.14.15|1.2.1,2632
1685.0,ME.1685,metacyc,PWY18C3-21,,phenylpropanoid volatiles glycoconjugation (tomato),35432|35433|35429|35434|35430|35431,2.4.1|2.4.1|2.4.1|2.4.1|2.4.1|2.4.1,2.4.1|2.4.1|2.4.1|2.4.1|2.4.1|2.4.1,915
1686.0,ME.1686,metacyc,PWY-7517,,brassicicene C biosynthesis,37113|37116|37115|37112|37111|37117|37114,1.14.14|2.1.1|1.14.11|4.2.3.43|2.5.1|1.14.14,1.14.14|2.1.1|1.14.11|4.2.3|2.5.1|1.14.14,1196
1687.0,ME.1687,metacyc,LIPAS-PWY,,triacylglycerol degradation,38199|38198|38198|38199|38200|38200,3.1.1.79|3.1.1.34|3.1.1.79|3.1.1.23|3.1.1.3|3.1.1.34,3.1.1|3.1.1|3.1.1|3.1.1|3.1.1|3.1.1,1381
1688.0,ME.1688,metacyc,PWY-5107,,phytol salvage pathway,43144|43145,2.7.1.182|2.7.4,2.7.1|2.7.4,2266
1689.0,ME.1689,metacyc,PWY18C3-15,,acylsucrose biosynthesis (Solanum pennellii),31412|31410|31411,2.3.1|2.3.1|2.3.1,2.3.1|2.3.1|2.3.1,232
1690.0,ME.1690,metacyc,PWY1-3,,polyhydroxybutanoate biosynthesis,36848|36850|36849|36848,2.3.1.9|1.1.1.36|2.3.1.16,2.3.1|1.1.1|2.3.1,1148
1691.0,ME.1691,metacyc,PWY-3722,,glycine betaine biosynthesis II (Gram-positive bacteria),32893|32892,1.1.1|1.2.1.8,1.1.1|1.2.1,513
1692.0,ME.1692,metacyc,LEU-DEG2-PWY,,L-leucine degradation I,40117|40118|40113|40114|40115|40116|40116,1.2.1.25|1.3.8.4|6.4.1.4|4.2.1.18|4.1.3.4|2.6.1.42|2.6.1.6,1.2.1|1.3.8|6.4.1|4.2.1|4.1.3|2.6.1|2.6.1,1731
1693.0,ME.1693,metacyc,PWY-7204,,pyridoxal 5-phosphate salvage II (plants),43206|43198|43199|43200|43201|43202|43203|43204|43205,3.1.3.74|1.4.3.5|1.4.3.5|2.7.1.35|2.7.1.35|3.1.3.74|3.1.3.74|1.1.1.65|2.7.1.35,3.1.3|1.4.3|1.4.3|2.7.1|2.7.1|3.1.3|3.1.3|1.1.1|2.7.1,2277
1694.0,ME.1694,metacyc,PWY-7481,,oryzalide A biosynthesis,44943|44945|44944,4.2.3.103|1.14.13,4.2.3|1.14.13,2579
1695.0,ME.1695,metacyc,PWY-4801,,aloesone biosynthesis I,44219,2.3.1,2.3.1,2452
1696.0,ME.1696,metacyc,PWY-7070,,steviol biosynthesis,38193,,,1379
1697.0,ME.1697,metacyc,PWY18C3-10,,triacylsucrose biosynthesis (Solanum),39073|39072|39078|39077|39075|39074|39076,2.3.1|2.3.1|2.3.1|2.3.1|2.3.1|2.3.1|2.3.1,2.3.1|2.3.1|2.3.1|2.3.1|2.3.1|2.3.1|2.3.1,1539
1698.0,ME.1698,metacyc,PWY-7675,,Kdo transfer to lipid IVA II (Haemophilus),39669|39668,2.7.1.166|2.4.99.12,2.7.1|2.4.99,1656
1699.0,ME.1699,metacyc,PWY-7052,,cyanophycin metabolism,42439|42435|42436|42437|42438,6.3.2.30|6.3.2.29|3.4.15.6|6.3.2.30|6.3.2.29,6.3.2|6.3.2|3.4.15|6.3.2|6.3.2,2130
1700.0,ME.1700,metacyc,BETSYN-PWY,,glycine betaine biosynthesis I (Gram-negative bacteria),44333|44334,1.1.99.1|1.2.1.8,1.1.99|1.2.1,2471
1701.0,ME.1701,metacyc,PWY-7498,,phenylpropanoids methylation (ice plant),49805|49806|49804|49808|49799|49800|49801|49807|49802|49803,2.1.1.267|2.1.1|2.1.1|2.1.1|2.1.1.104|2.1.1.68|2.1.1.42|2.1.1|2.1.1.88|2.1.1.267,2.1.1|2.1.1|2.1.1|2.1.1|2.1.1|2.1.1|2.1.1|2.1.1|2.1.1|2.1.1,3413
1702.0,ME.1702,metacyc,PWY18C3-18,,labdenediol and sclareol biosynthesis,40230|40231,4.2.3.141|4.2.3,4.2.3|4.2.3,1756
1703.0,ME.1703,metacyc,PWY-7561,,tenellin biosynthesis,31030|31029|31032|31031,2.3.1|6.3.2|1.14.14|1.14.19,2.3.1|6.3.2|1.14.14|1.14.19,164
1704.0,ME.1704,metacyc,PWY-6691,,plaunotol biosynthesis,43288|43287|43286,1.14.14.146|3.1.7.5|2.5.1,1.14.14|3.1.7|2.5.1,2293
1705.0,ME.1705,metacyc,PWY-5054,,D-sorbitol biosynthesis I,45747|45746|45748,5.3.1.9|3.1.3.50|1.1.1.200,5.3.1|3.1.3|1.1.1,2706
1706.0,ME.1706,metacyc,PWY-6456,,serinol biosynthesis,47596|47597,3.1.3,3.1.3,3040
1707.0,ME.1707,metacyc,PWY-361,,phenylpropanoid biosynthesis,44397|44398|44399|44400|44401|44403|44395|44404|44394|44394|44408|44407|44406|44405|44402|44396,6.2.1.12|1.2.1.44|1.2.1.44|1.1.1.195|2.3.1.133|2.3.1|2.1.1.104|1.1.1.195|1.1.1.195|1.1.1.194|1.14.14.96|1.14.14|1.14.14.96|2.1.1.68|2.3.1|2.3.1.133,6.2.1|1.2.1|1.2.1|1.1.1|2.3.1|2.3.1|2.1.1|1.1.1|1.1.1|1.1.1|1.14.14|1.14.14|1.14.14|2.1.1|2.3.1|2.3.1,2485
1708.0,ME.1708,metacyc,PWY-6801,,volatile esters biosynthesis (during fruit ripening),39588|39589|39584|39590|39586|39587|39585,2.3.1.84|2.3.1.84|2.3.1.196|2.3.1.84|2.3.1.84|2.3.1.84|2.3.1.84,2.3.1|2.3.1|2.3.1|2.3.1|2.3.1|2.3.1|2.3.1,1635
1709.0,ME.1709,metacyc,PLPSAL-PWY,,pyridoxal 5-phosphate salvage I,46486|46488|46487|46485|46484,2.7.1.35|2.7.1.35|2.7.1.35|1.4.3.5|1.4.3.5,2.7.1|2.7.1|2.7.1|1.4.3|1.4.3,2834
1710.0,ME.1710,metacyc,PWY-7994,,dolabralexins biosynthesis,43764|43760|43761|43762|43763,3.3.2|5.5.1.14|4.2.3.196|1.14.14.159|1.14.14.159,3.3.2|5.5.1|4.2.3|1.14.14|1.14.14,2373
1711.0,ME.1711,metacyc,PWY-6438,,phenylphenalenone biosynthesis,33491|33492|33493|33490|33496|33495|33494|33497,2.3.1.218,2.3.1,614
1712.0,ME.1712,metacyc,PWY-6304,,casbene biosynthesis,46618,4.2.3.8,4.2.3,2854
1713.0,ME.1713,metacyc,PWY-5379,,B series fagopyritols biosynthesis,42905|42906|42907,2.4.1,2.4.1,2223
1714.0,ME.1714,metacyc,PWY-7676,,Kdo8N transfer to lipid IVA,48949|48950,2.4.99|2.7.1.166,2.4.99|2.7.1,3272
1715.0,ME.1715,metacyc,PWY-5907,,homospermidine biosynthesis,44601|44601,2.5.1.44|2.5.1.45,2.5.1|2.5.1,2506
1716.0,ME.1716,metacyc,PWY18C3-25,,superpathway of methylsalicylate metabolism,46354|46355|46353,2.4.1|2.4.1|3.1.1.1,2.4.1|2.4.1|3.1.1,2804
1717.0,ME.1717,metacyc,PWY-7572,,lolitrem B biosynthesis,34087|34076|34077|34083|34078|34079|34080|34084|34085|34086|34088|34089|34082|34081|34075,1.14.19|2.5.1|2.5.1|2.5.1|2.5.1|1.14.14|1.14.14|1.14.14|1.14.14|1.14.14|1.14.19|2.5.1,1.14.19|2.5.1|2.5.1|2.5.1|2.5.1|1.14.14|1.14.14|1.14.14|1.14.14|1.14.14|1.14.19|2.5.1,702
1718.0,ME.1718,metacyc,PWY-7689,,8-O-methylfusarubin biosynthesis,46651|46658|46662|46660|46654|46653|46657|46656|46655|46661|46659|46650|46652,2.3.1|1.14.13|2.1.1|1.1.1|1.14.13|2.3.1|2.1.1,2.3.1|1.14.13|2.1.1|1.1.1|1.14.13|2.3.1|2.1.1,2863
1719.0,ME.1719,metacyc,PWY-5380,,A series fagopyritols biosynthesis,32342|32340|32341,2.4.1,2.4.1,407
1720.0,ME.1720,metacyc,PWY-6302,,dihydroconiferyl alcohol biosynthesis,41836|41837,,,2033
1721.0,ME.1721,metacyc,POLYAMINSYN3-PWY,,superpathway of polyamine biosynthesis II,46483,2.5.1.22,2.5.1,2833
1723.0,ME.1723,metacyc,PYRIDOXSYN-PWY,,pyridoxal 5-phosphate biosynthesis I,35982|35983|35984|35985|35986|35987|35988,1.1.1.262|2.2.1.7|1.1.1.290|1.2.1.72|2.6.99.2|1.4.3.5|2.6.1.52,1.1.1|2.2.1|1.1.1|1.2.1|2.6.99|1.4.3|2.6.1,1008
1724.0,ME.1724,metacyc,PWY-7482,,cyclooctatin biosynthesis,49598|49600|49599,4.2.3.146|1.14.99.62|1.14.99.61,4.2.3|1.14.99|1.14.99,3385
1725.0,ME.1725,metacyc,PWY3O-440,,pyruvate fermentation to acetoin III,42990|42989|42988,4.1.1.1|4.1.1.1|4.1.1.1,4.1.1|4.1.1|4.1.1,2241
1726.0,ME.1726,metacyc,PWY-6316,,aromatic polyketides biosynthesis,43948,2.3.1,2.3.1,2407
1727.0,ME.1727,metacyc,PWY-5891,,menaquinol-11 biosynthesis,32767,2.1.1.163,2.1.1,494
1728.0,ME.1728,metacyc,PWY-7071,,steviol glucoside biosynthesis (rebaudioside A biosynthesis),43038|43037|43036|43045|43043|43044|43042|43041|43040|43039,2.4.1|2.4.1|2.4.1|2.4.1|2.4.1|2.4.1|2.4.1|2.4.1|2.4.1|2.4.1,2.4.1|2.4.1|2.4.1|2.4.1|2.4.1|2.4.1|2.4.1|2.4.1|2.4.1|2.4.1,2251
1729.0,ME.1729,metacyc,KDOSYN-PWY,,Kdo transfer to lipid IVA I (E. coli),39461|39460,2.4.99.13|2.4.99.12,2.4.99|2.4.99,1614
1730.0,ME.1730,metacyc,PWY-6077,,anthranilate degradation II (aerobic),47589|47590,6.2.1.32|1.14.13.40,6.2.1|1.14.13,3037
1731.0,ME.1731,metacyc,PWY-7643,,coniferyl alcohol 9-methyl ester biosynthesis,36133,2.1.1,2.1.1,1043
1732.0,ME.1732,metacyc,PWY-5727,,atrazine degradation II,45561|45562,,,2676
1733.0,ME.1733,metacyc,PWY18C3-7,,cembratrienediol biosynthesis,47625|47626|47627|47624,4.2.3|1.14.13|1.14.13|4.2.3,4.2.3|1.14.13|1.14.13|4.2.3,3044
1734.0,ME.1734,metacyc,PWY-6310,,aloesone biosynthesis II,40777|40775|40779|40778|40776,2.3.1|2.4.1,2.3.1|2.4.1,1851
1735.0,ME.1735,metacyc,PWY-5938,,pyruvate fermentation to (R)-acetoin I,34963|34962|34964,1.1.1.303|2.2.1.6,1.1.1|2.2.1,846
1736.0,ME.1736,metacyc,PWY-6509,,methanol oxidation to formaldehyde III,39273,1.1.99.37,1.1.99,1587
1737.0,ME.1737,metacyc,PWY-5731,,atrazine degradation III,38006|38005,3.8.1.8,3.8.1,1339
1738.0,ME.1738,metacyc,PWY-6887,,kauralexin biosynthesis,31729|31730|31727|31728|31724|31725|31723|31726,1.14.13|1.14.13|1.14.13|1.13.12|4.2.3.103|1.13.12|5.5.1.14|1.14.13,1.14.13|1.14.13|1.14.13|1.13.12|4.2.3|1.13.12|5.5.1|1.14.13,283
1739.0,ME.1739,metacyc,ARGSPECAT-PWY,,spermine biosynthesis,50330|50329,2.5.1.22|4.1.1.50,2.5.1|4.1.1,3498
1740.0,ME.1740,metacyc,PWY-6079,,anthranilate degradation I (aerobic),45614,1.14.12.1,1.14.12,2687
1741.0,ME.1741,metacyc,PWY-83,,monolignol glucosides biosynthesis,39634|39632|39631|39633,2.4.1|2.4.1|2.4.1.111|2.4.1,2.4.1|2.4.1|2.4.1|2.4.1,1646
1742.0,ME.1742,metacyc,PWY-6835,,6-gingerol biosynthesis,31003,2.1.1,2.1.1,156
1743.0,ME.1743,metacyc,P141-PWY,,atrazine degradation I (aerobic),46620|46621|46619,3.8.1.8|3.5.4.42|3.5.4.43,3.8.1|3.5.4|3.5.4,2855
1744.0,ME.1744,metacyc,PWY-6466,,pyridoxal 5-phosphate biosynthesis II,31130,4.3.3.6,4.3.3,185
1745.0,ME.1745,metacyc,PWY18C3-13,,cis-abienol biosynthesis,31021|31020,4.2.3.140|4.2.1.133,4.2.3|4.2.1,161
1746.0,ME.1746,metacyc,CITRULBIO-PWY,,L-citrulline biosynthesis,33500|33501|33501|33502|33503|33503|33503|33504|33505|33507|33506,3.5.3.1|3.5.1.38|3.5.1.2|1.2.1.41|3.5.3.12|2.1.3.6|2.1.3.3|2.7.2.11|2.6.1.13|1.5.5.2,3.5.3|3.5.1|3.5.1|1.2.1|3.5.3|2.1.3|2.1.3|2.7.2|2.6.1|1.5.5,617
1747.0,ME.1747,metacyc,PWY-5939,,pyruvate fermentation to (R)-acetoin II,34332|34331,2.2.1.6|4.1.1.5,2.2.1|4.1.1,739
1748.0,ME.1748,metacyc,PWY-7563,,bassianin and desmethylbassianin biosynthesis,49163|49161|49164|49159|49160|49162,6.3.2|2.3.1|6.3.2|2.3.1,6.3.2|2.3.1|6.3.2|2.3.1,3306
1749.0,ME.1749,metacyc,PWY-5170,,melamine degradation,42162|42160|42162|42161,3.5.4.3|3.5.4.45|3.5.4.42|3.5.4.45,3.5.4|3.5.4|3.5.4|3.5.4,2088
1750.0,ME.1750,metacyc,PWY-5849,,menaquinol-6 biosynthesis,45353,2.1.1.163,2.1.1,2646
1751.0,ME.1751,metacyc,PWY-6645,,labdane-type diterpenes biosynthesis,41668|41667|41666|41669,4.2.3.190|4.2.1.133,4.2.3|4.2.1,2001
1752.0,ME.1752,metacyc,ECASYN-PWY,,enterobacterial common antigen biosynthesis,31823|31825|31824,2.4.1.180|2.4.1.325|2.7.8.33,2.4.1|2.4.1|2.7.8,297
1753.0,ME.1753,metacyc,PWY0-1303,,aminopropylcadaverine biosynthesis,35444|35443,2.5.1|4.1.1.18,2.5.1|4.1.1,917
1754.0,ME.1754,metacyc,PWY-6504,,anthranilate degradation IV (aerobic),38807,1.14.14.8,1.14.14,1500
1755.0,ME.1755,metacyc,PWY-5882,,epoxypseudoisoeugenol-2-methylbutanoate biosynthesis,43464|43461|43462|43463|43465,1.14.13|2.1.1.279|1.1.1|2.3.1.224,1.14.13|2.1.1|1.1.1|2.3.1,2328
1756.0,ME.1756,metacyc,PWY-5171,,N-cyclopropylmelamine degradation,31844|31846|31845|31844,3.5.4.42|3.5.4,3.5.4|3.5.4,301
1757.0,ME.1757,metacyc,PWY-12,,pentaketide chromone biosynthesis,40837,2.3.1.216,2.3.1,1862
1758.0,ME.1758,metacyc,PWY-7680,,carnosate bioynthesis,42164|42165|42167|42168|42166|42163,4.2.3.131|1.14.14.175|1.14.14.60|1.14.14.61|5.5.1.14,4.2.3|1.14.14|1.14.14|1.14.14|5.5.1,2089
1759.0,ME.1759,metacyc,PWY1G-170,,formaldehyde oxidation III (mycothiol-dependent),32613|32614|32615,1.1.1.306|3.13.1,1.1.1|3.13.1,470
1760.0,ME.1760,metacyc,PWY-6389,,pyruvate fermentation to (S)-acetoin,48279|48277|48278,2.2.1.6|1.1.1.304,2.2.1|1.1.1,3158
1761.0,ME.1761,metacyc,PWY-6510,,methanol oxidation to formaldehyde II,38684,1.1.1.244,1.1.1,1479
1762.0,ME.1762,metacyc,PWY-5726,,deethylsimazine degradation,46636|46636|46637,3.8.1.8|3.5.4,3.8.1|3.5.4,2860
1763.0,ME.1763,metacyc,PWY-5660,,taxol biosynthesis,40651|40654|40653|40652|40657|40658|40659|40656|40655|40661|40660|40649|40650,2.3.1.167|1.14.14.105|2.3.1|4.2.3.17|1.14.14|1.14.13.146|2.3.1|1.14.14.176|1.14.14.106|2.3.1.166|2.3.1.162,2.3.1|1.14.14|2.3.1|4.2.3|1.14.14|1.14.13|2.3.1|1.14.14|1.14.14|2.3.1|2.3.1,1825
1764.0,ME.1764,metacyc,PWY-8047,,bryostatin biosynthesis,49704|49695|49698|49699|49702|49703|49705|49706|49707|49710|49711|49701|49696|49709|49694|49708|49700|49697,2.3.1|2.3.1|2.1.1|5.3.3|2.1.1|5.3.3|2.3.1|2.3.1|2.3.1|2.3.1.39|2.3.1.39,2.3.1|2.3.1|2.1.1|5.3.3|2.1.1|5.3.3|2.3.1|2.3.1|2.3.1|2.3.1|2.3.1,3398
1765.0,ME.1765,metacyc,PWY-6562,,norspermidine biosynthesis,39502|39507|39504|39503|39506|39505,2.6.1.76|4.1.1.96|2.7.2.4|1.2.1.11|1.5.1.43|4.1.1.86,2.6.1|4.1.1|2.7.2|1.2.1|1.5.1|4.1.1,1622
1766.0,ME.1766,metacyc,2AMINOBENZDEG-PWY,,anthranilate degradation III (anaerobic),50228|50227,6.2.1.32,6.2.1,3484
1767.0,ME.1767,metacyc,PWY-116,,coniferin metabolism,40157|40156,2.4.1.111|3.2.1.126,2.4.1|3.2.1,1742
1769.0,ME.1769,metacyc,PWY-6260,,thyroid hormone metabolism I (via deiodination),36291|36292|36288|36289|36289|36294|36295|36293|36290,1.21.99.4|1.21.99.4|1.21.99.3|1.21.99.3|1.21.99.4,1.21.99|1.21.99|1.21.99|1.21.99|1.21.99,1070
1770.0,ME.1770,metacyc,PWY-7100,,spinosyn A biosynthesis,46224|46223|46228|46227|46221|46226|46225|46222|46220,2.4.1,2.4.1,2789
1771.0,ME.1771,metacyc,PWY-7484,,"phytocassanes biosynthesis, shared reactions",39574|39578|39576|39569|39577|39568|39570|39571|39573|39572|39575,1.14.14|1.14.14.112|1.14.14|1.14.14|1.14.14,1.14.14|1.14.14|1.14.14|1.14.14|1.14.14,1633
1772.0,ME.1772,metacyc,PWY-1801,,formaldehyde oxidation II (glutathione-dependent),39250|39249|39251,4.4.1.22|1.1.1.284|3.1.2.12,4.4.1|1.1.1|3.1.2,1583
1773.0,ME.1773,metacyc,PWY-6627,,salinosporamide A biosynthesis,31099|31100|31109|31103|31098|31101|31111|31112|31110|31104|31105|31106|31107|31102|31108,5.4.99.5|2.4.2.1|3.1.3|2.5.1.94|2.6.1|2.3.1|4.2.1|4.1.1|4.2.1|1.1.1,5.4.99|2.4.2|3.1.3|2.5.1|2.6.1|2.3.1|4.2.1|4.1.1|4.2.1|1.1.1,179
1774.0,ME.1774,metacyc,PWY-7998,,menaquinol-4 biosynthesis II,46708|46707|46709,1.6.5.9|3.7.1,1.6.5|3.7.1,2872
1775.0,ME.1775,metacyc,PWY-7405,,aurachin RE biosynthesis,39457|39459|39455|39456|39458,2.5.1|1.14.13|6.2.1.32|2.3.1|1.14.13,2.5.1|1.14.13|6.2.1|2.3.1|1.14.13,1613
1776.0,ME.1776,metacyc,PWY-2981,,diterpene phytoalexins precursors biosynthesis,38395|38385|38386|38387|38393|38388|38389|38390|38391|38392|38394,5.5.1.14|4.2.3.28|4.2.3.29|4.2.3.30|4.2.3.33|4.2.3.34|4.2.3.35|1.14.14.111,5.5.1|4.2.3|4.2.3|4.2.3|4.2.3|4.2.3|4.2.3|1.14.14,1428
1777.0,ME.1777,metacyc,PWY-7751,,shinorine biosynthesis,37023|37019|37022|37021|37024|37020,4.2.3.154|6.3.4|2.1.1|2.1.1,4.2.3|6.3.4|2.1.1|2.1.1,1176
1778.0,ME.1778,metacyc,PWY-6158,,creatine-phosphate biosynthesis,43942,2.7.3.2,2.7.3,2405
1779.0,ME.1779,metacyc,PWY-7682,,arabidopyrone biosynthesis,43793|43803|43800|43802|43801|43799|43798|43795|43797|43796|43794,1.14.14|1.2.1|1.1.1|1.1.3|1.13.11|1.2.1|1.1.1|1.1.3|1.13.11,1.14.14|1.2.1|1.1.1|1.1.3|1.13.11|1.2.1|1.1.1|1.1.3|1.13.11,2381
1780.0,ME.1780,metacyc,PWY-7407,,"aurachin A, B, C and D biosynthesis",36325|36321|36320|36317|36322|36323|36326|36324|36318|36319,2.5.1|2.3.1|6.2.1.32|1.14.13|1.14.13|1.14.13.222|1.14.13.222,2.5.1|2.3.1|6.2.1|1.14.13|1.14.13|1.14.13|1.14.13,1075
1781.0,ME.1781,metacyc,PWY-7908,,formaldehyde oxidation V (bacillithiol-dependent),45511|45512|45513,1.1.1.306|3.13.1,1.1.1|3.13.1,2666
1782.0,ME.1782,metacyc,PWY-7392,,taxadiene biosynthesis (engineered),36942,4.2.3.17,4.2.3,1162
1783.0,ME.1783,metacyc,PWY-7692,,bikaverin biosynthesis,38494|38488|38489|38490|38491|38492|38493,2.1.1|2.3.1|2.3.1|1.14.13|1.14.13|1.1.1|2.1.1,2.1.1|2.3.1|2.3.1|1.14.13|1.14.13|1.1.1|2.1.1,1445
1784.0,ME.1784,metacyc,PWY-7111,,pyruvate fermentation to isobutanol (engineered),34359|34360|34363|34362|34361|34360,2.2.1.6|1.1.1.383|4.2.1.9|4.1.1.72|1.1.1.1|1.1.1.86,2.2.1|1.1.1|4.2.1|4.1.1|1.1.1|1.1.1,743
1785.0,ME.1785,metacyc,PWY-7153,,grixazone biosynthesis,31681|31674|31675|31676|31677|31678|31680|31679,1.2.1.11|2.7.2.4|4.1.99.20|4.1.2.56|1.10.3.15|1.10.3.15,1.2.1|2.7.2|4.1.99|4.1.2|1.10.3|1.10.3,270
1786.0,ME.1786,metacyc,PWY-6261,,thyroid hormone metabolism II (via conjugation and/or degradation),40477|40482|40483|40484|40476|40480|40475|40474|40473|40472|40471|40478|40479|40481,2.4.1.17|2.4.1.17|2.4.1.17|2.4.1.17|2.4.1.17|2.4.1.17|2.8.2.1|2.8.2.1|1.21.99.4|2.4.1.17,2.4.1|2.4.1|2.4.1|2.4.1|2.4.1|2.4.1|2.8.2|2.8.2|1.21.99|2.4.1,1786
1787.0,ME.1787,metacyc,FORMASS-PWY,,formaldehyde oxidation IV (thiol-independent),47667,1.2.1.46,1.2.1,3052
1788.0,ME.1788,metacyc,PWY-7672,,fusaric acid biosynthesis,35783|35780|35781|35782|35784,2.3.1,2.3.1,975
1789.0,ME.1789,metacyc,PWY-5523,,"5,6-dimethylbenzimidazole biosynthesis I (aerobic)",39842|39841|39843,2.7.1.26|1.5.1.38|1.13.11.79,2.7.1|1.5.1|1.13.11,1692
1790.0,ME.1790,metacyc,GLYCGREAT-PWY,,creatine biosynthesis,31885|31886,2.1.1.2|2.1.4.1,2.1.1|2.1.4,312
1791.0,ME.1791,metacyc,PWY-7729,,"5,6-dimethylbenzimidazole biosynthesis II (anaerobic)",34003|34000|34002|34001,4.1.99.23,4.1.99,693
1792.0,ME.1792,metacyc,PWY0-662,,PRPP biosynthesis,41880,2.7.6.1,2.7.6,2043
1793.0,ME.1793,metacyc,PWY-7909,,formaldehyde oxidation VII (THF pathway),33700|33705|33704|33703|33702|33701,3.5.4.9|3.5.1.10|2.1.2.11|3.5.1.10|1.5.1.5,3.5.4|3.5.1|2.1.2|3.5.1|1.5.1,636
1794.0,ME.1794,metacyc,PWY-6312,,barbaloin biosynthesis,41749|41746|41747|41748|41750,2.3.1,2.3.1,2016
1795.0,ME.1795,metacyc,CENTFERM-PWY,,pyruvate fermentation to butanoate,35060|35065|35062|35063|35062|35061|35061|35064|35059,2.3.1.19|1.3.8.1|2.7.2.7|4.2.1.150|2.7.2.14|2.3.1.16|2.3.1.9|1.1.1.35|1.2.7.1,2.3.1|1.3.8|2.7.2|4.2.1|2.7.2|2.3.1|2.3.1|1.1.1|1.2.7,870
1796.0,ME.1796,metacyc,PWY-6966,,methanol oxidation to formaldehyde I,38277|38276|38276,1.1.2.7|1.1.2.10|1.1.2.7,1.1.2|1.1.2|1.1.2,1398
1797.0,ME.1797,metacyc,PWY-8096,,5-methoxybenzimidazole biosynthesis (anaerobic),31979|31980,4.1.99.23,4.1.99,333
1798.0,ME.1798,metacyc,PWY-6464,,polyvinyl alcohol degradation,37083|37084,1.1.2.6,1.1.2,1190
1799.0,ME.1799,metacyc,PWY-5955,,versicolorin B biosynthesis,32735|32736|32737|32742|32738|32739|32740|32743|32741,1.1.1.353|1.1.1.353|3.1.1.94|3.1.1.94|4.2.1.143|1.1.1.353|1.14.14,1.1.1|1.1.1|3.1.1|3.1.1|4.2.1|1.1.1|1.14.14,490
1800.0,ME.1800,metacyc,PHOSPHONOTASE-PWY,,2-aminoethylphosphonate degradation I,45864|45863|45865,1.2.1.10|3.11.1.1|2.6.1.37,1.2.1|3.11.1|2.6.1,2725
1801.0,ME.1801,metacyc,PWY-8097,,5-hydroxybenzimidazole biosynthesis (anaerobic),34682,4.1.99.23,4.1.99,803
1802.0,ME.1802,metacyc,PWY-7413,,dTDP-6-deoxy-alpha-D-allose biosynthesis,30756|30755|30757,2.7.7.24|4.2.1.46|1.1.1.364,2.7.7|4.2.1|1.1.1,105
1803.0,ME.1803,metacyc,PWY-743,,thiocyanate degradation II,46215|46214,3.13.1.7|3.5.5.8,3.13.1|3.5.5,2787
1804.0,ME.1804,metacyc,PWY-1723,,formaldehyde oxidation VI (H4MPT pathway),32058|32059|32060|32061,3.5.4.27|4.2.1.147|1.5.1,3.5.4|4.2.1|1.5.1,347
1805.0,ME.1805,metacyc,PWY-7351,,pyruvate fermentation to opines,40132|40131|40128|40129|40130,1.5.1.26|1.5.1.23|1.5.1.11|1.5.1.17|1.5.1.22,1.5.1|1.5.1|1.5.1|1.5.1|1.5.1,1733
1806.0,ME.1806,metacyc,PWY-8049,,pederin biosynthesis,34290|34281|34285|34286|34292|34291|34287|34284|34293|34294|34289|34282|34283|34288,2.3.1|1.14.13|2.3.1.39|2.3.1.39,2.3.1|1.14.13|2.3.1|2.3.1,731
1807.0,ME.1807,metacyc,PWY-8095,,5-methoxy-6-methylbenzimidazole biosynthesis (anaerobic),35056|35058|35057,4.1.99.23,4.1.99,869
1808.0,ME.1808,metacyc,PWY66-389,,phytol degradation,43057|43059|43058|43056,1.3.1.38|6.2.1.3|1.1.1.1|1.2.1.3,1.3.1|6.2.1|1.1.1|1.2.1,2256
1809.0,ME.1809,metacyc,PWY-7991,,toxoflavin biosynthesis,33168|33170|33165|33169|33164|33166|33167,2.1.1.349|1.1.1.193|3.5.4.25|3.5.4.26|3.1.3.104|2.1.1.349,2.1.1|1.1.1|3.5.4|3.5.4|3.1.3|2.1.1,549
1810.0,ME.1810,metacyc,PWY-6173,,histamine biosynthesis,39791,4.1.1.22,4.1.1,1681
1811.0,ME.1811,metacyc,PWY-6832,,2-aminoethylphosphonate degradation II,35119|35120,2.6.1.37|1.2.1,2.6.1|1.2.1,878
1812.0,ME.1812,metacyc,PWY-5393,,raspberry ketone biosynthesis,42853|42854,2.3.1.212|1.3.1,2.3.1|1.3.1,2210
1813.0,ME.1813,metacyc,PWY-5506,,methanol oxidation to formaldehyde IV,48534,1.1.3.13,1.1.3,3203
1814.0,ME.1814,metacyc,PWY-7013,,"(S)-propane-1,2-diol degradation",41512|41516|41515|41514|41513|41512|41512|41512,2.7.2.15|4.2.1.28|1.1.1.1|1.2.1.87|2.3.1.222|2.7.2.7|2.7.2.1|2.7.2.14,2.7.2|4.2.1|1.1.1|1.2.1|2.3.1|2.7.2|2.7.2|2.7.2,1971
1815.0,ME.1815,metacyc,PWY-7599,,anditomin biosynthesis,32228|32227|32226|32225|32224|32237|32235|32233|32232|32234|32236|32231|32230|32229,5.4.99|1.14.13|2.5.1|3.1.1|1.14.99|1.14.20|1.1.99|1.14.13|2.3.1|1.1.99|1.14.20|1.1.99|1.1.99,5.4.99|1.14.13|2.5.1|3.1.1|1.14.99|1.14.20|1.1.99|1.14.13|2.3.1|1.1.99|1.14.20|1.1.99|1.1.99,379
1816.0,ME.1816,metacyc,PWY-4121,,glutathionylspermidine biosynthesis,36362|36362,6.3.1.8|6.3.1.9,6.3.1|6.3.1,1085
1817.0,ME.1817,metacyc,PWY-7447,,2-aminoethylphosphonate degradation III,46060|46061,1.13.11.78|1.14.11.46,1.13.11|1.14.11,2761
1818.0,ME.1818,metacyc,PWY-7316,,dTDP-N-acetylviosamine biosynthesis,34462|34459|34460|34461,2.3.1.209|4.2.1.46|2.6.1.33|2.7.7.24,2.3.1|4.2.1|2.6.1|2.7.7,765
1819.0,ME.1819,metacyc,P581-PWY,,thiocyanate degradation I,46965,,,2927
1820.0,ME.1820,metacyc,PWY-6588,,pyruvate fermentation to acetone,34469|34471|34471|34470|34472|34473,1.2.7.1|2.3.1.9|2.3.1.16|4.1.1.4|2.8.3.9|2.8.3.9,1.2.7|2.3.1|2.3.1|4.1.1|2.8.3|2.8.3,768
1821.0,ME.1821,metacyc,PWY-8037,,saliniketal A biosynthesis,47512|47509|47511|47510,3.5.99|4.1.1|4.3.3|1.14.15,3.5.99|4.1.1|4.3.3|1.14.15,3022
1822.0,ME.1822,metacyc,MENAQUINONESYN-PWY,,menaquinol-8 biosynthesis,43323,2.1.1.163,2.1.1,2304
1823.0,ME.1823,metacyc,PWY-5434,,"(3E)-4,8-dimethylnona-1,3,7-triene biosynthesis I",31849|31847|31848,1.14.13|4.2.3.48|1.14.14.59,1.14.13|4.2.3|1.14.14,302
1824.0,ME.1824,metacyc,CYCLOHEXANOL-OXIDATION-PWY,,cyclohexanol degradation,40306|40305|40309|40308|40307,1.2.1.63|1.1.1.258|3.1.1|1.14.13.22|1.1.1.245,1.2.1|1.1.1|3.1.1|1.14.13|1.1.1,1770
1825.0,ME.1825,metacyc,PWY-6648,,rhamnolipid biosynthesis,42719|42720|42718,,,2180
1826.0,ME.1826,metacyc,P101-PWY,,ectoine biosynthesis,40764|40765|40767|40766|40763,1.2.1.11|2.7.2.4|4.2.1.108|2.3.1.178|2.6.1.76,1.2.1|2.7.2|4.2.1|2.3.1|2.6.1,1848
1827.0,ME.1827,metacyc,PWY-6348,,phosphate acquisition,46043,3.1.3.1,3.1.3,2757
1828.0,ME.1828,metacyc,PWY-6007,,"(3E)-4,8-dimethylnona-1,3,7-triene biosynthesis II",35507|35508,4.2.1.124|1.14.19,4.2.1|1.14.19,925
1829.0,ME.1829,metacyc,PWY4LZ-257,,superpathway of fermentation (Chlamydomonas reinhardtii),40744|40742|40743|40747|40747|40747|40747|40747|40740|40746|40740|40740|40740|40740|40740|40740|40740|40740|40745|40740|40740|40740|40740|40740|40740|40740|40744|40740|40740|40740|40740|40740|40741|40747|40747|40747|40747|40747|40747|40747|40747|40747|40747|40747|40747|40747|40747|40747|40747,2.7.2.1|1.2.1.10|2.3.1.8|1.1.1.73|1.1.1.244|1.1.1.77|1.1.1.6|1.1.1.71|1.1.1.71|2.3.1.54|1.1.1.6|1.1.1.77|1.1.1.244|1.1.1.73|1.1.1.307|1.1.1.21|1.1.1.11|1.1.1.80|1.1.1.1|1.1.1.1|1.1.1.192|1.1.1.284|1.1.1.245|1.1.1.17|1.1.1.202|1.1.1.14|2.7.2.15|1.1.1.2|1.1.1.306|1.1.1.184|1.1.1.78|1.1.1.103|1.1.1.28|1.1.1.103|1.1.1.78|1.1.1.184|1.1.1.306|1.1.1.2|1.1.1.14|1.1.1.202|1.1.1.17|1.1.1.245|1.1.1.284|1.1.1.192|1.1.1.1|1.1.1.80|1.1.1.11|1.1.1.21|1.1.1.307,2.7.2|1.2.1|2.3.1|1.1.1|1.1.1|1.1.1|1.1.1|1.1.1|1.1.1|2.3.1|1.1.1|1.1.1|1.1.1|1.1.1|1.1.1|1.1.1|1.1.1|1.1.1|1.1.1|1.1.1|1.1.1|1.1.1|1.1.1|1.1.1|1.1.1|1.1.1|2.7.2|1.1.1|1.1.1|1.1.1|1.1.1|1.1.1|1.1.1|1.1.1|1.1.1|1.1.1|1.1.1|1.1.1|1.1.1|1.1.1|1.1.1|1.1.1|1.1.1|1.1.1|1.1.1|1.1.1|1.1.1|1.1.1|1.1.1,1843
1830.0,ME.1830,metacyc,PWY-7565,,aspyridone A biosynthesis,31832|31831|31834|31833,6.3.2|2.3.1|1.14.13|1.14.19,6.3.2|2.3.1|1.14.13|1.14.19,299
1831.0,ME.1831,metacyc,PWY-5826,,hypoglycin biosynthesis,31070|31072|31072|31071|31072|31076|31078|31079|31072|31080|31081|31075|31082|31083|31077|31074|31073,3.5.99.10|4.4.1.1|4.3.1.19|4.3.1.19|3.5.99.7|1|2.3.3|5.4.4|4.4.1.2|1.1|4.1.1|2.6.1|2.6.1|2.3.2.2,3.5.99|4.4.1|4.3.1|4.3.1|3.5.99|1|2.3.3|5.4.4|4.4.1|1.1|4.1.1|2.6.1|2.6.1|2.3.2,175
1832.0,ME.1832,metacyc,TRYPANOSYN-PWY,,trypanothione biosynthesis,33523,6.3.1.9,6.3.1,619
1833.0,ME.1833,metacyc,PWY-7805,,(aminomethyl)phosphonate degradation,37295|37298|37294|37291|37297|37292|37296|37293,2.3.1.280|4.7.1.1|3.1.4.55|7.1.3.1|3.6.1.63|2.4.2.7|2.7.8.37|2.7.4.23,2.3.1|4.7.1|3.1.4|7.1.3|3.6.1|2.4.2|2.7.8|2.7.4,1218
1834.0,ME.1834,metacyc,PWY-7301,,dTDP-4-O-demethyl-beta-L-noviose biosynthesis,37161|37163|37162|37160,2.7.7.24|2.1.1|1.1.1|4.2.1.46,2.7.7|2.1.1|1.1.1|4.2.1,1206
1835.0,ME.1835,metacyc,PWY-7634,,vernolate biosynthesis II,34441,,,760
1836.0,ME.1836,metacyc,PWY-6863,,pyruvate fermentation to hexanol (engineered),47469|47468|47475|47474|47473|47472|47465|47467|47466|47466|47470|47471|47471,1.1.1.35|1.1.1|1.2.1|1.3.1.44|1.3.1.44|4.2.1.150|1.2.7.1|4.2.1.150|2.3.1.16|2.3.1.9|1.1.1.35|2.3.1.16|2.3.1.9,1.1.1|1.1.1|1.2.1|1.3.1|1.3.1|4.2.1|1.2.7|4.2.1|2.3.1|2.3.1|1.1.1|2.3.1|2.3.1,3014
1837.0,ME.1837,metacyc,PWY-7880,,coelimycin P1 biosynthesis,40883|40877|40878|40879|40882|40885|40881|40884|40880|40887|40886,2.3.1.281|2.6.1.115,2.3.1|2.6.1,1873
1838.0,ME.1838,metacyc,PWY0-1280,,ethylene glycol degradation,47096|47095,1.1.1.77|1.2.1.21,1.1.1|1.2.1,2950
1839.0,ME.1839,metacyc,PWY-7958,,12-epi-fischerindole biosynthesis,33751|33752|33748|33750|33749,4.1.99.25|1.14.20.14|5.5.1.33|2.5.1.146|1.14.20.11,4.1.99|1.14.20|5.5.1|2.5.1|1.14.20,640
1840.0,ME.1840,metacyc,P483-PWY,,phosphonoacetate degradation,34128,3.11.1.2,3.11.1,707
1841.0,ME.1841,metacyc,PWY-1861,,formaldehyde assimilation II (assimilatory RuMP Cycle),38266|38271|38270|38269|38268|38267|38265|38264,2.2.1.1|2.2.1.1|5.3.1.27|4.1.2.43|2.7.1.11|2.2.1.2|4.1.2.13|5.3.1.6,2.2.1|2.2.1|5.3.1|4.1.2|2.7.1|2.2.1|4.1.2|5.3.1,1395
1842.0,ME.1842,metacyc,PWY-7513,,flaviolin dimer and mompain biosynthesis,42693|42694|42695|42696|42697,1.14.19.69|1.14.19.69|2.3.1.233|1.14.13,1.14.19|1.14.19|2.3.1|1.14.13,2175
1843.0,ME.1843,metacyc,PWY-7540,,aflatrem biosynthesis,34220|34221|34219,1.14.19|1.14.14|2.5.1,1.14.19|1.14.14|2.5.1,723
1844.0,ME.1844,metacyc,PWY-7297,,octopamine biosynthesis,42842|42843|42842,4.1.1.28|1.14.17|4.1.1.25,4.1.1|1.14.17|4.1.1,2206
1845.0,ME.1845,metacyc,PWY-5491,,diethylphosphate degradation,48363|48364,3.1.3.1|3.1.3,3.1.3|3.1.3,3168
1846.0,ME.1846,metacyc,PWY-7814,,dTDP-L-daunosamine biosynthesis,30887|30884|30885|30886|30888,2.6.1|4.2.1.46|2.7.7.24|1.1.1|4.2.1,2.6.1|4.2.1|2.7.7|1.1.1|4.2.1,131
1847.0,ME.1847,metacyc,PWY-6014,,vernolate biosynthesis I,34586,1.14.18,1.14.18,785
1848.0,ME.1848,metacyc,P185-PWY,,formaldehyde assimilation III (dihydroxyacetone cycle),49953|49954|49955|49952|49956|49957|49958|49959|49960|49961|49962,3.1.3.11|5.3.1.1|5.3.1.6|1.2.1.12|4.1.2.13|2.2.1.1|2.2.1.2|2.2.1.3|2.7.1.29|2.7.2.3|2.2.1.1,3.1.3|5.3.1|5.3.1|1.2.1|4.1.2|2.2.1|2.2.1|2.2.1|2.7.1|2.7.2|2.2.1,3446
1849.0,ME.1849,metacyc,PWY-7695,,aurofusarin biosynthesis,40804|40806|40796|40807|40805|40797|40798|40799|40800|40801|40802|40803,1.14.13|1.14.13|2.3.1|1.1.1|1.1.1|2.3.1|4.2.1|2.1.1|1.14.13|1.14.19|1.1.1|1.14.19,1.14.13|1.14.13|2.3.1|1.1.1|1.1.1|2.3.1|4.2.1|2.1.1|1.14.13|1.14.19|1.1.1|1.14.19,1856
1850.0,ME.1850,metacyc,PWY-5892,,menaquinol-12 biosynthesis,48033,2.1.1.163,2.1.1,3130
1851.0,ME.1851,metacyc,PWY-2261,,ascorbate glutathione cycle,49656|49657|49658|49659|49657,1.8.5.1|1.11.1.11|1.11.1.11|1.6.5|1.11.1.21,1.8.5|1.11.1|1.11.1|1.6.5|1.11.1,3394
1852.0,ME.1852,metacyc,PWY-6949,,DIBOA-glucoside biosynthesis,30545|30547|30550|30549|30548|30546,2.4.1.202|1.14.14.153|1.14.14.110|1.14.14.109|1.14.14.157|4.1.2.8,2.4.1|1.14.14|1.14.14|1.14.14|1.14.14|4.1.2,58
1853.0,ME.1853,metacyc,PWY-1622,,formaldehyde assimilation I (serine pathway),41118|41122|41109|41110|41111|41111|41111|41111|41111|41111|41111|41111|41111|41111|41111|41111|41112|41113|41114|41115|41116|41117|41119|41120|41121,2.1.2.1|5.4.2.11|4.1.1.31|1.1.1.27|1.1.1.95|1.1.1.337|1.1.1.85|1.1.1.375|1.1.1.38|1.1.1.81|1.1.1.28|1.1.1.37|1.1.1.96|1.1.1.299|1.1.1.82|1.1.1|4.1.3.24|4.2.1.11|2.6.1.45|2.7.1.165|6.2.1.9|2.1.2.11|2.1.2.1,2.1.2|5.4.2|4.1.1|1.1.1|1.1.1|1.1.1|1.1.1|1.1.1|1.1.1|1.1.1|1.1.1|1.1.1|1.1.1|1.1.1|1.1.1|1.1.1|4.1.3|4.2.1|2.6.1|2.7.1|6.2.1|2.1.2|2.1.2,1916
1854.0,ME.1854,metacyc,PWY-6432,,curcuminoid biosynthesis,39641|39635|39636|39642|39637|39638|39639|39640,2.3.1.217|2.3.1.218|2.3.1.218|2.3.1.219|2.3.1.219|2.3.1.217,2.3.1|2.3.1|2.3.1|2.3.1|2.3.1|2.3.1,1647
1856.0,ME.1856,metacyc,PWY-6330,,acetaldehyde biosynthesis II,48480,4.1.1.1,4.1.1,3190
1857.0,ME.1857,metacyc,PWY-6974,,dTDP-L-olivose biosynthesis,32864|32863|32862|32861|32858|32859|32860,1.1.1|5.1.3|4.2.1.159|4.2.1.159|4.2.1.46|2.7.7.24|1.1.1.384,1.1.1|5.1.3|4.2.1|4.2.1|4.2.1|2.7.7|1.1.1,507
1858.0,ME.1858,metacyc,PWY-6917,,vernolate biosynthesis III,46937|46935|46936,1.11.2.3|3.1.2|1.13.11.58,1.11.2|3.1.2|1.13.11,2919
1859.0,ME.1859,metacyc,PWY-7673,,fusarin C biosynthesis,45156|45157|45153|45155|45152|45154,2.1.1|1.14.13|1.14.13|6.3.2|1.14.13,2.1.1|1.14.13|1.14.13|6.3.2|1.14.13,2616
1860.0,ME.1860,metacyc,DETOX1-PWY-1,,reactive oxygen species degradation,45288,1.11.1.9,1.11.1,2637
1861.0,ME.1861,metacyc,PWY-7541,,"1,2-propanediol biosynthesis from lactate (engineered)",47359|47355|47356|47357|47358|47360,1.1.1|2.8.3.1|2.8.3.1|1.2.1.87|1.2.1.87|1.1.1.55,1.1.1|2.8.3|2.8.3|1.2.1|1.2.1|1.1.1,2996
1862.0,ME.1862,metacyc,PWY-7954,,tabtoxinine-beta-lactam biosynthesis,47195|47194|47193|47191|47192|47196,6.3.2|3.4.11|2.3.1,6.3.2|3.4.11|2.3.1,2969
1863.0,ME.1863,metacyc,PWY-6314,,plumbagin biosynthesis,38191,,,1377
1864.0,ME.1864,metacyc,PWY-6883,,pyruvate fermentation to butanol II (engineered),40048|40053|40052|40051|40050|40049|40049,1.2.1.57|1.3.1.44|1.1.1.35|1.1.1|4.2.1.150|2.3.1.16|2.3.1.9,1.2.1|1.3.1|1.1.1|1.1.1|4.2.1|2.3.1|2.3.1,1712
1865.0,ME.1865,metacyc,PWY-7533,,gliotoxin biosynthesis,40567|40564|40565|40566|40572|40571|40570|40568|40569,4.3.2|6.3.2|1.14.14|2.5.1.18|2.1.1|1.8.3.2|3.4.13.19|4.4.1,4.3.2|6.3.2|1.14.14|2.5.1|2.1.1|1.8.3|3.4.13|4.4.1,1808
1866.0,ME.1866,metacyc,PWY-7440,,dTDP-beta-L-4-epi-vancosamine biosynthesis,38885|38881|38882|38886|38883|38884|38887,1.1.1|4.2.1.46|2.7.7.24|2.1.1|4.2.1.159|4.2.1.159|2.6.1,1.1.1|4.2.1|2.7.7|2.1.1|4.2.1|4.2.1|2.6.1,1513
1867.0,ME.1867,metacyc,PWY-5844,,menaquinol-9 biosynthesis,36514,2.1.1.163,2.1.1,1098
1868.0,ME.1868,metacyc,PWY-6130,,glycerol degradation III,31811|31812,4.2.1.30|1.1.1.202,4.2.1|1.1.1,294
1869.0,ME.1869,metacyc,PWY-6839,,2-aminoethylphosphonate biosynthesis,32197|32198,5.4.2.9|4.1.1.82,5.4.2|4.1.1,377
1870.0,ME.1870,metacyc,PWY66-201,,nicotine degradation IV,37396|37390|37398|37392|37394|37386|37387|37388|37393|37395|37397|37399|37400|37391|37389,1.2.1.83|1.4.3.24|1.14.13.8|1.1|1.1|1.14.14.1|1.2.3|2.4.1.17,1.2.1|1.4.3|1.14.13|1.1|1.1|1.14.14|1.2.3|2.4.1,1234
1871.0,ME.1871,metacyc,PWY-7621,,autoinducer CAI-1 biosynthesis,35912|35911|35910,1.1.1|2.3.1|3.5.99,1.1.1|2.3.1|3.5.99,998
1872.0,ME.1872,metacyc,PWY-7385,,"1,3-propanediol biosynthesis (engineered)",38555|38556|38556|38556|38556|38556|38557|38558|38559|38561|38560|38561|38562,3.1.3.21|1.1.1.1|1.1.1.94|1.1.5.3|1.1.1.8|1.1.1.261|5.3.1.9|4.2.1.30|4.1.2.13|2.7.1.2|2.7.1.11|2.7.1.1|1.1.1,3.1.3|1.1.1|1.1.1|1.1.5|1.1.1|1.1.1|5.3.1|4.2.1|4.1.2|2.7.1|2.7.1|2.7.1|1.1.1,1461
1873.0,ME.1873,metacyc,PWY-5979,,3-amino-5-hydroxybenzoate biosynthesis,46861|46862|46863|46857|46860|46859|46858,2.2.1|2.7.1.179|2.5.1|5.3.1.14|4.2.1.144,2.2.1|2.7.1|2.5.1|5.3.1|4.2.1,2900
1874.0,ME.1874,metacyc,PWY-7425,,2-chloroacrylate degradation I,30995|30993|30996|30996|30994,1.1.5.12|1.3.1.103|1.1.5.12|1.1.5.10|3.8.1.2,1.1.5|1.3.1|1.1.5|1.1.5|3.8.1,153
1875.0,ME.1875,metacyc,PWY-6153,,autoinducer AI-2 biosynthesis I,37523|37524|37522|37521|37520,2.1.1|4.4.1.21|3.2.2.9,2.1.1|4.4.1|3.2.2,1255
1876.0,ME.1876,metacyc,PWY-6942,,dTDP-D-desosamine biosynthesis,37377|37380|37379|37378|37376|37375,2.7.7.24|4.3.1.30|2.6.1.106|2.1.1.234|2.6.1.33|4.2.1.46,2.7.7|4.3.1|2.6.1|2.1.1|2.6.1|4.2.1,1231
1877.0,ME.1877,metacyc,PWY-6154,,autoinducer AI-2 biosynthesis II (Vibrio),36111|36110|36109|36114|36112|36113,4.4.1.21|3.2.2.9|2.1.1,4.4.1|3.2.2|2.1.1,1037
1878.0,ME.1878,metacyc,PWY-6886,,1-butanol autotrophic biosynthesis (engineered),37031|37032|37033|37034|37035,5.4.2.11|4.2.1.11|2.7.1.40|2.7.2.3|1.2.1.104,5.4.2|4.2.1|2.7.1|2.7.2|1.2.1,1180
1879.0,ME.1879,metacyc,PWY8J2-20,,pulcherrimin biosynthesis,40504|40503|40502,2.3.2.22|1.14.15.13,2.3.2|1.14.15,1793
1880.0,ME.1880,metacyc,PWY-6411,,ginsenoside degradation I,45184|45186|45187|45185,3.2.1.195|3.2.1.193|3.2.1.195|3.2.1.191,3.2.1|3.2.1|3.2.1|3.2.1,2619
1881.0,ME.1881,metacyc,PWY-7428,,2-chloroacrylate degradation II,35607|35606,4.2.1,4.2.1,950
1882.0,ME.1882,metacyc,PWY0-1576,,hydrogen to fumarate electron transfer,44689|44688|44689|44690|44691,1.3.5.1|1.12.5.1|1.3.5.4|1.3.5.4|1.12.5.1,1.3.5|1.12.5|1.3.5|1.3.5|1.12.5,2523
1883.0,ME.1883,metacyc,PWY-6157,,autoinducer AI-1 biosynthesis,33446|33447,2.3.1.184|2.3.1.184,2.3.1|2.3.1,606
1884.0,ME.1884,metacyc,PWY-3641,,L-carnitine degradation III,38279|38278|38280,1.14.13.239|1.1.1.39|1.2.1.4,1.14.13|1.1.1|1.2.1,1399
1885.0,ME.1885,metacyc,P181-PWY,,nicotine degradation I (pyridine pathway),37313|37314|37315|37316|37317|37318|37319|37320|37321|37322|37322|37323|37324|37324|37325|37328|37326|37327,1.2.1.79|1.5.99.4|1.14.13.10|2.6.1.19|1.1.1.328|1.5.3.19|1.5.3.21|1.5.99.14|3.7.1.19|3.5.1.3|3.5.1.111|1.5.3.5|1.5.3.6|1.5.3.5|1.5.3.6|1.5.99.4,1.2.1|1.5.99|1.14.13|2.6.1|1.1.1|1.5.3|1.5.3|1.5.99|3.7.1|3.5.1|3.5.1|1.5.3|1.5.3|1.5.3|1.5.3|1.5.99,1222
1886.0,ME.1886,metacyc,PWY-7581,,N-acetylneuraminate and N-acetylmannosamine degradation II,47970,4.1.3.3,4.1.3,3112
1887.0,ME.1887,metacyc,PWY-7784,,reductive acetyl coenzyme A pathway II (autotrophic methanogens),34729|34728|34723|34724|34725|34727|34726,2.1.1.245|2.3.1.101|1.2.7.12|3.5.4.27|1.5.98.2|1.12.98.2|1.2.7.4,2.1.1|2.3.1|1.2.7|3.5.4|1.5.98|1.12.98|1.2.7,815
1888.0,ME.1888,metacyc,PWY-6583,,pyruvate fermentation to butanol I,48115|48110|48111|48112|48112|48113|48114|48116|48117,1.1.1|1.2.1.57|1.2.7.1|2.3.1.9|2.3.1.16|4.2.1.150|1.1.1.2|1.1.1.35|1.3.8.1,1.1.1|1.2.1|1.2.7|2.3.1|2.3.1|4.2.1|1.1.1|1.1.1|1.3.8,3142
1889.0,ME.1889,metacyc,PWY-7907,,"(2S,3E)-2-amino-4-methoxy-but-3-enoate biosynthesis",46078|46077|46080|46079|46076|46074|46081|46075|46082|46083,2.3.1|2.3.1|2.3.1,2.3.1|2.3.1|2.3.1,2765
1890.0,ME.1890,metacyc,P224-PWY,,dissimilatory sulfate reduction II (to thiosulfate),46029|46027|46030|46028|46026,2.7.7.4|1.8.99.5|1.8.99.2,2.7.7|1.8.99|1.8.99,2753
1891.0,ME.1891,metacyc,PWY-5789,,3-hydroxypropanoate/4-hydroxybutanate cycle,37436|37443|37431|37433|37434|37435|37437|37446|37445|37444|37442|37438|37439|37440|37441|37432|37430|37433,1.2.1.76|5.4.99.2|2.3.1.16|1.1.1.298|1.2.1.75|1.3.1.84|2.1.3.15|6.3.4.14|1.1.1.35|6.2.1.40|4.2.1.116|4.2.1.120|6.2.1.36|4.2.1.150|4.2.1.1|6.4.1.3|2.3.1.9,1.2.1|5.4.99|2.3.1|1.1.1|1.2.1|1.3.1|2.1.3|6.3.4|1.1.1|6.2.1|4.2.1|4.2.1|6.2.1|4.2.1|4.2.1|6.4.1|2.3.1,1238
1892.0,ME.1892,metacyc,PWY-7414,,dTDP-alpha-D-mycaminose biosynthesis,50075|50076|50077|50078|50079,4.2.1.46|2.7.7.24|2.1.1.235|2.6.1.89|5.3.2.4,4.2.1|2.7.7|2.1.1|2.6.1|5.3.2,3458
1893.0,ME.1893,metacyc,PWY-3841,,folate transformations II (plants),31580|31592|31591|31590|31589|31588|31587|31586|31585|31585|31585|31584|31583|31582|31582|31581|31580|31579|31578|31577|31576|31575,3.5.4.9|2.1.1.45|2.1.1.45|2.1.1.13|2.1.2.1|1.4.1.27|6.3.4.3|1.5.1.3|1.8.1.4|1.4.4.2|2.1.2.10|2.1.1.45|2.1.2.1|2.1.1.14|2.1.1.13|6.3.4.3|2.1.2.10|1.5.1.5|1.5.1.3|1.5.1.20|3.5.4.9|6.3.3.2,3.5.4|2.1.1|2.1.1|2.1.1|2.1.2|1.4.1|6.3.4|1.5.1|1.8.1|1.4.4|2.1.2|2.1.1|2.1.2|2.1.1|2.1.1|6.3.4|2.1.2|1.5.1|1.5.1|1.5.1|3.5.4|6.3.3,253
1894.0,ME.1894,metacyc,PWY-7471,,D-carnitine degradation I,45549|45551|45550,1.1.1.254,1.1.1,2673
1895.0,ME.1895,metacyc,CODH-PWY,,reductive acetyl coenzyme A pathway I (homoacetogenic bacteria),36628|36629|36630|36631|36624|36626|36625|36623|36627,6.3.4.3|1.17.1.10|6.3.4.3|2.1.1.258|1.2.7.4|1.5.1.5|1.5.1.20|3.5.4.9|1.5.7.1,6.3.4|1.17.1|6.3.4|2.1.1|1.2.7|1.5.1|1.5.1|3.5.4|1.5.7,1110
1896.0,ME.1896,metacyc,PWY-7396,,butanol and isobutanol biosynthesis (engineered),42468|42467|42461|42461|42462|42463|42464|42465|42466,4.1.1.1|1.4.3.3|1.4.3.19|2.3.3.7|1.1.1|1.1.1.1|1.1.1.85|4.1.1.72,4.1.1|1.4.3|1.4.3|2.3.3|1.1.1|1.1.1|1.1.1|4.1.1,2135
1897.0,ME.1897,metacyc,PWY-7492,,paspaline biosynthesis,43475|43472|43476|43471|43473|43474,2.5.1|1.14.13|1.14.13,2.5.1|1.14.13|1.14.13,2331
1898.0,ME.1898,metacyc,PWY-6412,,ginsenoside degradation II,43840|43839|43840|43840|43840,3.2.1.194|3.2.1.195|3.2.1.192|3.2.1.195|3.2.1.193,3.2.1|3.2.1|3.2.1|3.2.1|3.2.1,2391
1899.0,ME.1899,metacyc,PWY0-1355,,formate to trimethylamine N-oxide electron transfer,42716|42717,1.17.5.3,1.17.5,2179
1900.0,ME.1900,metacyc,1CMET2-PWY,,folate transformations III (E. coli),49568|49573|49574|49575|49576|49570|49580|49573|49578|49579|49571|49572|49576|49582|49581|49576|49569|49577,6.3.3.2|2.1.1.14|2.1.2.1|2.1.1.45|2.1.2.10|1.5.1.20|2.1.1.13|2.1.1.13|1.4.1.27|2.1.2.1|1.5.1.3|1.5.1.5|1.4.4.2|2.1.1.45|2.1.1.45|1.8.1.4|3.5.4.9|1.5.1.3,6.3.3|2.1.1|2.1.2|2.1.1|2.1.2|1.5.1|2.1.1|2.1.1|1.4.1|2.1.2|1.5.1|1.5.1|1.4.4|2.1.1|2.1.1|1.8.1|3.5.4|1.5.1,3380
1901.0,ME.1901,metacyc,CARNMET-PWY,,L-carnitine degradation I,41077|41076|41074|41075,1.3.8.13|6.2.1.48|2.8.3.21|4.2.1.149,1.3.8|6.2.1|2.8.3|4.2.1,1907
1902.0,ME.1902,metacyc,PWY66-221,,nicotine degradation V,36813|36820|36814|36816|36822|36811|36821|36827|36826|36823|36825|36824|36819|36818|36817|36815|36812,1.1|1.2.3|1.14.14|1.14.14.1|2.4.1.17|1.14.14.1|2.4.1.17|1.14.14.1|1.1,1.1|1.2.3|1.14.14|1.14.14|2.4.1|1.14.14|2.4.1|1.14.14|1.1,1142
1903.0,ME.1903,metacyc,PWY0-1324,,N-acetylneuraminate and N-acetylmannosamine degradation I,45048|45049,4.1.3.3|2.7.1.60,4.1.3|2.7.1,2601
1904.0,ME.1904,metacyc,PWY-5743,,3-hydroxypropanoate cycle,48901|48902|48903|48912|48908|48904|48905|48906|48907|48910|48911|48909,6.4.1.3|5.4.99.2|4.1.3.24|2.1.3.15|4.2.1.116|4.2.1.1|1.1.1.298|1.2.1.75|1.3.1.84|2.8.3.22|6.3.4.14|6.2.1.36,6.4.1|5.4.99|4.1.3|2.1.3|4.2.1|4.2.1|1.1.1|1.2.1|1.3.1|2.8.3|6.3.4|6.2.1,3264
1905.0,ME.1905,metacyc,PWY-7003,,glycerol degradation to butanol,32007|32010|32009|32008|32006|32011,5.4.2.11|2.7.1.40|4.2.1.11|5.3.1.1|1.2.1.12|2.7.2.3,5.4.2|2.7.1|4.2.1|5.3.1|1.2.1|2.7.2,340
1906.0,ME.1906,metacyc,PWY-6802,,salidroside biosynthesis,49260|49263|49260|49262|49261,4.1.1.25|2.4.1|4.1.1.28|1.4.3.4|1.1.1.1,4.1.1|2.4.1|4.1.1|1.4.3|1.1.1,3327
1907.0,ME.1907,metacyc,PWY0-1347,,NADH to trimethylamine N-oxide electron transfer,39474|39472|39473|39475|39472|39472|39472|39472,1.6.5|1.6.5.2|1.6.5.9|1.6.5|7.2.1.1|7.1.1.2|1.6.5.9,1.6.5|1.6.5|1.6.5|1.6.5|7.2.1|7.1.1|1.6.5,1616
1908.0,ME.1908,metacyc,PWY-5815,,rubber biosynthesis,41851|41850,2.5.1.20|2.5.1,2.5.1|2.5.1,2038
1909.0,ME.1909,metacyc,PWY-7312,,dTDP-D-beta-fucofuranose biosynthesis,38217|38214|38215|38216,5.4.99.59|1.1.1.266|4.2.1.46|2.7.7.24,5.4.99|1.1.1|4.2.1|2.7.7,1386
1910.0,ME.1910,metacyc,PWY-2201,,folate transformations I,45834|45831|45832|45833|45820|45821|45822|45823|45824|45825|45826|45827|45827|45828|45829|45829|45829|45830,2.1.1.13|3.5.1.10|1.4.1.27|2.1.2.1|6.3.3.2|3.5.4.9|1.5.1.15|1.5.1.20|1.5.1.5|6.3.4.3|3.5.1.10|2.1.1.13|2.1.1.14|2.1.2.1|2.1.2.10|1.4.4.2|1.8.1.4|6.3.4.3,2.1.1|3.5.1|1.4.1|2.1.2|6.3.3|3.5.4|1.5.1|1.5.1|1.5.1|6.3.4|3.5.1|2.1.1|2.1.1|2.1.2|2.1.2|1.4.4|1.8.1|6.3.4,2719
1911.0,ME.1911,metacyc,PWY-7472,,D-carnitine degradation II,45516|45514|45515,1.1.1.108,1.1.1,2667
1912.0,ME.1912,metacyc,PWYQT-4429,,CO2 fixation into oxaloacetate (anaplerotic),32364|32365,4.1.1.31|4.2.1.1,4.1.1|4.2.1,414
1913.0,ME.1913,metacyc,PWY-5960,,aflatoxins B2 and G2 biosynthesis,49980|49978|49981|49977|49979,2.1.1.109|1.14.14.117|2.1.1.110,2.1.1|1.14.14|2.1.1,3449
1914.0,ME.1914,metacyc,PWY-7084,,nitrifier denitrification,48241|48239|48240|48242,1.7.2.4|1.7.2.5|1.7.2.1,1.7.2|1.7.2|1.7.2,3154
1915.0,ME.1915,metacyc,PWY-7854,,crotonyl-CoA/ethylmalonyl-CoA/hydroxybutyryl-CoA cycle (engineered),38435|38430|38431|38432|38433|38434|38436|38437|38439|38440|38441|38442|38438,1.3.1.85|5.4.99.2|2.3.3.9|5.4.99.63|1.2.1.76|4.2.1.120|4.1.3.24|4.2.1.148|6.2.1.56|1.3.1.85|1.3.3.6,1.3.1|5.4.99|2.3.3|5.4.99|1.2.1|4.2.1|4.1.3|4.2.1|6.2.1|1.3.1|1.3.3,1437
1916.0,ME.1916,metacyc,PWY-6013,,crepenynate biosynthesis,47883,1.14.19.39,1.14.19,3101
1917.0,ME.1917,metacyc,PWY-1381,,fluorene degradation II,30576|30577,1.14.13|1.14.12,1.14.13|1.14.12,71
1918.0,ME.1918,metacyc,PWY-3602,,L-carnitine degradation II,48780|48781|48779,1.1.1.108,1.1.1,3246
1919.0,ME.1919,metacyc,PWY-6993,,nicotine degradation II (pyrrolidine pathway),48784|48782|48783|48785|48786|48787|48788|48790|48791|48789,1.14.13.163|1.2.1.79|1.13.11.9|3.5.1.107|1.2.1.83|1.4.3.24|3.5.1.106|1.5.99|1.3.99,1.14.13|1.2.1|1.13.11|3.5.1|1.2.1|1.4.3|3.5.1|1.5.99|1.3.99,3247
1920.0,ME.1920,metacyc,PWY-7888,,tRNA-uridine 2-thiolation (cytoplasmic),39278|39274|39277|39275|39276,2.1.1.229|2.8.1|2.8.1|2.7.7,2.1.1|2.8.1|2.8.1|2.7.7,1588
1921.0,ME.1921,metacyc,PWY-5493,,reductive monocarboxylic acid cycle,32322|32321,2.3.1.54|1.2.7.1,2.3.1|1.2.7,400
1922.0,ME.1922,metacyc,PWY-3801,,sucrose degradation II (sucrose synthase),40462|40467|40462|40463|40465|40464|40465|40466|40467|40462|40462|40462,5.4.2.8|2.7.1.1|5.4.2.3|5.3.1.9|2.7.7.64|2.7.1.4|2.7.7.9|2.4.1.13|2.7.1.4|5.4.2.10|5.4.2.5|5.4.2.2,5.4.2|2.7.1|5.4.2|5.3.1|2.7.7|2.7.1|2.7.7|2.4.1|2.7.1|5.4.2|5.4.2|5.4.2,1784
1923.0,ME.1923,metacyc,PWY-8069,,nepetalactone biosynthesis,32750|32754|32753|32752|32751|32749,1.1.1.324|1.14.14.83|3.1.7.11|1.1.1.324|1.1.1.324|1.1.1.324,1.1.1|1.14.14|3.1.7|1.1.1|1.1.1|1.1.1,492
1924.0,ME.1924,metacyc,PWY0-1582,,glycerol-3-phosphate to fumarate electron transfer,48281|48283|48281|48282,1.3.5.4|1.1.5.3|1.3.5.1|1.3.5.4,1.3.5|1.1.5|1.3.5|1.3.5,3160
1925.0,ME.1925,metacyc,HOMOSER-THRESYN-PWY,,L-threonine biosynthesis,49833|49832,2.7.1.39|4.2.3.1,2.7.1|4.2.3,3422
1926.0,ME.1926,metacyc,PWY-6976,,dTDP-L-mycarose biosynthesis,39100|39095|39096|39098|39097|39099,1.17.1|4.2.1.46|2.7.7.24|1.1.1|4.2.1.159|2.1.1,1.17.1|4.2.1|2.7.7|1.1.1|4.2.1|2.1.1,1544
1927.0,ME.1927,metacyc,FLUORENE-DEG-9-ONE-PWY,,fluorene degradation I,38444|38447|38449|38446|38448|38445,1.1.1.256|1.14.13,1.1.1|1.14.13,1439
1928.0,ME.1928,metacyc,PWY-6633,,"caffeine degradation V (bacteria, via trimethylurate)",30959|30963|30961|30960|30964|30962|30958,1.17.5.2|3.5.2|4.1.1|1.14.13.212,1.17.5|3.5.2|4.1.1|1.14.13,144
1929.0,ME.1929,metacyc,PWY-6603,,dicranin biosynthesis,47768|47770|47767|47769,1.14.19.38|1.14.19.47|1.14.19.47|1.14.19.38,1.14.19|1.14.19|1.14.19|1.14.19,3070
1930.0,ME.1930,metacyc,PWY66-373,,sucrose degradation V (sucrose alpha-glucosidase),45011|45007|45008|45009|45010|45011,3.2.1.26|5.3.1.1|2.7.1.28|2.7.1.3|4.1.2.13|3.2.1.48,3.2.1|5.3.1|2.7.1|2.7.1|4.1.2|3.2.1,2593
1931.0,ME.1931,metacyc,PWYDQC-4,,indole-3-acetate biosynthesis I,41612|41611,2.6.1.99|1.14.13.168,2.6.1|1.14.13,1990
1932.0,ME.1932,metacyc,PWY0-1533,,methylphosphonate degradation I,45279|45280|45281|45278,3.6.1.63|3.1.4.55|4.7.1.1|2.7.8.37,3.6.1|3.1.4|4.7.1|2.7.8,2633
1933.0,ME.1933,metacyc,PWY-7752,,gadusol biosynthesis,34234|34235|34233,4.2.3.152,4.2.3,726
1934.0,ME.1934,metacyc,PWY-6529,,chlorate reduction,43371|43370,1.97.1.1|1.13.11.49,1.97.1|1.13.11,2307
1935.0,ME.1935,metacyc,PWY-5026,,indole-3-acetate biosynthesis V (bacteria and fungi),48280,3.5.5.1,3.5.5,3159
1936.0,ME.1936,metacyc,PWY-7641,,5-hexynoate biosynthesis,38122|38121|38121|38124|38123,6.2.1.20|6.2.1.47|6.2.1.47,6.2.1|6.2.1|6.2.1,1363
1937.0,ME.1937,metacyc,PWY-6552,,"caffeine degradation I (main, plants)",46669|46668|46670,,,2866
1938.0,ME.1938,metacyc,PWY-7128,,nicotine degradation III (VPP pathway),39330|39331|39332|39332|39333|39335|39327|39328|39329|39334,3.5.1.107|1.5.3.5|1.5.3.6|1.5.3.5|3.5.1.106|1.2.1|1.5.99.4|1.13.11.9|1.14.13.163,3.5.1|1.5.3|1.5.3|1.5.3|3.5.1|1.2.1|1.5.99|1.13.11|1.14.13,1597
1939.0,ME.1939,metacyc,PWY-7286,,7-(3-amino-3-carboxypropyl)-wyosine biosynthesis,37584|37586|37585,2.1.1.282|2.1.1.228|2.5.1.114,2.1.1|2.1.1|2.5.1,1265
1940.0,ME.1940,metacyc,TRPIAACAT-PWY,,indole-3-acetate biosynthesis VI (bacteria),49232|49231|49233|49233,1.2.3.7|4.1.1.74|2.6.1.1|2.6.1.27,1.2.3|4.1.1|2.6.1|2.6.1,3319
1941.0,ME.1941,metacyc,PWY-5384,,sucrose degradation IV (sucrose phosphorylase),47257|47253|47253|47253|47253|47253|47254|47255|47256|47257,2.7.1.4|5.4.2.10|5.4.2.5|5.4.2.2|5.4.2.8|5.4.2.3|5.3.1.9|2.4.1.7|2.7.1.4|2.7.1.1,2.7.1|5.4.2|5.4.2|5.4.2|5.4.2|5.4.2|5.3.1|2.4.1|2.7.1|2.7.1,2981
1942.0,ME.1942,metacyc,PWY-7236,,mycocyclosin biosynthesis,38889|38890,1.14.19.70|2.3.2.21,1.14.19|2.3.2,1515
1943.0,ME.1943,metacyc,PWY0-1577,,hydrogen to dimethyl sulfoxide electron transfer,42699|42700|42701|42702,1.12.5.1|1.8.5.3|1.8.5.3|1.12.5.1,1.12.5|1.8.5|1.8.5|1.12.5,2177
1944.0,ME.1944,metacyc,PWY-581,,indole-3-acetate biosynthesis II,49887|49888|49888|49889|49890|49893|49894|49895|49891|49892|49885|49884|49884|49886,1.14.13.168|4.1.1.105|4.1.1.28|3.5.1.4|3.5.5.1|1.5.99|4.2.1.84|2.6.1.1|2.6.1.27|1.14.14.156,1.14.13|4.1.1|4.1.1|3.5.1|3.5.5|1.5.99|4.2.1|2.6.1|2.6.1|1.14.14,3435
1945.0,ME.1945,metacyc,PWY-7657,,dTDP-beta-L-digitoxose biosynthesis,34601|34604|34603|34602|34600|34599|34598,4.2.1.159|1.1.1|5.1.3|4.2.1.159|1.1.1.384|2.7.7.24|4.2.1.46,4.2.1|1.1.1|5.1.3|4.2.1|1.1.1|2.7.7|4.2.1,788
1946.0,ME.1946,metacyc,PWY-6426,,uracil degradation II (oxidative),43813|43814|43815,3.5.1.95|3.5.2.1|1.17.99.4,3.5.1|3.5.2|1.17.99,2385
1947.0,ME.1947,metacyc,PWY-6553,,caffeine degradation II,36512|36511|36513|36510,,,1097
1948.0,ME.1948,metacyc,PWY-3161,,indole-3-acetate biosynthesis III (bacteria),31649|31650,1.13.12.3|3.5.1.4,1.13.12|3.5.1,262
1949.0,ME.1949,metacyc,SUCROSEUTIL2-PWY,,sucrose degradation VII (sucrose 3-dehydrogenase),38380|38382|38382|38383|38381|38384,1.1.99.13|2.7.1.4|2.7.1.1|3.2.1|2.7.1.4|1.1.1,1.1.99|2.7.1|2.7.1|3.2.1|2.7.1|1.1.1,1427
1950.0,ME.1950,metacyc,PWY-7399,,methylphosphonate degradation II,38793|38792|38794|38795|38796,3.6.1.63|2.7.8.37|3.1.4.57|3.1.4.57|4.7.1.1,3.6.1|2.7.8|3.1.4|3.1.4|4.7.1,1497
1951.0,ME.1951,metacyc,PWY-6699,,oxalate biosynthesis,40069,3.7.1.1,3.7.1,1718
1952.0,ME.1952,metacyc,P303-PWY,,ammonia oxidation II (anaerobic),30846|30847|30848,1.7.2.8|1.7.2.1|1.7.2.7,1.7.2|1.7.2|1.7.2,125
1953.0,ME.1953,metacyc,PWY-5025,,indole-3-acetate biosynthesis IV (bacteria),45867|45866,4.2.1.84|3.5.1.4,4.2.1|3.5.1,2726
1954.0,ME.1954,metacyc,PWY-6632,,"caffeine degradation IV (bacteria, via demethylation and oxidation)",35069|35070|35068|35070,1.17.3.2|1.17.3.2|1.17.3.2|1.17.1.4,1.17.3|1.17.3|1.17.3|1.17.1,872
1955.0,ME.1955,metacyc,PWY-6829,,tRNA methylation (yeast),43691|43686|43686|43687|43688|43689|43690|43692|43693|43694|43695|43696|43697|43698|43699|43700,2.1.1.214|2.1.1.202|2.1.1.203|2.1.1.202|2.1.1.202|2.1.1.202|2.1.1.211|2.1.1.220|2.1.1.225|2.1.1.225|2.1.1.229|2.1.1.216|2.1.1.216|2.1.1.205|2.1.1.225|2.1.1.228,2.1.1|2.1.1|2.1.1|2.1.1|2.1.1|2.1.1|2.1.1|2.1.1|2.1.1|2.1.1|2.1.1|2.1.1|2.1.1|2.1.1|2.1.1|2.1.1,2363
1956.0,ME.1956,metacyc,PWY-621,,sucrose degradation III (sucrose invertase),46063|46062|46066|46063|46065|46066|46065|46064,2.7.1.1|5.3.1.9|2.7.1.1|2.7.1.2|3.2.1.26|2.7.1.4|3.2.1.48|2.7.1.4,2.7.1|5.3.1|2.7.1|2.7.1|3.2.1|2.7.1|3.2.1|2.7.1,2762
1957.0,ME.1957,metacyc,PWY-5956,,sterigmatocystin biosynthesis,38007|38008|38009,2.1.1.109|1.3.1,2.1.1|1.3.1,1340
1958.0,ME.1958,metacyc,PWY0-1356,,formate to dimethyl sulfoxide electron transfer,35688|35689|35687,1.8.5.3|1.17.5.3|1.8.5.3,1.8.5|1.17.5|1.8.5,964
1959.0,ME.1959,metacyc,PWY-6953,,dTDP-3-acetamido-alpha-D-fucose biosynthesis,33382|33381|33380|33379|33378,5.3.2.3|2.6.1.90|2.3.1.197|2.7.7.24|4.2.1.46,5.3.2|2.6.1|2.3.1|2.7.7|4.2.1,594
1960.0,ME.1960,metacyc,PWY0-1471,,uracil degradation III,46783|46784|46782|46781|46780|46779|46779,3.5.1.110|3.5.1.110|1.14.99.46|1.1.1.298|4.2.1.104|3.5.1.110,3.5.1|3.5.1|1.14.99|1.1.1|4.2.1|3.5.1,2885
1961.0,ME.1961,metacyc,PWY-6538,,"caffeine degradation III (bacteria, via demethylation)",30642|30643|30637|30638|30639|30640|30641,1.14.13.179|1.14.13.179|1.17.1.4|1.17.3.2|1.14.13.128|1.14.13.178|1.14.13.178,1.14.13|1.14.13|1.17.1|1.17.3|1.14.13|1.14.13|1.14.13,82
1962.0,ME.1962,metacyc,SUCUTIL-PWY,,sucrose degradation I (sucrose phosphotransferase),42646|42648|42645|42646|42647,2.7.1.1|2.7.1.211|2.7.1.4|2.7.1.4|3.2.1,2.7.1|2.7.1|2.7.1|2.7.1|3.2.1,2164
1963.0,ME.1963,metacyc,PWY-8066,,methylphosphonate degradation III,46173|46173,1.13.11.72|1.13.11.89,1.13.11|1.13.11,2779
1964.0,ME.1964,metacyc,PWY-8007,,staphylopine biosynthesis,45282|45283,1.5.1.52|2.5.1.152,1.5.1|2.5.1,2634
1966.0,ME.1966,metacyc,DENITRIFICATION-PWY,,nitrate reduction I (denitrification),44617|44619|44616|44618,1.7.5.1|1.7.2.1|1.7.2.5|1.7.2.4,1.7.5|1.7.2|1.7.2|1.7.2,2509
1967.0,ME.1967,metacyc,PWY-7971,,adenosylcobinamide-GDP salvage from cobinamide I,41774|41775|41776|41773,2.7.1.156|2.7.7.62,2.7.1|2.7.7,2020
1968.0,ME.1968,metacyc,PWY-5994,,"palmitate biosynthesis (animals and fungi, cytoplasm)",41137,3.1.2.2,3.1.2,1920
1969.0,ME.1969,metacyc,PWY0-1554,,5-(methoxycarbonylmethoxy)uridine biosynthesis,49433|49434|49435,,,3353
1970.0,ME.1970,metacyc,PWY-6233,,jasmonoyl-amino acid conjugates biosynthesis II,30616|30617|30618|30619|30620|30614|30615,6.3|6.3.2.52|6.3.2.52|6.3.2.52|6.3.2.52|6.3.2.52|6.3,6.3|6.3.2|6.3.2|6.3.2|6.3.2|6.3.2|6.3,79
1971.0,ME.1971,metacyc,PWY-7972,,adenosylcobinamideGDP salvage from cobinamide II,35555|35557|35556|35553|35554,3.5.1.90|2.7.7.62|6.3.1.10,3.5.1|2.7.7|6.3.1,935
1972.0,ME.1972,metacyc,PWY-6440,,spermine and spermidine degradation II,49143|49142|49141|49140|49144,1.5.3.14|1.5.3.14|2.6.1.82,1.5.3|1.5.3|2.6.1,3302
1973.0,ME.1973,metacyc,PWY-7687,,stipitatate biosynthesis,32013|32019|32015|32018|32016|32017|32012|32014,2.3.1|1.14.13|1.14.20|1.14.13|1.14.14|1.14.13|4.1.1.60|1.14.13,2.3.1|1.14.13|1.14.20|1.14.13|1.14.14|1.14.13|4.1.1|1.14.13,341
1974.0,ME.1974,metacyc,PWY0-1348,,NADH to dimethyl sulfoxide electron transfer,33294|33295|33296|33294|33294|33294|33297|33293|33294,7.1.1.2|1.8.5.3|1.6.5|1.6.5.2|1.6.5|1.6.5.9|1.6.5.9|1.8.5.3|7.2.1.1,7.1.1|1.8.5|1.6.5|1.6.5|1.6.5|1.6.5|1.6.5|1.8.5|7.2.1,576
1975.0,ME.1975,metacyc,COBALSYN-PWY,,superpathway of adenosylcobalamin salvage from cobinamide I,42802|42805|42804|42803|42806,2.4.2.21|2.7.1.156|3.1.3.73|2.7.7.62|2.7.8.26,2.4.2|2.7.1|3.1.3|2.7.7|2.7.8,2198
1976.0,ME.1976,metacyc,PWY-7318,,"dTDP-3-acetamido-3,6-dideoxy-alpha-D-glucose biosynthesis",33481|33478|33479|33480|33482,5.3.2.4|4.2.1.46|2.7.7.24|2.6.1.89|2.3.1,5.3.2|4.2.1|2.7.7|2.6.1|2.3.1,611
1977.0,ME.1977,metacyc,PWY-5971,,palmitate biosynthesis II (bacteria and plant cytoplasm),43487|43486|43493|43493|43493|43494|43494|43494|43494|43494|43495|43495|43495|43495|43495|43496|43496|43496|43496|43496|43497|43497|43497|43497|43497|43498|43498|43498|43498|43498|43499|43500|43501|43502|43503|43504|43505|43506|43507|43507|43507|43507|43508|43509|43510|43511|43512|43512|43513|43514|43515|43515|43516|43516|43517|43517|43518|43519|43520|43520|43521|43521|43522|43523|43524|43525|43526|43527|43527|43527|43488|43489|43490|43491|43492|43492,6.2.1.3|4.2.1.59|2.3.1.85|3.1.2.21|3.1.2.14|2.3.1.179|2.3.1.85|2.3.1.86|2.3.1.41|2.3.1|2.3.1.179|2.3.1.85|2.3.1.86|2.3.1.41|2.3.1|2.3.1.179|2.3.1.85|2.3.1.86|2.3.1.41|2.3.1|2.3.1.179|2.3.1.85|2.3.1.86|2.3.1.41|2.3.1|2.3.1.179|2.3.1.85|2.3.1.86|2.3.1.41|2.3.1|1.3.1.9|1.1.1.100|1.1.1.100|1.1.1.100|4.2.1.59|1.3.1.9|1.3.1.9|1.3.1.9|2.3.1.179|2.3.1.85|2.3.1.86|2.3.1.41|3.1.2.21|4.2.1.59|4.2.1.59|3.1.2.14|2.3.1.179|2.3.1.41|1.1.1.100|4.2.1.59|2.3.1.179|2.3.1.41|2.3.1.179|2.3.1.41|2.3.1.179|2.3.1.41|1.1.1.100|4.2.1.59|2.3.1.179|2.3.1.41|2.3.1.179|2.3.1.41|1.1.1.100|3.1.2.14|3.1.2.14|4.2.1.59|1.3.1.9|2.3.1.85|3.1.2.21|3.1.2.14|1.1.1.100|6.2.1.3|1.3.1.9|1.3.1.9|3.1.2.21|3.1.2.14,6.2.1|4.2.1|2.3.1|3.1.2|3.1.2|2.3.1|2.3.1|2.3.1|2.3.1|2.3.1|2.3.1|2.3.1|2.3.1|2.3.1|2.3.1|2.3.1|2.3.1|2.3.1|2.3.1|2.3.1|2.3.1|2.3.1|2.3.1|2.3.1|2.3.1|2.3.1|2.3.1|2.3.1|2.3.1|2.3.1|1.3.1|1.1.1|1.1.1|1.1.1|4.2.1|1.3.1|1.3.1|1.3.1|2.3.1|2.3.1|2.3.1|2.3.1|3.1.2|4.2.1|4.2.1|3.1.2|2.3.1|2.3.1|1.1.1|4.2.1|2.3.1|2.3.1|2.3.1|2.3.1|2.3.1|2.3.1|1.1.1|4.2.1|2.3.1|2.3.1|2.3.1|2.3.1|1.1.1|3.1.2|3.1.2|4.2.1|1.3.1|2.3.1|3.1.2|3.1.2|1.1.1|6.2.1|1.3.1|1.3.1|3.1.2|3.1.2,2334
1978.0,ME.1978,metacyc,PWY-6269,,superpathway of adenosylcobalamin salvage from cobinamide II,46397|46398|46399|46400|46401|46402,2.4.2.21|2.7.7.62|6.3.1.10|3.5.1.90|3.1.3.73|2.7.8.26,2.4.2|2.7.7|6.3.1|3.5.1|3.1.3|2.7.8,2813
1979.0,ME.1979,metacyc,PWY-6441,,spermine and spermidine degradation III,45564|45563|45563,1.5.3.17|1.5.3.17|1.5.3.16,1.5.3|1.5.3|1.5.3,2677
1980.0,ME.1980,metacyc,PWY-6660,,2-heptyl-3-hydroxy-4(1H)-quinolone biosynthesis,46247|46249|46252|46248|46246|46251|46250|46245,3.1.2.32|2.3.1.230|1.14.13.182|6.2.1.32,3.1.2|2.3.1|1.14.13|6.2.1,2793
1981.0,ME.1981,metacyc,PWY-7391,,isoprene biosynthesis II (engineered),31855|31859|31858|31857|31856|31852|31853|31854|31855,2.3.1.16|4.2.3.27|2.7.4.2|2.7.1.36|2.3.3.10|5.3.3.2|4.1.1.33|1.1.1.34|2.3.1.9,2.3.1|4.2.3|2.7.4|2.7.1|2.3.3|5.3.3|4.1.1|1.1.1|2.3.1,304
1982.0,ME.1982,metacyc,PWY0-1321,,nitrate reduction III (dissimilatory),37385|37382|37383|37384,1.7.5.1|1.17.5.3|1.7.5.1|1.7.5.1,1.7.5|1.17.5|1.7.5|1.7.5,1233
1983.0,ME.1983,metacyc,PWY-7974,,cobalamin salvage (eukaryotic),37835|37834|37836|37833|37832,1.16.1.8,1.16.1,1317
1984.0,ME.1984,metacyc,PWY-7904,,tRNA-uridine 2-thiolation (thermophilic bacteria),50435|50434|50433|50436,2.8.1.15,2.8.1,3517
1985.0,ME.1985,metacyc,PWY-6220,,jasmonoyl-amino acid conjugates biosynthesis I,40123|40119|40120|40121|40122|40124|40125|40126|40127,6.3.2.52|6.3.2.52|6.3.2.52|6.3|6.3|6.3.2.52|6.3.2.52|6.3.2.52|6.3.2.52,6.3.2|6.3.2|6.3.2|6.3|6.3|6.3.2|6.3.2|6.3.2|6.3.2,1732
1986.0,ME.1986,metacyc,PWY-6268,,adenosylcobalamin salvage from cobalamin,32135|32132|32133|32134,,,364
1987.0,ME.1987,metacyc,PWY-6117,,spermine and spermidine degradation I,42847|42849|42848|42845|42845|42846|42846,2.3.1.57|2.3.1.57|1.5.3.13|1.5.3.16|1.5.3.17|1.5.3.17|1.5.3.13,2.3.1|2.3.1|1.5.3|1.5.3|1.5.3|1.5.3|1.5.3,2208
1988.0,ME.1988,metacyc,PWY-5935,,tuberculosinol biosynthesis,36985|36984,2.5.1.153|5.5.1.16,2.5.1|5.5.1,1171
1989.0,ME.1989,metacyc,PWY0-1584,,"nitrate reduction X (dissimilatory, periplasmic)",32285|32283|32284,7.1.1.8|1.1.5.3|1.9.6.1,7.1.1|1.1.5|1.9.6,394
1990.0,ME.1990,metacyc,PWY-7315,,dTDP-N-acetylthomosamine biosynthesis,42356|42355|42358|42357,2.6.1.59|4.2.1.46|2.3.1.210|2.7.7.24,2.6.1|4.2.1|2.3.1|2.7.7,2114
1991.0,ME.1991,metacyc,TYRSYN,,L-tyrosine biosynthesis I,46945|46946|46944|46944|46944|46944,5.4.99.5|1.3.1.12|2.6.1.5|2.6.1.27|2.6.1.1|2.6.1.57,5.4.99|1.3.1|2.6.1|2.6.1|2.6.1|2.6.1,2921
1992.0,ME.1992,metacyc,PWY-7959,,12-epi-hapalindole biosynthesis,40094|40092|40091|40093,4.1.99.25|1.14.20.11|5.5.1.32|2.5.1.146,4.1.99|1.14.20|5.5.1|2.5.1,1723
1993.0,ME.1993,metacyc,PWY-6913,,methylbutenol biosynthesis,32401|32401|32402,4.2.3.10|3.1.7.1|3.1.7.1,4.2.3|3.1.7|3.1.7,425
1994.0,ME.1994,metacyc,PWY-6530,,perchlorate reduction,39849|39850,1.13.11.49|1.97.1,1.13.11|1.97.1,1694
1995.0,ME.1995,metacyc,PWY-7889,,tRNA-uridine 2-thiolation (mammalian mitochondria),42750|42749|42751,2.8.1.14,2.8.1,2188
1996.0,ME.1996,metacyc,PWY-7548,,methylthiolincosamide biosynthesis,46115|46112|46109|46110|46116|46111|46113|46114,2.7.7|2.2.1|2.2.1|5.3.1|2.7.1|3.1.3,2.7.7|2.2.1|2.2.1|5.3.1|2.7.1|3.1.3,2771
1997.0,ME.1997,metacyc,PWY0-1578,,hydrogen to trimethylamine N-oxide electron transfer,42153|42151|42152,1.12.5.1|1.12.5.1,1.12.5|1.12.5,2086
1998.0,ME.1998,metacyc,PWY-7104,,dTDP-L-megosamine biosynthesis,38806|38804|38803|38802|38801|38800|38805,1.1.1|2.1.1|4.2.1.159|4.2.1.159|2.7.7.24|4.2.1.46|2.6.1,1.1.1|2.1.1|4.2.1|4.2.1|2.7.7|4.2.1|2.6.1,1499
1999.0,ME.1999,metacyc,PWY-6120,,L-tyrosine biosynthesis III,39014|39014|39014|39016|39015|39014,1.3.1.78|1.3.1.12|1.3.1.43|2.6.1.79|5.4.99.5|1.3.1.79,1.3.1|1.3.1|1.3.1|2.6.1|5.4.99|1.3.1,1526
2000.0,ME.2000,metacyc,PWY-6587,,pyruvate fermentation to ethanol III,47532|47532|47532|47532|47532|47532|47532|47532|47532|47532|47532|47532|47532|47532|47532|47532|47532|47532|47531|47530|47529|47528|47528|47528|47528|47528|47528|47532|47532|47532|47528|47528|47528|47528|47528|47528|47528|47528|47528|47528|47528|47528|47528|47528|47528,1.1.1.17|1.1.1.245|1.1.1.284|1.1.1.80|1.1.1.192|1.1.1.1|1.1.1.202|1.1.1.14|1.1.1.306|1.1.1.2|1.1.1.11|1.1.1.21|1.1.1.307|1.1.1.73|1.1.1.244|1.1.1.77|1.1.1.6|1.1.1.71|1.1.1.1|1.2.1.10|1.2.7.1|1.1.1.103|1.1.1.78|1.1.1.184|1.1.1.306|1.1.1.2|1.1.1.14|1.1.1.103|1.1.1.78|1.1.1.184|1.1.1.202|1.1.1.17|1.1.1.245|1.1.1.284|1.1.1.192|1.1.1.1|1.1.1.80|1.1.1.11|1.1.1.21|1.1.1.307|1.1.1.73|1.1.1.244|1.1.1.77|1.1.1.6|1.1.1.71,1.1.1|1.1.1|1.1.1|1.1.1|1.1.1|1.1.1|1.1.1|1.1.1|1.1.1|1.1.1|1.1.1|1.1.1|1.1.1|1.1.1|1.1.1|1.1.1|1.1.1|1.1.1|1.1.1|1.2.1|1.2.7|1.1.1|1.1.1|1.1.1|1.1.1|1.1.1|1.1.1|1.1.1|1.1.1|1.1.1|1.1.1|1.1.1|1.1.1|1.1.1|1.1.1|1.1.1|1.1.1|1.1.1|1.1.1|1.1.1|1.1.1|1.1.1|1.1.1|1.1.1|1.1.1,3024
2001.0,ME.2001,metacyc,PWY-6950,,DIMBOA-glucoside biosynthesis,31707|31708,1.14.11.59|2.1.1.241,1.14.11|2.1.1,280
2002.0,ME.2002,metacyc,PWY-6270,,isoprene biosynthesis I,32131,4.2.3.27,4.2.3,363
2003.0,ME.2003,metacyc,PWY-4601,,arsenate reduction (respiratory),38669,1.20.99.1,1.20.99,1476
2004.0,ME.2004,metacyc,PWY-7375,,mRNA capping I,34503|34501|34502,2.1.1.56|2.7.7.50,2.1.1|2.7.7,772
2005.0,ME.2005,metacyc,PWY-5480,,pyruvate fermentation to ethanol I,36618|36622|36622|36622|36622|36622|36622|36622|36622|36622|36622|36622|36622|36622|36622|36622|36622|36622|36622|36622|36622|36622|36621|36620|36619|36618|36618|36618|36618|36618|36618|36618|36618|36618|36618|36618|36618|36618|36618|36618|36618|36618|36618|36618|36618,1.1.1.71|1.1.1.103|1.1.1.78|1.1.1.184|1.1.1.306|1.1.1.2|1.1.1.14|1.1.1.202|1.1.1.17|1.1.1.245|1.1.1.284|1.1.1.192|1.1.1.1|1.1.1.80|1.1.1.11|1.1.1.21|1.1.1.307|1.1.1.73|1.1.1.244|1.1.1.77|1.1.1.6|1.1.1.71|2.3.1.54|1.1.1.1|1.2.1.10|1.1.1.103|1.1.1.78|1.1.1.184|1.1.1.306|1.1.1.2|1.1.1.14|1.1.1.202|1.1.1.17|1.1.1.245|1.1.1.284|1.1.1.192|1.1.1.1|1.1.1.80|1.1.1.11|1.1.1.21|1.1.1.307|1.1.1.73|1.1.1.244|1.1.1.77|1.1.1.6,1.1.1|1.1.1|1.1.1|1.1.1|1.1.1|1.1.1|1.1.1|1.1.1|1.1.1|1.1.1|1.1.1|1.1.1|1.1.1|1.1.1|1.1.1|1.1.1|1.1.1|1.1.1|1.1.1|1.1.1|1.1.1|1.1.1|2.3.1|1.1.1|1.2.1|1.1.1|1.1.1|1.1.1|1.1.1|1.1.1|1.1.1|1.1.1|1.1.1|1.1.1|1.1.1|1.1.1|1.1.1|1.1.1|1.1.1|1.1.1|1.1.1|1.1.1|1.1.1|1.1.1|1.1.1,1109
2006.0,ME.2006,metacyc,PWY-6585,,2-methylketone biosynthesis,47842|47843|47844|47845|47846|47847,4.1.1.56|4.1.1.56|3.1.2|3.1.2|3.1.2|4.1.1.56,4.1.1|4.1.1|3.1.2|3.1.2|3.1.2|4.1.1,3091
2007.0,ME.2007,metacyc,PWY0-1573,,nitrate reduction VIIIb (dissimilatory),44787|44788,1.6.5.9|1.7.5.1,1.6.5|1.7.5,2543
2008.0,ME.2008,metacyc,PWY-7688,,dTDP-D-ravidosamine and dTDP-4-acetyl-D-ravidosamine biosynthesis,40893|40890|40891|40892|40894|40895,2.6.1.90|4.2.1.46|2.7.7.24|2.1.1.236|5.3.2.3|2.3.1,2.6.1|4.2.1|2.7.7|2.1.1|5.3.2|2.3.1,1875
2009.0,ME.2009,metacyc,PWY-6134,,L-tyrosine biosynthesis IV,46442,1.14.16.1,1.14.16,2823
2010.0,ME.2010,metacyc,PWY-5486,,pyruvate fermentation to ethanol II,37047|37050|37050|37050|37047|37050|37047|37047|37047|37047|37047|37050|37047|37047|37047|37047|37047|37047|37050|37047|37050|37047|37048|37049|37050|37050|37050|37050|37050|37050|37050|37050|37050|37050|37047|37050|37050|37050|37047|37047|37047|37047|37047|37050,1.1.1.6|1.1.1.1|1.1.1.192|1.1.1.73|1.1.1.77|1.1.1.244|1.1.1.244|1.1.1.73|1.1.1.307|1.1.1.21|1.1.1.11|1.1.1.14|1.1.1.80|1.1.1.1|1.1.1.192|1.1.1.2|1.1.1.306|1.1.1.184|1.1.1.306|1.1.1.78|1.1.1.184|1.1.1.103|1.1.1.1|4.1.1.1|1.1.1.80|1.1.1.71|1.1.1.6|1.1.1.21|1.1.1.78|1.1.1.103|1.1.1.284|1.1.1.77|1.1.1.11|1.1.1.202|1.1.1.71|1.1.1.245|1.1.1.17|1.1.1.2|1.1.1.284|1.1.1.245|1.1.1.17|1.1.1.202|1.1.1.14|1.1.1.307,1.1.1|1.1.1|1.1.1|1.1.1|1.1.1|1.1.1|1.1.1|1.1.1|1.1.1|1.1.1|1.1.1|1.1.1|1.1.1|1.1.1|1.1.1|1.1.1|1.1.1|1.1.1|1.1.1|1.1.1|1.1.1|1.1.1|1.1.1|4.1.1|1.1.1|1.1.1|1.1.1|1.1.1|1.1.1|1.1.1|1.1.1|1.1.1|1.1.1|1.1.1|1.1.1|1.1.1|1.1.1|1.1.1|1.1.1|1.1.1|1.1.1|1.1.1|1.1.1|1.1.1,1184
2011.0,ME.2011,metacyc,PWY-4161,,superpathway of benzoxazinoid glucosides biosynthesis,45093|45094,2.1.1,2.1.1,2607
2012.0,ME.2012,metacyc,DISSULFRED-PWY,,dissimilatory sulfate reduction I (to hydrogen sufide)),47114|47112|47115|47113,1.8.99.2|2.7.7.4,1.8.99|2.7.7,2955
2013.0,ME.2013,metacyc,PWY-7283,,wybutosine biosynthesis,49614|49615,2.3.1.231|2.1.1.290,2.3.1|2.1.1,3388
2015.0,ME.2015,metacyc,PWY-7955,,paerucumarin biosynthesis,49628|49629|49626|49627,1.14.20.9|4.1.99.24,1.14.20|4.1.99,3390
2016.0,ME.2016,metacyc,PWY0-1352,,nitrate reduction VIII (dissimilatory),46469|46472|46468|46467|46467|46467|46467|46467|46471|46470,1.7.5.1|1.7.5.1|1.7.5.1|7.2.1.1|1.6.5.2|1.6.5|1.6.5.9|7.1.1.2|1.6.5.9|1.6.5,1.7.5|1.7.5|1.7.5|7.2.1|1.6.5|1.6.5|1.6.5|7.1.1|1.6.5|1.6.5,2829
2017.0,ME.2017,metacyc,PWY-6973,,"dTDP-D-olivose, dTDP-D-oliose and dTDP-D-mycarose biosynthesis",32407|32403|32404|32405|32406|32408|32409|32410|32411,4.2.1.159|4.2.1.46|2.7.7.24|1.1.1.384|4.2.1.159|1.1.1|1.1.1|2.1.1|1.1.1,4.2.1|4.2.1|2.7.7|1.1.1|4.2.1|1.1.1|1.1.1|2.1.1|1.1.1,426
2018.0,ME.2018,metacyc,PWY-7997,,demethylmenaquinol-4 biosynthesis,32113,2.5.1.74,2.5.1,359
2019.0,ME.2019,metacyc,PWY-3461,,L-tyrosine biosynthesis II,32611|32609|32610,2.6.1.79|1.3.1.78|5.4.99.5,2.6.1|1.3.1|5.4.99,468
2020.0,ME.2020,metacyc,PWY-7534,,gliotoxin inactivation,32004|32005|32003,2.1.1|2.1.1|1.8.1,2.1.1|2.1.1|1.8.1,339
2021.0,ME.2021,metacyc,PWY0-1336,,NADH to fumarate electron transfer,38487|38486|38483|38483|38483|38484|38484|38485|38483|38483,1.6.5.9|1.6.5|1.6.5.9|7.1.1.2|7.2.1.1|1.3.5.1|1.3.5.4|1.3.5.4|1.6.5.2|1.6.5,1.6.5|1.6.5|1.6.5|7.1.1|7.2.1|1.3.5|1.3.5|1.3.5|1.6.5|1.6.5,1444
2023.0,ME.2023,metacyc,PWY0-1587,,N6-L-threonylcarbamoyladenosine37-modified tRNA biosynthesis,31568|31569,2.7.7.87|2.3.1.234,2.7.7|2.3.1,251
2024.0,ME.2024,metacyc,PWY-5041,,S-adenosyl-L-methionine cycle II,46403|46404|46406|46405,3.3.1.1|2.1.1.14|2.1.1|2.5.1.6,3.3.1|2.1.1|2.1.1|2.5.1,2814
2025.0,ME.2025,metacyc,PWY-6920,,6-gingerol analog biosynthesis (engineered),46900|46905|46901|46902|46903|46904,6.2.1.12|6.2.1.3|1.3.3.6|4.2.1.119|2.3.1,6.2.1|6.2.1|1.3.3|4.2.1|2.3.1,2909
2026.0,ME.2026,metacyc,PWY0-1585,,formate to nitrite electron transfer,42403|42402|42404,7.1.1.8|1.17.5.3|1.7.2.2,7.1.1|1.17.5|1.7.2,2126
2027.0,ME.2027,metacyc,PWY-7439,,dTDP-beta-L-evernitrose biosynthesis,32659|32660|32662|32661,1.14.13.187|1.14.13.187|2.1.1,1.14.13|1.14.13|2.1.1,479
2028.0,ME.2028,metacyc,PWY-6262,,demethylmenaquinol-8 biosynthesis II,35622,2.5.1,2.5.1,954
2030.0,ME.2030,metacyc,PWY-6151,,S-adenosyl-L-methionine cycle I,48497|48498|48499|48496,2.1.1.14|4.4.1.21|2.1.1|3.2.2.9,2.1.1|4.4.1|2.1.1|3.2.2,3195
2031.0,ME.2031,metacyc,PWY-6068,,indican biosynthesis,49476|49478|49477,2.4.1.220|1.13.11,2.4.1|1.13.11,3361
2032.0,ME.2032,metacyc,PWY-7934,,polybrominated dihydroxylated diphenyl ethers biosynthesis,41659|41660|41661|41664|41662|41658|41665|41663,1.14.19.55|1.14.19.55|4.1.3.40|1.14.13.2,1.14.19|1.14.19|4.1.3|1.14.13,2000
2033.0,ME.2033,metacyc,PWY-6748,,nitrate reduction VII (denitrification),50423|50427|50424|50425|50423|50426,1.7.2.5|1.7.2.4|1.7.2.1|1.7.5.1|1.7.5.2|1.7.5.2,1.7.2|1.7.2|1.7.2|1.7.5|1.7.5|1.7.5,3513
2034.0,ME.2034,metacyc,PWY-7923,,archaeosine biosynthesis II,43804|43805,2.4.2.48|2.6.1,2.4.2|2.6.1,2382
2036.0,ME.2036,metacyc,PWY-6665,,pterostilbene biosynthesis,47721|47720,2.1.1.240|2.1.1.240,2.1.1|2.1.1,3062
2037.0,ME.2037,metacyc,PWY-7910,,homofuraneol biosynthesis,32875|32874|32876,1.3.1.105,1.3.1,510
2038.0,ME.2038,metacyc,PWY0-1581,,nitrate reduction IX (dissimilatory),36842|36843|36841|36840,1.7.5.1|1.7.5.1|1.7.5.1|1.1.5.3,1.7.5|1.7.5|1.7.5|1.1.5,1146
2039.0,ME.2039,metacyc,DTDPRHAMSYN-PWY,,dTDP-L-rhamnose biosynthesis,47435|47437|47436,1.1.1.133|2.7.7.24|4.2.1.46,1.1.1|2.7.7|4.2.1,3011
2040.0,ME.2040,metacyc,PWY-7493,,paxilline and diprenylpaxilline biosynthesis,47841|47838|47839|47840,1.14.14|2.5.1|1.14.14|1.14.14,1.14.14|2.5.1|1.14.14|1.14.14,3090
2041.0,ME.2041,metacyc,PWY-7931,,brominated pyrroles biosynthesis,45595|45592|45593|45594|45596|45591|45597,1.3.8.14|3.1.2|4.1.1|6.2.1.53,1.3.8|3.1.2|4.1.1|6.2.1,2682
2042.0,ME.2042,metacyc,PWY-5674,,nitrate reduction IV (dissimilatory),44332,1.9.6.1,1.9.6,2470
2043.0,ME.2043,metacyc,P21-PWY,,pentose phosphate pathway (partial),41476|41477,2.2.1.1|2.2.1.1,2.2.1|2.2.1,1963
2044.0,ME.2044,metacyc,PWY-7891,,tRNA-uridine 2-thiolation (yeast mitochondria),43709|43708|43710,2.8.1,2.8.1,2365
2045.0,ME.2045,metacyc,PWY-6808,,dTDP-D-forosamine biosynthesis,42301|42298|42299|42300|42302|42303|42304|42305|42306,4.2.1.159|4.2.1.46|2.7.7.24|1.1.1.384|4.2.1.159|2.1.1.324|2.1.1.324|2.6.1.110|4.2.1.164,4.2.1|4.2.1|2.7.7|1.1.1|4.2.1|2.1.1|2.1.1|2.6.1|4.2.1,2105
2046.0,ME.2046,metacyc,PWY-7935,,spongiadioxin C biosynthesis,43032|43031|43029|43033|43035|43034|43030,4.1.3.40|1.14.19.55|1.14.13.2|1.14.19.55,4.1.3|1.14.19|1.14.13|1.14.19,2250
2047.0,ME.2047,metacyc,NONOXIPENT-PWY,,pentose phosphate pathway (non-oxidative branch),41537|41538|41539|41540,5.3.1.6|2.2.1.1|2.2.1.2|2.2.1.1,5.3.1|2.2.1|2.2.1|2.2.1,1977
2048.0,ME.2048,metacyc,PWY-7379,,mRNA capping II,30890|30891,2.1.1.57|2.1.1.296,2.1.1|2.1.1,133
2050.0,ME.2050,metacyc,PWY-7796,,pentose phosphate pathway (oxidative branch) II,38349|38348,5.3.1.27|4.1.2.43,5.3.1|4.1.2,1415
2051.0,ME.2051,metacyc,PWY-5942,,trans-lycopene biosynthesis I,31069|31069|31068|31069|31069,1.3.99.28|1.3.99.26|2.5.1.32|1.3.99.30|1.3.99.31,1.3.99|1.3.99|2.5.1|1.3.99|1.3.99,174
2052.0,ME.2052,metacyc,PWY-7861,,N-hydroxy-L-pipecolate biosynthesis,42314|42312|42313,1.5.1.1|2.6.1,1.5.1|2.6.1,2108
2053.0,ME.2053,metacyc,PWY-7932,,polybrominated biphenyls and diphenyl ethers biosynthesis,40348|40349|40352|40345|40344|40351|40346|40350|40347,,,1777
2054.0,ME.2054,metacyc,PWY-7945,,"2,2-bis-(4-hydroxy-3-methybut-2-enyl)-beta,beta-carotene monoglucoside biosynthesis",48776|48777|48772|48778|48773|48774|48775,1.3.99.37|1.3.99.37|2.5.1.150|2.5.1.150,1.3.99|1.3.99|2.5.1|2.5.1,3245
2055.0,ME.2055,metacyc,OXIDATIVEPENT-PWY,,pentose phosphate pathway (oxidative branch) I,37935|37937|37936,3.1.1.31|1.1.1.363|1.1.1.44,3.1.1|1.1.1|1.1.1,1325
2056.0,ME.2056,metacyc,PWY-7285,,methylwyosine biosynthesis,42850|42851|42852,2.1.1.228|2.1.1|2.1.1,2.1.1|2.1.1|2.1.1,2209
2057.0,ME.2057,metacyc,PWY-7463,,N-methylanthraniloyl-beta-D-glucopyranose biosynthesis,35975|35976,2.1.1.111|2.4.1,2.1.1|2.4.1,1006
2058.0,ME.2058,metacyc,PWY-7946,,sarcinaxanthin diglucoside biosynthesis,32542|32546|32544|32543|32545,2.5.1.149|2.5.1.149,2.5.1|2.5.1,452
2059.0,ME.2059,metacyc,PWY-6523,,nitrite-dependent anaerobic methane oxidation,35901|35902|35903,1.14.13.25|1.7.2.1,1.14.13|1.7.2,996
2060.0,ME.2060,metacyc,PWY-6475,,trans-lycopene biosynthesis II (oxygenic phototrophs and green sulfur bacteria),38785|38789|38790|38786|38787|38788|38785,2.5.1.32|2.5.1.32|1.3.5.5|1.3.5.5|2.5.1.148,2.5.1|2.5.1|1.3.5|1.3.5|2.5.1,1495
2061.0,ME.2061,metacyc,PWY-6703,,preQ0 biosynthesis,43592|43591|43590|43593,4.3.99.3|4.1.2.50|6.3.4.20|3.5.4.16,4.3.99|4.1.2|6.3.4|3.5.4,2341
2062.0,ME.2062,metacyc,PWY-7929,,polybrominated phenols biosynthesis,34198|34195|34196|34197,1.14.19.55|1.14.19.55|1.14.19.55|4.1.3.40,1.14.19|1.14.19|1.14.19|4.1.3,717
2063.0,ME.2063,metacyc,PWY18HP-2,,decaprenoxanthin diglucoside biosynthesis,38532|38529|38533|38530|38531,2.5.1.149|2.5.1.149,2.5.1|2.5.1,1454
2064.0,ME.2064,metacyc,PWY-6711,,archaeosine biosynthesis I,31883|31884,2.4.2.48|2.6.1.97,2.4.2|2.6.1,311
2065.0,ME.2065,metacyc,PWY-5957,,L-nicotianamine biosynthesis,34152,2.5.1.43,2.5.1,711
2066.0,ME.2066,metacyc,PWY-6677,,thiosulfate oxidation IV (multienzyme complex),47983|47982|47984,2.8.5.2|3.1.6.20,2.8.5|3.1.6,3116
2067.0,ME.2067,metacyc,PWY-7944,,bacterioruberin biosynthesis,48445|48449|48448|48447|48446|48450,4.2.1.161|2.5.1.150|1.3.99.37|1.3.99.37|4.2.1.161|2.5.1.150,4.2.1|2.5.1|1.3.99|1.3.99|4.2.1|2.5.1,3185
2068.0,ME.2068,metacyc,PWY-6684,,aromatic glucosinolate activation,36052|36049|36050|36051,3.2.1.147,3.2.1,1020
2069.0,ME.2069,metacyc,PWY-8019,,2-hydroxyparaconate and itatartarate biosynthesis,50321|50320,1.14.14,1.14.14,3495
2070.0,ME.2070,metacyc,PWY0-1479,,tRNA processing,42002|42001,2.7.7.56|2.7.7.56,2.7.7|2.7.7,2063
2071.0,ME.2071,metacyc,PWY-7708,,lyngbyatoxin biosynthesis,48501|48502|48500|48503|48504,1.14.19|2.3.1|2.5.1|1.14.13|1.14.13,1.14.19|2.3.1|2.5.1|1.14.13|1.14.13,3196
2072.0,ME.2072,metacyc,PWY-5296,,thiosulfate oxidation III (multienzyme complex),47200|47201|47197|47198|47199,2.8.5.2|1.8.2.6|3.1.6.20|3.1.6.20|2.8.5.2,2.8.5|1.8.2|3.1.6|3.1.6|2.8.5,2970
2073.0,ME.2073,metacyc,PWY-5516,,D-xylose degradation II,35164|35165,1.1.1.307|1.1.1.307,1.1.1|1.1.1,888
2074.0,ME.2074,metacyc,PWY-7851,,coenzyme A biosynthesis II (eukaryotic),37776|37774|37773|37775,6.3.2.51|2.7.7.3|4.1.1.36|2.7.1.24,6.3.2|2.7.7|4.1.1|2.7.1,1310
2075.0,ME.2075,metacyc,PWY-7930,,pyoluteorin biosynthesis,47220|47221|47219|47218|47217|47216,3.1.2|1.3.8.14|6.2.1.53,3.1.2|1.3.8|6.2.1,2973
2076.0,ME.2076,metacyc,PWYQT-4476,,indole glucosinolate activation (herbivore attack),35509|35512|35518|35514|35516|35521|35511|35519|35517|35513|35510|35515|35520,3.5.5.1|3.2.1.147|1.1,3.5.5|3.2.1|1.1,926
2077.0,ME.2077,metacyc,PWY-6661,,4-hydroxy-2(1H)-quinolone biosynthesis,34595|34593|34594|34596|34597,6.2.1.32|4.1.3.27,6.2.1|4.1.3,787
2078.0,ME.2078,metacyc,PWY-7635,,kievitone detoxification,38791,4.2.1.95,4.2.1,1496
2079.0,ME.2079,metacyc,COA-PWY-1,,superpathway of coenzyme A biosynthesis III (mammals),49440,2.7.1.33,2.7.1,3356
2080.0,ME.2080,metacyc,PWY-7892,,tRNA-uridine 2-thiolation and selenation (bacteria),31506|31508|31504|31505|31507,2.8.1.13|2.1.1.61,2.8.1|2.1.1,244
2081.0,ME.2081,metacyc,PWY-5954,,"(1S,5S)-averufin biosynthesis",37786|37793|37792|37787|37788|37789|37790|37791,1.13.12.20|1.14.14.116|1.14.14.116|1.1.1.349|1.1.1.352|1.1.1.352|4.2.1.142|2.3.1.221,1.13.12|1.14.14|1.14.14|1.1.1|1.1.1|1.1.1|4.2.1|2.3.1,1312
2082.0,ME.2082,metacyc,PWY-7097,,vanillin and vanillate degradation I,32112|32111,2.1.1.341|1.2.1.67,2.1.1|1.2.1,358
2083.0,ME.2083,metacyc,XYLCAT-PWY,,D-xylose degradation I,47054|47056|47055|47055|47055|47055,2.7.1.17|5.3.1.5|5.3.1.3|5.3.1.4|5.3.1.26|5.3.1.5,2.7.1|5.3.1|5.3.1|5.3.1|5.3.1|5.3.1,2942
2084.0,ME.2084,metacyc,PWY-7896,,isoniazid activation,50225|50224|50224,1.11.1.21|1.11.2.2,1.11.1|1.11.2,3482
2085.0,ME.2085,metacyc,PWYQT-4477,,indole glucosinolate activation (intact plant cell),50366|50363|50358|50367|50365|50356|50357|50360|50361|50359|50362|50364,2.5.1.18|3.2.1.147|3.4.19.13|2.1.1|3.2.1.147|2.5.1,2.5.1|3.2.1|3.4.19|2.1.1|3.2.1|2.5.1,3504
2086.0,ME.2086,metacyc,PWY-7960,,rhabduscin biosynthesis,49975|49974|49976,4.1.99.24|1.14.20.10|2.4.1,4.1.99|1.14.20|2.4.1,3448
2087.0,ME.2087,metacyc,PWY-6620,,guanine and guanosine salvage,39206|39205|39205,2.4.2.8|2.4.2.15|2.4.2.1,2.4.2|2.4.2|2.4.2,1568
2088.0,ME.2088,metacyc,PWY-6012-1,,acyl carrier protein activation,46593,2.7.8.7,2.7.8,2848
2089.0,ME.2089,metacyc,COA-PWY,,coenzyme A biosynthesis I (prokaryotic),38822|38823|38824|38825,4.1.1.36|2.7.7.3|2.7.1.24|6.3.2.5,4.1.1|2.7.7|2.7.1|6.3.2,1502
2090.0,ME.2090,metacyc,PWY-4441,,DIMBOA-glucoside activation,49798,3.2.1.182,3.2.1,3412
2091.0,ME.2091,metacyc,PWY-7556,,(-)-microperfuranone biosynthesis,44850,6.3.2,6.3.2,2555
2092.0,ME.2092,metacyc,PWY-7321,,ecdysteroid metabolism (arthropods),33834|33832|33833|33831,1.1.1|3.1.3|1.14.14|1.1.3.16,1.1.1|3.1.3|1.14.14|1.1.3,663
2093.0,ME.2093,metacyc,PWY-7098,,vanillin and vanillate degradation II,32332|32331,1.14.13.82|1.2.1.67,1.14.13|1.2.1,404
2094.0,ME.2094,metacyc,PWY-6760,,D-xylose degradation III,33783|33785|33786|33784|33782,4.2.1.141|3.1.1.110|1.1.1.359|4.2.1.82|1.2.1.26,4.2.1|3.1.1|1.1.1|4.2.1|1.2.1,648
2095.0,ME.2095,metacyc,PWY-5143,,long-chain fatty acid activation,47584,6.2.1.3,6.2.1,3035
2096.0,ME.2096,metacyc,PWY-5267,,glucosinolate activation,35424|35422|35423|35419|35420|35421,3.2.1.147|3.2.1.147|3.2.1.147,3.2.1|3.2.1|3.2.1,913
2097.0,ME.2097,metacyc,PWY-7040,,violacein biosynthesis,40537|40533|40534|40535|40541|40536|40539|40538|40540,1.14.13.224|1.14.13.224|1.4.3.23|1.21.98.2,1.14.13|1.14.13|1.4.3|1.21.98,1802
2098.0,ME.2098,metacyc,PWY-1822,,indole-3-acetate activation I,45795|45794,,,2716
2099.0,ME.2099,metacyc,PWY-7895,,ethionamide activation,32748|32747|32746|32745|32744,1.14.13|1.14.13|1.14.13,1.14.13|1.14.13|1.14.13,491
2100.0,ME.2100,metacyc,PWY-5669,,phosphatidylserine and phosphatidylethanolamine biosynthesis I,41394|41393,2.7.8.8|4.1.1.65,2.7.8|4.1.1,1957
2101.0,ME.2101,metacyc,PWY-6644,,fluoroacetate and fluorothreonine biosynthesis,39257|39256|39253|39252|39255|39254,5.3.1|2.4.2.1|2.5.1.63|1.2.1.69|4.1.2.13|2.2.1.8,5.3.1|2.4.2|2.5.1|1.2.1|4.1.2|2.2.1,1584
2102.0,ME.2102,metacyc,PWY-5340,,sulfate activation for sulfonation,31248|31247,2.7.7.4|2.7.1.25,2.7.7|2.7.1,205
2103.0,ME.2103,metacyc,PWY-7294,,D-xylose degradation IV,35572|35571|35577|35575|35576|35574|35573,4.1.2.28|1.1.1.26|1.2.99|3.1.1.110|1.1.1.359|4.2.1.82|2.3.3.9,4.1.2|1.1.1|1.2.99|3.1.1|1.1.1|4.2.1|2.3.3,941
2104.0,ME.2104,metacyc,PWY-7867,,coenzyme B/coenzyme M regeneration IV (H2-dependent),37381,1.8.98.5,1.8.98,1232
2105.0,ME.2105,metacyc,PWY-1921,,indole-3-acetate activation II,49849|49852|49850|49851|49853,3.1.1|3.1.1|3.1.1|3.1.1|3.2.1,3.1.1|3.1.1|3.1.1|3.1.1|3.2.1,3427
2106.0,ME.2106,metacyc,PWY-7501,,phosphatidylserine biosynthesis I,50431,2.7.8.29,2.7.8,3515
2107.0,ME.2107,metacyc,PWY-7957,,hapalindole H biosynthesis,35446|35445|35447|35448,1.14.20.11|5.5.1.31|2.5.1.146|4.1.99.25,1.14.20|5.5.1|2.5.1|4.1.99,918
2108.0,ME.2108,metacyc,PWY-6599,,guanine and guanosine salvage II,50312|50313,2.4.2.8|3.2.2.1,2.4.2|3.2.2,3492
2109.0,ME.2109,metacyc,BSUBPOLYAMSYN-PWY,,spermidine biosynthesis I,40292|40291,2.5.1.16|4.1.1.50,2.5.1|4.1.1,1765
2110.0,ME.2110,metacyc,PWY-5207,,coenzyme B/coenzyme M regeneration I (methanophenazine-dependent),45212|45211|45210|45213,1.12.98.3|1.5.98.3|1.12.98.1|1.8.98.1,1.12.98|1.5.98|1.12.98|1.8.98,2625
2111.0,ME.2111,metacyc,PWY-7886,,cell-surface glycoconjugate-linked phosphocholine biosynthesis,49244|49242|49243,2.7.1.32|2.7.7.15,2.7.1|2.7.7,3322
2112.0,ME.2112,metacyc,PWY-7506,,phosphatidylserine biosynthesis II,42275,2.7.8.29,2.7.8,2099
2113.0,ME.2113,metacyc,PWY-7536,,2-amino-3-hydroxycyclopent-2-enone biosynthesis,45558|45560|45559|45557,6.2.1|2.3.1.37,6.2.1|2.3.1,2675
2114.0,ME.2114,metacyc,PWY-8060,,2-deoxy-D-ribose degradation I,36666|36667|36668,1.2.1.10|4.1.2.4|2.7.1.229,1.2.1|4.1.2|2.7.1,1116
2115.0,ME.2115,metacyc,PWY-6559,,spermidine biosynthesis II,48794|48795|48792|48793,4.1.1.96|1.5.1.43|1.2.1.11|2.7.2.4,4.1.1|1.5.1|1.2.1|2.7.2,3248
2116.0,ME.2116,metacyc,PWY-7868,,coenzyme B/coenzyme M regeneration V (formate-dependent),40845,1.8.98.6,1.8.98,1864
2117.0,ME.2117,metacyc,PWY-6926,,pyrethrin I biosynthesis,47586|47585|47587|47588,6.2.1|2.5.1.67,6.2.1|2.5.1,3036
2118.0,ME.2118,metacyc,PWY-6618,,guanine and guanosine salvage III,33804,2.7.1.73,2.7.1,654
2119.0,ME.2119,metacyc,PWY-8058,,2-deoxy-D-ribose degradation II,44827|44822|44822|44823|44824|44826|44828|44829|44825,2.3.1.9|2.3.1.16|2.7.1.165|6.2.1.16|3.1.1|2.3.1|3.1.2,2.3.1|2.3.1|2.7.1|6.2.1|3.1.1|2.3.1|3.1.2,2546
2120.0,ME.2120,metacyc,PWY-6834,,spermidine biosynthesis III,41900|41899|41898|41901,2.5.1.104|4.1.1.50|4.1.1.19|3.5.3.24,2.5.1|4.1.1|4.1.1|3.5.3,2047
2121.0,ME.2121,metacyc,PWY-7865,,coenzyme B/coenzyme M regeneration II (ferredoxin-dependent),31124,1.8.7.3,1.8.7,182
2122.0,ME.2122,metacyc,PWY-6069,,indigo biosynthesis,50097|50099|50098,1.13.11,1.13.11,3462
2123.0,ME.2123,metacyc,PWY0-1602,,D-gulosides conversion to D-glucosides,40876|40875,1.1.1|1.1.1,1.1.1|1.1.1,1872
2124.0,ME.2124,metacyc,PWY-7866,,coenzyme B/coenzyme M regeneration III (coenzyme F420-dependent),35974,1.8.98.4,1.8.98,1005
2125.0,ME.2125,metacyc,PWY-1187,,glucosinolate biosynthesis from homomethionine,41766|41767|41763|41769|41762|41770|41768|41764|41757|41758|41759|41760|41761|41765,1.14.14.42|1.14.13.237|1.14.14.43|2.4.1.195|3.4.19.16|2.8.2.38|4.4.1.13|3.4.13.23,1.14.14|1.14.13|1.14.14|2.4.1|3.4.19|2.8.2|4.4.1|3.4.13,2018
2126.0,ME.2126,metacyc,PWY-7936,,psilocybin biosynthesis,40273|40277|40276|40275|40275|40274|40272,2.1.1.345|1.14.99.59|4.1.1.105|4.1.1.28|4.1.1.105|2.7.1.222|2.1.1.345,2.1.1|1.14.99|4.1.1|4.1.1|4.1.1|2.7.1|2.1.1,1762
2127.0,ME.2127,metacyc,PWY-6890,,4-amino-2-methyl-5-diphosphomethylpyrimidine biosynthesis,45470|45471,2.7.4.7|4.1.99.17,2.7.4|4.1.99,2657
2128.0,ME.2128,metacyc,P302-PWY,,L-sorbose degradation,33794|33793,1.1.1.140|1.1.1,1.1.1|1.1.1,651
2129.0,ME.2129,metacyc,PWY-7377,,"cob(II)yrinate a,c-diamide biosynthesis I (early cobalt insertion)",45634|45642|45637|45636|45638|45643|45635|45639|45630|45631|45632|45641|45644|45633|45640,2.1.1.195|5.4.99.60|6.3.5.11|3.7.1.12|2.1.1.107|2.1.1.131|2.1.1.196|2.1.1.271|2.1.1.107|1.3.1.76|2.1.1.151|1.3.1.106|4.99.1.3|2.1.1.289,2.1.1|5.4.99|6.3.5|3.7.1|2.1.1|2.1.1|2.1.1|2.1.1|2.1.1|1.3.1|2.1.1|1.3.1|4.99.1|2.1.1,2690
2130.0,ME.2130,metacyc,PWY-7531,,mannojirimycin biosynthesis,48388|48390|48389|48387,3.1.3|1.1.1|2.6.1,3.1.3|1.1.1|2.6.1,3173
2131.0,ME.2131,metacyc,PWY0-1301,,melibiose degradation,31648|31647|31647,3.2.1.22|3.2.1.22|3.2.1.28,3.2.1|3.2.1|3.2.1,261
2132.0,ME.2132,metacyc,PWY-7977,,L-methionine biosynthesis IV (archaea),38334|38333|38334|38335|38336|38332,2.1.1.14|2.7.2.4|2.1.1.13|2.1.1.13|2.8.1.16|1.2.1.11,2.1.1|2.7.2|2.1.1|2.1.1|2.8.1|1.2.1,1412
2133.0,ME.2133,metacyc,PWY-7376,,"cob(II)yrinate a,c-diamide biosynthesis II (late cobalt incorporation)",42708|42709|42715|42710|42706|42705|42704|42711|42712|42713|42703|42714|42707,1.14.13.83|2.1.1.152|2.1.1.133|6.3.5.9|5.4.99.61|2.1.1.131|2.1.1.130|6.6.1.2|2.1.1.107|2.1.1.132|1.3.1.54|2.1.1.132|2.1.1.107,1.14.13|2.1.1|2.1.1|6.3.5|5.4.99|2.1.1|2.1.1|6.6.1|2.1.1|2.1.1|1.3.1|2.1.1|2.1.1,2178
2134.0,ME.2134,metacyc,PWYQT-4473,,glucosinolate biosynthesis from tetrahomomethionine,44301|44300|44298|44299|44302|44303|44304|44305|44306|44297,3.4.13.23|3.4.19.16|1.14.14.42|4.4.1.13|2.4.1.195|2.8.2.38|1.14.13.237,3.4.13|3.4.19|1.14.14|4.4.1|2.4.1|2.8.2|1.14.13,2465
2135.0,ME.2135,metacyc,PWY-6831,,pyrrolnitrin biosynthesis,38859|38857|38856|38858,1.14.19|1.14.19|1.14.19.9|1.14.13,1.14.19|1.14.19|1.14.19|1.14.13,1510
2136.0,ME.2136,metacyc,PWY-7282,,4-amino-2-methyl-5-phosphomethylpyrimidine biosynthesis,37175|37176|37177|37179|37180|37178|37172|37173|37174,2.7.1.35|1.1.1.65|2.7.1.35|4.2.1|2.4.2.14|2.7.4.7|1.4.3.5,2.7.1|1.1.1|2.7.1|4.2.1|2.4.2|2.7.4|1.4.3,1209
2137.0,ME.2137,metacyc,MALTOSECAT-PWY,,maltose degradation,44160|44159,2.4.1.8|5.4.2.6,2.4.1|5.4.2,2442
2138.0,ME.2138,metacyc,PWY-6756,,S-methyl-5-thioadenosine degradation II,30754,2.4.2.28,2.4.2,104
2139.0,ME.2139,metacyc,PWY-5975,,furaneol and mesifurane biosynthesis,45519|45523|45518|45524|45522|45521|45520|45517,2.3.1|2.1.1|1.3.1.105,2.3.1|2.1.1|1.3.1,2668
2140.0,ME.2140,metacyc,PWY-7459,,kojibiose degradation,42360|42359,2.4.1.230|5.4.2.6,2.4.1|5.4.2,2115
2141.0,ME.2141,metacyc,PWY-46,,putrescine biosynthesis III,49420|49421,3.5.3.1|4.1.1.17,3.5.3|4.1.1,3347
2142.0,ME.2142,metacyc,PWY-6190,,"2,4-dichlorotoluene degradation",45265|45266|45258|45259|45261|45260|45262|45263|45264,5.5.1.7|3.1.1.45|1.13.11|4.5.1|5.5.1.7|3.1.1|1.14.12.26|1.3.1.119,5.5.1|3.1.1|1.13.11|4.5.1|5.5.1|3.1.1|1.14.12|1.3.1,2629
2143.0,ME.2143,metacyc,PWY-7415,,tylosin biosynthesis,39149|39146|39147|39148|39150|39151|39153|39154|39152,2.4.1.317|2.1.1.101|1.14.15.34|2.4.1.316|2.1.1.102|2.4.1.318|1.14.15|1.14.15,2.4.1|2.1.1|1.14.15|2.4.1|2.1.1|2.4.1|1.14.15|1.14.15,1554
2144.0,ME.2144,metacyc,PWYQT-4450,,"aliphatic glucosinolate biosynthesis, side chain elongation cycle",50277|50281|50267|50278|50270|50291|50284|50288|50286|50280|50273|50264|50282|50287|50266|50279|50268|50285|50292|50293|50269|50289|50275|50272|50265|50290|50271|50274|50276|50283,2.3.3.17|2.6.1|4.2.1.170|2.3.3.17|2.3.3.17|2.6.1|2.6.1|2.3.3.17|2.6.1|2.3.3.17|2.6.1,2.3.3|2.6.1|4.2.1|2.3.3|2.3.3|2.6.1|2.6.1|2.3.3|2.6.1|2.3.3|2.6.1,3489
2146.0,ME.2146,metacyc,FUCCAT-PWY,,fucose degradation,49065|49063|49064,2.7.1.51|5.3.1.25|4.1.2.17,2.7.1|5.3.1|4.1.2,3284
2147.0,ME.2147,metacyc,PWY-6191,,"2,5-dichlorotoluene degradation",39707|39706|39704|39710|39705|39709|39708,1.3.1.119|3.1.1.45|1.14.12.26|5.5.1.7|5.5.1.7,1.3.1|3.1.1|1.14.12|5.5.1|5.5.1,1664
2148.0,ME.2148,metacyc,PWY0-1391,,S-methyl-5-thioadenosine degradation IV,31890|31890,3.2.2.9|3.2.2.16,3.2.2|3.2.2,314
2149.0,ME.2149,metacyc,PWY-6192,,"3,4-dichlorotoluene degradation",31267|31266|31265|31268|31269|31270,1.3.1.119|1.14.12.26|3.1.1.45|5.5.1.7,1.3.1|1.14.12|3.1.1|5.5.1,210
2150.0,ME.2150,metacyc,PWY-7906,,rhizobitoxine biosynthesis,47908|47907,1.14.19.61,1.14.19,3106
2151.0,ME.2151,metacyc,PWY-7130,,L-glucose degradation,33760|33756|33756|33757|33757|33758|33759|33761|33762,1.1.1|4.1.2.21|4.1.2.55|2.7.1.178|2.7.1.58|1.1.1|3.1.1.17|1.1.1|4.2.1,1.1.1|4.1.2|4.1.2|2.7.1|2.7.1|1.1.1|3.1.1|1.1.1|4.2.1,643
2152.0,ME.2152,metacyc,HOMOSER-METSYN-PWY,,L-methionine biosynthesis I,34202|34202|34202|34204|34202|34203|34206|34205|34199|34200|34205|34201|34202,4.4.1.25|4.4.1.13|4.4.1.28|4.4.1.13|4.4.1.35|3.5.99.10|2.1.1.13|2.1.1.14|2.1.1.14|2.3.1.46|2.1.1.13|2.5.1.48|4.3.1.17,4.4.1|4.4.1|4.4.1|4.4.1|4.4.1|3.5.99|2.1.1|2.1.1|2.1.1|2.3.1|2.1.1|2.5.1|4.3.1,718
2153.0,ME.2153,metacyc,PWY-2762,,glyceollin biosynthesis,46150|46154|46153|46151|46152,2.5.1.36|1.14.14.135|1.14.14.135|2.5.1.36|1.14.14.135,2.5.1|1.14.14|1.14.14|2.5.1|1.14.14,2776
2154.0,ME.2154,metacyc,PWY-40,,putrescine biosynthesis I,41092|41091,4.1.1.19|3.5.3.11,4.1.1|3.5.3,1911
2155.0,ME.2155,metacyc,PWY-7109,,megalomicin A biosynthesis,47098|47097,2.4.1|1.14.13.154,2.4.1|1.14.13,2951
2156.0,ME.2156,metacyc,PWY-2821,,glucosinolate biosynthesis from phenylalanine,49127|49126|49129|49136|49135|49132|49130|49134|49131|49133|49128,1.14.14.45|1.14.14.40|2.8.2.24|3.4.13.23|2.4.1.195|4.4.1.13|3.4.19.16,1.14.14|1.14.14|2.8.2|3.4.13|2.4.1|4.4.1|3.4.19,3300
2157.0,ME.2157,metacyc,PWY-7490,,patulin biosynthesis,49184|49178|49186|49179|49180|49183|49187|49182|49185|49181,1.1.1|4.1.1.52|2.3.1.165|1.14.14|1.1.1|1.14.14,1.1.1|4.1.1|2.3.1|1.14.14|1.1.1|1.14.14,3310
2158.0,ME.2158,metacyc,RIBOKIN-PWY,,ribose phosphorylation,33221|33220,2.7.1.15|5.4.99.62,2.7.1|5.4.99,558
2159.0,ME.2159,metacyc,PWY-6753,,S-methyl-5-thioadenosine degradation III,36791|36792,3.5.4.31|2.4.2.44,3.5.4|2.4.2,1137
2160.0,ME.2160,metacyc,PWY-43,,putrescine biosynthesis II,45915|45917|45916,3.5.1.53|4.1.1.19|3.5.3.12,3.5.1|4.1.1|3.5.3,2740
2161.0,ME.2161,metacyc,PWY-5959,,aflatoxins B1 and G1 biosynthesis,30570|30571|30569,1.14.14.117|2.1.1.110,1.14.14|2.1.1,68
2162.0,ME.2162,metacyc,PWY-6778,,laminaribiose degradation,34137,2.4.1.31,2.4.1,709
2163.0,ME.2163,metacyc,PWY-2463,,(-)-medicarpin biosynthesis,47979|47981|47978|47980,1.3.1.45|1.14.14.89|1.1.1.348|4.2.1.139,1.3.1|1.14.14|1.1.1|4.2.1,3115
2164.0,ME.2164,metacyc,PWYQT-4474,,glucosinolate biosynthesis from pentahomomethionine,36228|36223|36222|36224|36226|36225|36227|36230|36221|36229,4.4.1.13|3.4.19.16|3.4.13.23|1.14.14.42|1.14.13.237|2.8.2.38|2.4.1.195,4.4.1|3.4.19|3.4.13|1.14.14|1.14.13|2.8.2|2.4.1,1058
2165.0,ME.2165,metacyc,PWY0-44,,D-allose degradation,36353|36354,2.7.1.55|5.3.1,2.7.1|5.3.1,1081
2166.0,ME.2166,metacyc,PWY-6754,,S-methyl-5-thioadenosine degradation I,32393|32393|32394,3.2.2.9|3.2.2.16|2.7.1.100,3.2.2|3.2.2|2.7.1,423
2167.0,ME.2167,metacyc,PWY-3861,,mannitol degradation II,30579|30580|30578,2.7.1.7|5.3.1.8|1.1.1.255,2.7.1|5.3.1|1.1.1,72
2168.0,ME.2168,metacyc,HSERMETANA-PWY,,L-methionine biosynthesis III,49747|49746|49747|49748,2.1.1.13|2.1.1.14|2.1.1.14|2.1.1.13,2.1.1|2.1.1|2.1.1|2.1.1,3405
2169.0,ME.2169,metacyc,PWY-2321,,formononetin biosynthesis,43376|43372|43377|43373|43374|43375,4.2.1.105|2.1.1.46|2.1.1.212|4.2.1.105|4.2.1.105|2.1.1.212,4.2.1|2.1.1|2.1.1|4.2.1|4.2.1|2.1.1,2308
2170.0,ME.2170,metacyc,PWY-7677,,rosamicin biosynthesis,33872|33871|33868|33869|33870,1.14.13|1.14.13|2.4.1|1.14.13,1.14.13|1.14.13|2.4.1|1.14.13,671
2171.0,ME.2171,metacyc,PWYQT-4471,,glucosinolate biosynthesis from dihomomethionine,33884|33891|33890|33898|33899|33893|33888|33894|33895|33896|33886|33897|33885|33892|33889|33887|33883,2.8.2.38|3.4.13.23|1.14.14.42|4.4.1.13|2.4.1.195|3.4.19.16|1.14.13.237,2.8.2|3.4.13|1.14.14|4.4.1|2.4.1|3.4.19|1.14.13,674
2172.0,ME.2172,metacyc,PWY-7357,,thiamine formation from pyrithiamine and oxythiamine (yeast),48742|48746|48745|48744|48743|48741,2.7.1.50|3.5.99|3.5.99|2.5.1.3|2.7.4.7|2.7.1.49,2.7.1|3.5.99|3.5.99|2.5.1|2.7.4|2.7.1,3236
2173.0,ME.2173,metacyc,PWY0-1309,,chitobiose degradation,30554|30555,,,60
2174.0,ME.2174,metacyc,PWY-5535,,acetate and ATP formation from acetyl-CoA II,30575,6.2.1.13,6.2.1,70
2175.0,ME.2175,metacyc,MANNCAT-PWY,,D-mannose degradation,36773,5.3.1.8,5.3.1,1131
2176.0,ME.2176,metacyc,PWY-702,,L-methionine biosynthesis II (plants),50101|50103|50102|50102|50102|50102|50105|50100|50104|50102,2.7.1.39|3.5.99.10|4.4.1.25|4.4.1.13|4.4.1.35|4.4.1.28|2.5.1.48|2.1.1.14|4.4.1.13|4.3.1.17,2.7.1|3.5.99|4.4.1|4.4.1|4.4.1|4.4.1|2.5.1|2.1.1|4.4.1|4.3.1,3463
2177.0,ME.2177,metacyc,PWY-4502,,wighteone and luteone biosynthesis,31241|31246|31245|31244|31243|31242,2.5.1|2.5.1|2.5.1|2.5.1|2.5.1|1.14.14.90,2.5.1|2.5.1|2.5.1|2.5.1|2.5.1|1.14.14,204
2178.0,ME.2178,metacyc,P163-PWY,,L-lysine fermentation to acetate and butanoate,41786|41782|41778|41779|41780|41781|41782|41781|41777|41783|41784|41785,1.3.8.1|2.7.2.15|5.4.3.3|1.4.1.11|2.3.1.8|2.3.1.9|2.7.2.1|2.3.1.16|5.4.3.2|2.8.3.9|4.3.1.14|2.3.1.247,1.3.8|2.7.2|5.4.3|1.4.1|2.3.1|2.3.1|2.7.2|2.3.1|5.4.3|2.8.3|4.3.1|2.3.1,2021
2179.0,ME.2179,metacyc,PWY-7421,,"narbomycin, pikromycin and novapikromycin biosynthesis",33372|33370|33373|33374|33369|33371,2.4.1.277|1.14.15.33|1.14.15.33|1.14.15.33|1.14.15.33|2.3.1.240,2.4.1|1.14.15|1.14.15|1.14.15|1.14.15|2.3.1,592
2180.0,ME.2180,metacyc,PWY-601,,glucosinolate biosynthesis from tryptophan,38462|38463|38467|38457|38459|38458|38469|38465|38470|38464|38471|38461|38468|38466|38460,4.4.1.13|1.14.14.156|2.4.1.195|3.4.19.16|2.1.1|2.1.1|1.14.14.45|3.4.13.23|1.14.14|2.8.2.24,4.4.1|1.14.14|2.4.1|3.4.19|2.1.1|2.1.1|1.14.14|3.4.13|1.14.14|2.8.2,1441
2181.0,ME.2181,metacyc,PWY-7369,,thiamine triphosphate metabolism,32852|32853,3.6.1.28|2.7.4.15,3.6.1|2.7.4,505
2182.0,ME.2182,metacyc,PWY-7562,,"3,6-anhydro-alpha-L-galactopyranose degradation",37090|37094|37090|37092|37095|37091|37089|37091|37093,4.1.2.14|4.1.2.55|5.5.1.25|2.7.1.45|1.1.1.127|2.7.1.178|1.1.1.389,4.1.2|4.1.2|5.5.1|2.7.1|1.1.1|2.7.1|1.1.1,1192
2183.0,ME.2183,metacyc,P124-PWY,,Bifidobacterium shunt,30670|30670|30669|30668|30667|30666|30663|30662|30661|30674|30665|30673|30672|30672|30671|30664,2.7.1.1|2.7.1.2|2.2.1.2|2.2.1.1|4.1.2.22|4.2.1.11|5.3.1.6|5.4.2.11|1.2.1.12|4.1.2.9|1.1.1.27|2.7.2.3|2.7.2.15|2.7.2.1|2.7.1.40|5.3.1.9,2.7.1|2.7.1|2.2.1|2.2.1|4.1.2|4.2.1|5.3.1|5.4.2|1.2.1|4.1.2|1.1.1|2.7.2|2.7.2|2.7.2|2.7.1|5.3.1,85
2184.0,ME.2184,metacyc,GLUCOSE1PMETAB-PWY,,glucose and glucose-1-phosphate degradation,35133|35133|35134|35135|35134|35130|35131|35132|35132|35132|35132|35132,2.7.1.2|2.7.1.1|1.1.5.9|1.1.5.2|1.1.5.2|3.1.1.17|3.1.3|5.4.2.10|5.4.2.5|5.4.2.2|5.4.2.8|5.4.2.3,2.7.1|2.7.1|1.1.5|1.1.5|1.1.5|3.1.1|3.1.3|5.4.2|5.4.2|5.4.2|5.4.2|5.4.2,881
2185.0,ME.2185,metacyc,PWY-2464,,(-)-maackiain biosynthesis,36010|36008|36006|36009|36007|36011,1.14.14.89|1.14.14.88|1.3.1.45|1.14.19.63|4.2.1.139|1.1.1.348,1.14.14|1.14.14|1.3.1|1.14.19|4.2.1|1.1.1,1011
2186.0,ME.2186,metacyc,PWY-5536,,acetate formation from acetyl-CoA (succinate),30684,2.8.3.18,2.8.3,89
2187.0,ME.2187,metacyc,PWYQT-4475,,glucosinolate biosynthesis from hexahomomethionine,41872|41875|41873|41870|41871|41874|41879|41878|41877|41876,3.4.13.23|3.4.19.16|2.8.2.38|1.14.13.237|2.4.1.195|4.4.1.13|1.14.14.42,3.4.13|3.4.19|2.8.2|1.14.13|2.4.1|4.4.1|1.14.14,2042
2188.0,ME.2188,metacyc,PWY-7180,,2-deoxy-alpha-D-ribose 1-phosphate degradation,43890|43889|43888,5.4.2.7|4.1.2.4|1.2.1.10,5.4.2|4.1.2|1.2.1,2395
2189.0,ME.2189,metacyc,PWY-6901,,superpathway of glucose and xylose degradation,35435|35441|35436|35439|35440|35438|35437|35442,1.2.1.12|2.7.2.3|5.4.2.11|4.2.1.11|2.7.1.40|1.1.1.28|1.1.1.27|2.2.1.1,1.2.1|2.7.2|5.4.2|4.2.1|2.7.1|1.1.1|1.1.1|2.2.1,916
2190.0,ME.2190,metacyc,BETA-ALA-DEGRADATION-I-PWY,,beta-alanine degradation I,36073|36072|36072,1.2.1.18|1.2.1.27,1.2.1|1.2.1,1024
2191.0,ME.2191,metacyc,PWY-6174,,mevalonate pathway II (archaea),31364|31359|31358|31360|31362|31363|31361|31360,4.1.1.99|1.1.1.34|5.3.3.2|2.3.1.16|2.7.1.36|2.7.4.26|2.3.3.10|2.3.1.9,4.1.1|1.1.1|5.3.3|2.3.1|2.7.1|2.7.4|2.3.3|2.3.1,227
2192.0,ME.2192,metacyc,PWY-2002,,isoflavonoid biosynthesis I,43460|43458|43457|43456|43459|43455,4.2.1.105|4.2.1.105|2.1.1.150|5.5.1.6|1.14.14.87|2.1.1.154,4.2.1|4.2.1|2.1.1|5.5.1|1.14.14|2.1.1,2327
2193.0,ME.2193,metacyc,P161-PWY,,acetylene degradation (anaerobic),32623|32620|32620|32624|32620|32620|32620|32620|32620|32626|32620|32620|32626|32626|32620|32626|32620|32620|32626|32620|32626|32626|32620|32620|32626|32620|32626|32626|32626|32621|32626|32626|32626|32622|32626|32626|32626|32626|32626|32626|32620|32620|32623|32620|32620|32620|32626|32625,2.7.2.15|1.1.1.17|1.1.1.77|4.2.1.112|1.1.1.307|1.1.1.73|1.1.1.245|1.1.1.202|1.1.1.14|1.1.1.14|1.1.1.2|1.1.1.244|1.1.1.202|1.1.1.307|1.1.1.284|1.1.1.245|1.1.1.306|1.1.1.184|1.1.1.284|1.1.1.78|1.1.1.103|1.1.1.73|1.1.1.192|1.1.1.1|1.1.1.78|1.1.1.103|1.1.1.184|1.1.1.306|1.1.1.21|1.2.1.10|1.1.1.244|1.1.1.11|1.1.1.2|2.3.1.8|1.1.1.80|1.1.1.77|1.1.1.1|1.1.1.192|1.1.1.6|1.1.1.17|1.1.1.80|1.1.1.11|2.7.2.1|1.1.1.71|1.1.1.21|1.1.1.6|1.1.1.71|1.1.1.1,2.7.2|1.1.1|1.1.1|4.2.1|1.1.1|1.1.1|1.1.1|1.1.1|1.1.1|1.1.1|1.1.1|1.1.1|1.1.1|1.1.1|1.1.1|1.1.1|1.1.1|1.1.1|1.1.1|1.1.1|1.1.1|1.1.1|1.1.1|1.1.1|1.1.1|1.1.1|1.1.1|1.1.1|1.1.1|1.2.1|1.1.1|1.1.1|1.1.1|2.3.1|1.1.1|1.1.1|1.1.1|1.1.1|1.1.1|1.1.1|1.1.1|1.1.1|2.7.2|1.1.1|1.1.1|1.1.1|1.1.1|1.1.1,473
2194.0,ME.2194,metacyc,PWY-7120,,esterified suberin biosynthesis,38888,2.3.1.188,2.3.1,1514
2195.0,ME.2195,metacyc,PWY-7106,,erythromycin D biosynthesis,42476|42475|42477|42478,2.4.1.278|2.3.1.94|2.4.1.328|1.14.15.35,2.4.1|2.3.1|2.4.1|1.14.15,2138
2196.0,ME.2196,metacyc,PWYQT-4472,,glucosinolate biosynthesis from trihomomethionine,40267|40264|40271|40262|40270|40269|40268|40266|40265|40263|40261,4.4.1.13|1.14.13.237|2.8.2.38|2.4.1.195|1.14.14.42|3.4.13.23|3.4.19.16,4.4.1|1.14.13|2.8.2|2.4.1|1.14.14|3.4.13|3.4.19,1761
2197.0,ME.2197,metacyc,PWY4FS-12,,VTC2 cycle,38624,2.7.7.69,2.7.7,1466
2198.0,ME.2198,metacyc,PWY-1781,,beta-alanine degradation II,44785|44786|44785,1.2.1.18|2.6.1.18|1.2.1.27,1.2.1|2.6.1|1.2.1,2542
2199.0,ME.2199,metacyc,PWY-1121,,suberin monomers biosynthesis,35754|35755|35756|35752|35769|35764|35770|35765|35757|35766|35761|35758|35762|35759|35763|35767|35768|35760|35752|35753,2.1.1.68|2.3.1.110|3.1.2.2|4.3.1.25|6.2.1.3|1.2.1|1.14.14.91|1.14.14.80|3.1.2.2|1.14.14.80|1.14.14.96|6.2.1.12|1.14.14|6.2.1.34|1.1.1|1.1.1|1.2.1|6.2.1.3|4.3.1.24|2.1.1.104,2.1.1|2.3.1|3.1.2|4.3.1|6.2.1|1.2.1|1.14.14|1.14.14|3.1.2|1.14.14|1.14.14|6.2.1|1.14.14|6.2.1|1.1.1|1.1.1|1.2.1|6.2.1|4.3.1|2.1.1,973
2200.0,ME.2200,metacyc,PWY0-1312,,acetate and ATP formation from acetyl-CoA I,41301|41301|41300,2.7.2.15|2.7.2.1|2.3.1.8,2.7.2|2.7.2|2.3.1,1948
2201.0,ME.2201,metacyc,PWY-6733,,sporopollenin precursors biosynthesis,39721|39725|39723|39724|39734|39735|39733|39732|39719|39720|39731|39730|39729|39728|39727|39722|39726,3.1.2.2|1.14.14.80|6.2.1.3|1.14.14.130|1.2.1.84|1.1.1|1.2.1.84|3.1.2.2|3.1.2.2|1.2.1.84|1.2.1.84|6.2.1.3|6.2.1.3|1.14.14.80|6.2.1.3|1.14.14.80,3.1.2|1.14.14|6.2.1|1.14.14|1.2.1|1.1.1|1.2.1|3.1.2|3.1.2|1.2.1|1.2.1|6.2.1|6.2.1|1.14.14|6.2.1|1.14.14,1667
2202.0,ME.2202,metacyc,PWY-6334,,L-dopa degradation,30917|30919|30920|30918,1.1.1.237|2.1.1.6|2.6.1.5,1.1.1|2.1.1|2.6.1,135
2203.0,ME.2203,metacyc,PWY-7524,,mevalonate pathway III (archaea),41933|41934|41935|41935|41939|41940|41938|41937|41936,5.3.3.2|1.1.1.34|2.3.1.9|2.3.1.16|2.7.1.186|4.1.1.110|2.7.1.185|2.7.4.26|2.3.3.10,5.3.3|1.1.1|2.3.1|2.3.1|2.7.1|4.1.1|2.7.1|2.7.4|2.3.3,2054
2204.0,ME.2204,metacyc,PWY-4681,,kievitone biosynthesis,30703|30704|30706|30705,1.3.1.51|2.5.1,1.3.1|2.5.1,95
2205.0,ME.2205,metacyc,PWY-6971,,oleandomycin biosynthesis,37671|37672|37675|37674|37673,2.1.1.239|2.4.1|2.3.1|1.14.13|2.4.1,2.1.1|2.4.1|2.3.1|1.14.13|2.4.1,1288
2206.0,ME.2206,metacyc,PWY-7901,,glucosinolate biosynthesis from tyrosine,48920|48923|48921|48918|48925|48917|48916|48915|48924|48919|48922,3.4.13.23|3.4.19.16|4.4.1.13|2.4.1.195|2.8.2.24|1.14.14.36,3.4.13|3.4.19|4.4.1|2.4.1|2.8.2|1.14.14,3266
2207.0,ME.2207,metacyc,PWY0-1314,,fructose degradation,45677,2.7.1.56,2.7.1,2698
2208.0,ME.2208,metacyc,CITRULLINE-DEG-PWY,,L-citrulline degradation,37727|37725|37725|37725|37727|37726|37727|37726|37727,2.7.2.2|3.5.3.12|2.1.3.6|2.1.3.3|6.3.5.5|4.2.1.104|6.3.4.14|3.5.1.110|6.3.4.16,2.7.2|3.5.3|2.1.3|2.1.3|6.3.5|4.2.1|6.3.4|3.5.1|6.3.4,1302
2209.0,ME.2209,metacyc,PWY-8071,,"N-3-oxalyl-L-2,3-diaminopropanoate biosynthesis",34467|34468|34466,2.3.1.58|2.5.1.118|2.3.1.30,2.3.1|2.5.1|2.3.1,767
2210.0,ME.2210,metacyc,P162-PWY,,L-glutamate degradation V (via hydroxyglutarate),41579|41572|41581|41571|41572|41573|41578|41579|41580|41574|41575|41576|41577,2.8.3.8|2.3.1.9|1.3.8.1|1.4.1.2|2.3.1.16|7.2.4.5|1.1.1.35|2.8.3.1|2.8.3.12|4.2.1.150|4.2.1.167|1.1.1.399|6.2.1.13,2.8.3|2.3.1|1.3.8|1.4.1|2.3.1|7.2.4|1.1.1|2.8.3|2.8.3|4.2.1|4.2.1|1.1.1|6.2.1,1984
2211.0,ME.2211,metacyc,PWY-6057,,dimethyl sulfide degradation III (oxidation),32392,1.8.2.4,1.8.2,422
2212.0,ME.2212,metacyc,PWY0-1300,,2-O-alpha-mannosyl-D-glycerate degradation,36066|36067,2.7.1.165|3.2.1,2.7.1|3.2.1,1022
2213.0,ME.2213,metacyc,PWY-6344,,L-ornithine degradation II (Stickland reaction),36758|36760|36757|36756|36755|36754|36759,2.3.1.263|1.21.4.1|2.6.1.13|1.5.1.2|1.4.1.12|5.4.3.5,2.3.1|1.21.4|2.6.1|1.5.1|1.4.1|5.4.3,1127
2214.0,ME.2214,metacyc,PWY-922,,mevalonate pathway I,31822|31821|31820|31819|31819|31817|31816|31818,2.7.4.2|2.7.1.36|2.3.3.10|2.3.1.9|2.3.1.16|4.1.1.33|5.3.3.2|1.1.1.34,2.7.4|2.7.1|2.3.3|2.3.1|2.3.1|4.1.1|5.3.3|1.1.1,296
2215.0,ME.2215,metacyc,PWY-2761,,(-)-glycinol biosynthesis,43395|43394|43393|43392|43391,1.14.14.93|1.1.1.348|1.14.14.90|4.2.1.139|1.3.1.51,1.14.14|1.1.1|1.14.14|4.2.1|1.3.1,2313
2216.0,ME.2216,metacyc,PWY-6059,,dimethyl sulfide degradation II (oxidation),43820|43819|43818|43817|43816,1.14.13.245|1.14.13.245|1.14.14.35|1.14.14.34,1.14.13|1.14.13|1.14.14|1.14.14,2386
2217.0,ME.2217,metacyc,PWY-7422,,"methymycin, neomethymycin and novamethymycin biosynthesis",49498|49497|49496|49495|49494|49493,1.14.15.33|1.14.15.33|2.3.1.239|1.14.15.33|1.14.15.33|2.4.1.277,1.14.15|1.14.15|2.3.1|1.14.15|1.14.15|2.4.1,3364
2218.0,ME.2218,metacyc,PWY-6047,,dimethyl sulfide degradation I,39926|39927,1.8.3.4|1.14.13.131,1.8.3|1.14.13,1703
2219.0,ME.2219,metacyc,LYXMET-PWY,,L-lyxose degradation,48482|48481,5.1.3|2.7.1.53,5.1.3|2.7.1,3191
2220.0,ME.2220,metacyc,ORN-AMINOPENTANOATE-CAT-PWY,,L-ornithine degradation I (L-proline biosynthesis),36970,4.3.1.12,4.3.1,1168
2221.0,ME.2221,metacyc,PWY-5476,,cornusiin E biosynthesis,37657|37656,1.10.3|1.10.3,1.10.3|1.10.3,1283
2222.0,ME.2222,metacyc,PWY-5316,,nicotine biosynthesis,41527|41523|41524|41525|41530|41531|41526|41529|41528,1.4.3.16|2.4.2.19|2.5.1.72|1.1.1|1.14.14,1.4.3|2.4.2|2.5.1|1.1.1|1.14.14,1973
2223.0,ME.2223,metacyc,PWY-804,,glycolate degradation II,45399,,,2650
2224.0,ME.2224,metacyc,PWY-7632,,hinokiresinol biosynthesis,40047|40044|40045|40046,2.3,2.3,1711
2225.0,ME.2225,metacyc,PWY-5475,,pentagalloylglucose biosynthesis,37664|37662|37660|37663|37665|37661,2.3.1|2.4.1.136|2.3.1.143|2.3.1|2.3.1|2.3.1.90,2.3.1|2.4.1|2.3.1|2.3.1|2.3.1|2.3.1,1286
2226.0,ME.2226,metacyc,PWY-7395,,D-galactosamine and N-acetyl-D-galactosamine degradation,39711|39712|39713|39714,4.1.2.40|2.7.1.144|3.5.1.25|3.5.99,4.1.2|2.7.1|3.5.1|3.5.99,1665
2227.0,ME.2227,metacyc,PWY-4021,,beta-alanine betaine biosynthesis,40697|40699|40698,2.1.1.49|2.1.1|2.1.1,2.1.1|2.1.1|2.1.1,1833
2228.0,ME.2228,metacyc,PWY-6060,,malonate degradation II (biotin-dependent),34442|34444|34443,7.2.4.1|6.2.1.35|2.3.1.187,7.2.4|6.2.1|2.3.1,761
2229.0,ME.2229,metacyc,PWY-2467,,(+)-pisatin biosynthesis,48444|48439|48440|48441|48442|48443,1.14.14|2.1.1.270|4.2.1|4.2.1|4.2.1|1.14.13,1.14.14|2.1.1|4.2.1|4.2.1|4.2.1|1.14.13,3184
2230.0,ME.2230,metacyc,PWY-7384,,"anaerobic energy metabolism (invertebrates, mitochondrial)",47166|47162|47161|47160|47168|47167|47163|47164|47165,1.2.1.104|1.1.1.39|5.4.99.2|6.4.1.3|1.3.5.4|4.2.1.2|2.8.3.18|6.2.1.5,1.2.1|1.1.1|5.4.99|6.4.1|1.3.5|4.2.1|2.8.3|6.2.1,2963
2232.0,ME.2232,metacyc,PWY-7412,,mycinamicin biosynthesis,41692|41689|41690|41691|41693|41685|41686|41687|41688,1.14.13|2.4.1|1.14.13|2.4.1|2.3.1|2.1.1.237|2.1.1.238|1.14.13|1.14.13,1.14.13|2.4.1|1.14.13|2.4.1|2.3.1|2.1.1|2.1.1|1.14.13|1.14.13,2005
2233.0,ME.2233,metacyc,PWY-5087,,L-glutamate degradation VI (to pyruvate),35003|35001|35002|35000,4.3.1.2|4.1.3.22|4.2.1.34|5.4.99.1,4.3.1|4.1.3|4.2.1|5.4.99,856
2234.0,ME.2234,metacyc,NONMEVIPP-PWY,,methylerythritol phosphate pathway I,30712|30714|30715|30718|30717|30716|30711|30719|30713,4.6.1.12|2.7.1.148|2.7.7.60|1.17.7.4|1.17.7.4|2.2.1.7|5.3.3.2|1.17.7.3|1.1.1.267,4.6.1|2.7.1|2.7.7|1.17.7|1.17.7|2.2.1|5.3.3|1.17.7|1.1.1,97
2235.0,ME.2235,metacyc,CAMALEXIN-SYN,,camalexin biosynthesis,39793|39802|39800|39803|39798|39794|39795|39796|39799|39797|39801,1.14.14.156|3.4.19.16|2.5.1.18|3.4.13.23,1.14.14|3.4.19|2.5.1|3.4.13,1683
2236.0,ME.2236,metacyc,DHGLUCONATE-PYR-CAT-PWY,,glucose degradation (oxidative),49542|49543|49544|49544|49545|49540|49541,1.1.99.3|2.7.1.13|1.1.5.9|1.1.5.2|1.1.5.2|3.1.1.17|1.1.1.43,1.1.99|2.7.1|1.1.5|1.1.5|1.1.5|3.1.1|1.1.1,3376
2237.0,ME.2237,metacyc,P261-PWY,,coenzyme M biosynthesis I,35591|35592|35588|35589|35589|35589|35586|35587|35590,4.1.1.79|1.1.1.337|1.1.1.375|1.1.1.37|3.1.3.71|4.4.1.19,4.1.1|1.1.1|1.1.1|1.1.1|3.1.3|4.4.1,944
2238.0,ME.2238,metacyc,PWY-5109,,fermentation to 2-methylbutanoate,44568|44570|44571|44569|44566|44567,2.3.1.16|1.3.8.5|3.1.2|4.2.1.150|1.1.1.178|2.8.3.1,2.3.1|1.3.8|3.1.2|4.2.1|1.1.1|2.8.3,2501
2239.0,ME.2239,metacyc,PWY-5752,,piperine biosynthesis,34607,2.3.1.145,2.3.1,790
2240.0,ME.2240,metacyc,PWY-6054,,dimethylsulfoniopropanoate biosynthesis I (Wollastonia),46743|46744|46745,2.1.1.12|1.2.1.8,2.1.1|1.2.1,2878
2241.0,ME.2241,metacyc,PWY-7077,,N-acetyl-D-galactosamine degradation,45123|45124|45121|45120|45122,2.7.1|3.5.99|2.7.1.144|4.1.2.40|3.5.1.25,2.7.1|3.5.99|2.7.1|4.1.2|3.5.1,2614
2242.0,ME.2242,metacyc,PWY-5794,,malonate degradation I (biotin-independent),33815|33814|33813,4.1.1.87|2.3.1.187|2.3.1,4.1.1|2.3.1|2.3.1,656
2243.0,ME.2243,metacyc,PWY-2083,,isoflavonoid biosynthesis II,31135|31131|31132|31133|31134|31136|31137|31139|31140|31138,1.14.14.87|4.2.1.105|2.1.1.46|1.14.20.5|2.1.1.150|1.14.14.88|2.1.1|1.14.19.76|1.14.14.87,1.14.14|4.2.1|2.1.1|1.14.20|2.1.1|1.14.14|2.1.1|1.14.19|1.14.14,186
2244.0,ME.2244,metacyc,PWY-6055,,dimethylsulfoniopropanoate biosynthesis II (Spartina),47778|47775|47777|47776,1.2.1.8|2.1.1.12,1.2.1|2.1.1,3072
2245.0,ME.2245,metacyc,PWY-6643,,coenzyme M biosynthesis II,47062|47060|47061|47058|47059|47057,2.5.1.76|2.6.1.1|4.1.1.79,2.5.1|2.6.1|4.1.1,2943
2246.0,ME.2246,metacyc,FERMENTATION-PWY,,mixed acid fermentation,32828|32828|32828|32828|32828|32828|32828|32828|32828|32828|32828|32828|32828|32829|32830|32830|32830|32830|32830|32830|32830|32830|32830|32830|32830|32830|32831|32832|32833|32834|32834|32835|32836|32837|32838|32843|32827|32828|32828|32828|32828|32828|32828|32828|32828|32845|32845|32845|32845|32845|32845|32845|32845|32845|32845|32845|32845|32845|32838|32839|32840|32841|32842|32842|32844|32845|32845|32845|32845|32845|32845|32845|32845,1.1.1.80|1.1.1.1|1.1.1.192|1.1.1.284|1.1.1.245|1.1.1.17|1.1.1.202|1.1.1.14|1.1.1.2|1.1.1.306|1.1.1.184|1.1.1.78|1.1.1.103|1.1.1.28|1.1.1.27|1.1.1.95|1.1.1.337|1.1.1.85|1.1.1.375|1.1.1.38|1.1.1.81|1.1.1.28|1.1.1.37|1.1.1.96|1.1.1.299|1.1.1.82|1.1.1.42|4.2.1.2|1.2.1.10|4.2.1.3|4.2.1.117|2.3.1.8|2.3.3.3|2.7.1.40|2.7.2.1|4.1.1.31|1.1.1.71|1.1.1.6|1.1.1.77|1.1.1.244|1.1.1.73|1.1.1.307|1.1.1.21|1.1.1.11|1.1.1.80|1.1.1.1|1.1.1.192|1.1.1.284|1.1.1.245|1.1.1.17|1.1.1.202|1.1.1.14|1.1.1.2|1.1.1.306|1.1.1.184|1.1.1.78|1.1.1.103|2.7.2.15|1.1.1.1|4.2.1.3|2.3.1.54|1.3.5.1|1.3.5.4|1.3.5.4|1.1.1.71|1.1.1.6|1.1.1.77|1.1.1.244|1.1.1.73|1.1.1.307|1.1.1.21|1.1.1.11,1.1.1|1.1.1|1.1.1|1.1.1|1.1.1|1.1.1|1.1.1|1.1.1|1.1.1|1.1.1|1.1.1|1.1.1|1.1.1|1.1.1|1.1.1|1.1.1|1.1.1|1.1.1|1.1.1|1.1.1|1.1.1|1.1.1|1.1.1|1.1.1|1.1.1|1.1.1|1.1.1|4.2.1|1.2.1|4.2.1|4.2.1|2.3.1|2.3.3|2.7.1|2.7.2|4.1.1|1.1.1|1.1.1|1.1.1|1.1.1|1.1.1|1.1.1|1.1.1|1.1.1|1.1.1|1.1.1|1.1.1|1.1.1|1.1.1|1.1.1|1.1.1|1.1.1|1.1.1|1.1.1|1.1.1|1.1.1|1.1.1|2.7.2|1.1.1|4.2.1|2.3.1|1.3.5|1.3.5|1.3.5|1.1.1|1.1.1|1.1.1|1.1.1|1.1.1|1.1.1|1.1.1|1.1.1,501
2247.0,ME.2247,metacyc,PWY-7342,,superpathway of nicotine biosynthesis,39401|39402|39403|39400|39404|39399|39396|39397|39398,1.1.1|1.14.14|1.4.3.16|2.4.2.19|2.5.1.72,1.1.1|1.14.14|1.4.3|2.4.2|2.5.1,1604
2248.0,ME.2248,metacyc,PWY-6053,,dimethylsulfoniopropanoate biosynthesis III (algae),30804|30801|30802|30803,1.17.99|2.6.1.88|1.1.1|2.1.1.373,1.17.99|2.6.1|1.1.1|2.1.1,114
2249.0,ME.2249,metacyc,PWY-7858,,(5Z)-dodecenoate biosynthesis II,32537|32541|32540|32539|32538|32538|32536,1.3.3.6|1.3.1.9|4.2.1.59|1.1.1.100|2.3.1.41|2.3.1.179|5.3.3.14,1.3.3|1.3.1|4.2.1|1.1.1|2.3.1|2.3.1|5.3.3,451
2250.0,ME.2250,metacyc,PWY-7108,,erythromycin A biosynthesis,36076|36074|36077|36075,2.1.1.254|1.14.13.154|1.14.13.154|2.1.1.254,2.1.1|1.14.13|1.14.13|2.1.1,1025
2251.0,ME.2251,metacyc,GLUTDEG-PWY,,L-glutamate degradation II,44003|44004,2.6.1.1|4.3.1.1,2.6.1|4.3.1,2415
2252.0,ME.2252,metacyc,PWY-7560,,methylerythritol phosphate pathway II,39698|39697|39695|39696|39703|39702|39701|39700|39699,2.7.1.148|1.1.1.267|5.3.3.2|4.6.1.12|1.17.7.4|1.17.7.1|1.17.7.4|2.2.1.7|2.7.7.60,2.7.1|1.1.1|5.3.3|4.6.1|1.17.7|1.17.7|1.17.7|2.2.1|2.7.7,1663
2254.0,ME.2254,metacyc,PWY-6664,,di-myo-inositol phosphate biosynthesis,36134|36136|36135|36137,5.5.1.4|2.7.8.34|2.7.7.74,5.5.1|2.7.8|2.7.7,1044
2255.0,ME.2255,metacyc,PWY-5033,,nicotinate degradation II,32326|32324|32323|32325,3.5.1.107|1.17.3.3|1.17.99,3.5.1|1.17.3|1.17.99,401
2256.0,ME.2256,metacyc,PWY-8077,,ginkgotoxin biosynthesis,30948,3.1.3.74,3.1.3,141
2257.0,ME.2257,metacyc,PWY-7054,,N-acetylglutaminylglutamine amide biosynthesis,48760|48759,,,3241
2258.0,ME.2258,metacyc,PWY0-862,,(5Z)-dodecenoate biosynthesis I,31008|31006|31007|31004|31006|31009|31005,4.2.1.59|2.3.1.41|1.1.1.100|5.3.3.14|2.3.1.179|1.3.1.9|4.2.1.59,4.2.1|2.3.1|1.1.1|5.3.3|2.3.1|1.3.1|4.2.1,157
2259.0,ME.2259,metacyc,PWY-6527,,stachyose degradation,37485|37486|37487|37483|37484|37485|37486,2.7.7.64|2.7.7.9|3.2.1.22|3.2.1|2.7.1.6|2.7.7.10|2.7.7.64,2.7.7|2.7.7|3.2.1|3.2.1|2.7.1|2.7.7|2.7.7,1247
2260.0,ME.2260,metacyc,PWY-7238,,sucrose biosynthesis II,33242|33244|33247|33241|33246|33248|33242|33246|33245|33242|33242|33245|33242|33243,5.4.2.3|2.4.1.14|2.4.1.1|3.1.3.23|2.7.7.64|2.4.1.25|5.4.2.2|2.7.7.9|2.7.1.1|5.4.2.5|5.4.2.10|2.7.1.2|5.4.2.8|5.3.1.9,5.4.2|2.4.1|2.4.1|3.1.3|2.7.7|2.4.1|5.4.2|2.7.7|2.7.1|5.4.2|5.4.2|2.7.1|5.4.2|5.3.1,565
2261.0,ME.2261,metacyc,PWY-3042,,phaseollin biosynthesis,30677|30676,,,87
2262.0,ME.2262,metacyc,PWY-8098,,"cyclic 2,3-bisphosphoglycerate biosynthesis",40301,2.7.2.16,2.7.2,1768
2263.0,ME.2263,metacyc,PWY-5367,,petroselinate biosynthesis,42534|42533|42532|42531|42536|42535,1.1.1.100|3.1.2.14|2.3.1.179|1.14.19.11|1.3.1|4.2.1,1.1.1|3.1.2|2.3.1|1.14.19|1.3.1|4.2.1,2143
2264.0,ME.2264,metacyc,P108-PWY,,pyruvate fermentation to propanoate I,39853|39851|39852|39855|39852|39852|39852|39852|39852|39852|39852|39852|39852|39852|39852|39854|39856|39856|39857,4.2.1.2|5.4.99.2|1.1.1.27|1.1.1.95|1.1.1.337|1.1.1.85|1.1.1.375|1.1.1.38|1.1.1.81|1.1.1.28|1.1.1.37|1.1.1.96|1.1.1.299|1.1.1.82|2.1.3.1|1.3.5.1|1.3.5.4|1.3.5.4,4.2.1|5.4.99|1.1.1|1.1.1|1.1.1|1.1.1|1.1.1|1.1.1|1.1.1|1.1.1|1.1.1|1.1.1|1.1.1|1.1.1|2.1.3|1.3.5|1.3.5|1.3.5,1695
2265.0,ME.2265,metacyc,PWY-5766,,L-glutamate degradation X,37677|37677|37677,1.4.1.4|1.4.1.3|1.4.1.13,1.4.1|1.4.1|1.4.1,1290
2266.0,ME.2266,metacyc,PWY-7756,,iso-bile acids biosynthesis II,39387|39384|39385|39386,1.1.1.393|1.1.1.392|1.1.1.393|1.1.1.392,1.1.1|1.1.1|1.1.1|1.1.1,1599
2267.0,ME.2267,metacyc,PWY-7347,,sucrose biosynthesis III,34966|34965|34967,5.3.1.9|3.1.3.23|2.4.1.14,5.3.1|3.1.3|2.4.1,847
2268.0,ME.2268,metacyc,PWY-5055,,nicotinate degradation III,42875|42874|42873|42872|42871|42870|42869|42868|42867,3.5.2.18|1.1.1.291|4.2.1.85|1.17.1.5|5.3.3.6|4.1.3.32|1.3.7.1|5.4.99.4,3.5.2|1.1.1|4.2.1|1.17.1|5.3.3|4.1.3|1.3.7|5.4.99,2214
2269.0,ME.2269,metacyc,PWY-7663,,gondoate biosynthesis (anaerobic),32912|32910|32910|32913|32911,4.2.1.59|2.3.1.179|2.3.1.41|1.3.1.9|1.1.1.100,4.2.1|2.3.1|2.3.1|1.3.1|1.1.1,517
2270.0,ME.2270,metacyc,PWY-5494,,pyruvate fermentation to propanoate II (acrylate pathway),45758|45760|45757|45759,2.8.3.1|2.8.3.1|4.2.1.54|1.3.1.95,2.8.3|2.8.3|4.2.1|1.3.1,2708
2271.0,ME.2271,metacyc,PWY-7295,,L-arabinose degradation IV,44763|44765|44759|44758|44761|44762|44764|44760,1.2.99|1.1.1.376|1.1.1.26|3.1.1.15|4.2.1.25|2.3.3.9|4.1.2.18,1.2.99|1.1.1|1.1.1|3.1.1|4.2.1|2.3.3|4.1.2,2537
2272.0,ME.2272,metacyc,PWY-7402,,benzoate fermentation (to acetate and cyclohexane carboxylate),48171|48169|48170,3.1.2|1.3.8.10|1.3.8.11,3.1.2|1.3.8|1.3.8,3145
2273.0,ME.2273,metacyc,PWY-5973,,cis-vaccenate biosynthesis,39814|39814|39813|39812|39811|39810|39809,2.3.1.179|2.3.1.41|1.3.1.9|4.2.1.59|1.1.1.100|3.1.2.14|2.3.1.179,2.3.1|2.3.1|1.3.1|4.2.1|1.1.1|3.1.2|2.3.1,1685
2274.0,ME.2274,metacyc,PWY-7625,,phosphatidylinositol biosynthesis II (eukaryotes),47334,2.7.8.11,2.7.8,2992
2275.0,ME.2275,metacyc,PWY-6049,,superpathway of dimethylsulfoniopropanoate degradation,48350,4.4.1.3,4.4.1,3165
2276.0,ME.2276,metacyc,PWY-7624,,nystatin biosynthesis,40896|40898|40897,2.4.1|1.14.13|1.14.13,2.4.1|1.14.13|1.14.13,1876
2277.0,ME.2277,metacyc,PWY-4321,,L-glutamate degradation IV,35717|35714|35713|35716|35715,1.2.1.24|4.1.1.15|2.6.1.96|2.6.1.19,1.2.1|4.1.1|2.6.1|2.6.1,968
2278.0,ME.2278,metacyc,PWY-7755,,iso-bile acids biosynthesis I,34389|34391|34390|34388,1.1.1.391|1.1.1.391|1.1.1.52|1.1.1.52,1.1.1|1.1.1|1.1.1|1.1.1,746
2279.0,ME.2279,metacyc,PWY-6052,,dimethylsulfoniopropanoate degradation III (demethylation),48544|48545,2.1.1.269|2.1.1.269,2.1.1|2.1.1,3205
2280.0,ME.2280,metacyc,PWY-722,,nicotinate degradation I,46990|46994|46992|46993|46991,1.13.11.9|3.5.1.106|3.5.1.107|1.17.2.1|1.14.13.114,1.13.11|3.5.1|3.5.1|1.17.2|1.14.13,2930
2281.0,ME.2281,metacyc,PWY-7401,,crotonate fermentation (to acetate and cyclohexane carboxylate),43164|43154|43155|43156|43156|43157|43165|43157|43157|43158|43159|43160|43161|43162|43163|43166|43167|43168,2.3.1|1.1.1.259|4.2.1.100|2.3.1.9|2.3.1.16|7.2.4.5|6.4.1.4|1.3.8.6|1.1.1.368|3.7.1.21|3.7.1.21|4.2.1.150|1.1.1.35|2.8.3|1.3.8.10|1.3.8.11|3.1.2,2.3.1|1.1.1|4.2.1|2.3.1|2.3.1|7.2.4|6.4.1|1.3.8|1.1.1|3.7.1|3.7.1|4.2.1|1.1.1|2.8.3|1.3.8|1.3.8|3.1.2,2269
2282.0,ME.2282,metacyc,PWY-5361,,(5Z)-icosenoate biosynthesis,39626,1.14.19.10,1.14.19,1643
2283.0,ME.2283,metacyc,PWY-6580,,phosphatidylinositol biosynthesis I (bacteria),34683|34684|34685,5.5.1.4|3.1.3,5.5.1|3.1.3,804
2284.0,ME.2284,metacyc,PWY-6056,,dimethylsulfoniopropanoate degradation II (cleavage),33942|33941,2.3.1,2.3.1,683
2285.0,ME.2285,metacyc,ARABCAT-PWY,,L-arabinose degradation I,39068|39066|39066|39067,5.3.1.4|5.3.1.5|5.3.1.4|2.7.1.16,5.3.1|5.3.1|5.3.1|2.7.1,1535
2286.0,ME.2286,metacyc,PWY-6046,,dimethylsulfoniopropanoate degradation I (cleavage),34090,4.4.1.3,4.4.1,703
2287.0,ME.2287,metacyc,PWY-7691,,"10,13-epoxy-11-methyl-octadecadienoate biosynthesis",39059|39060,2.1.1,2.1.1,1533
2288.0,ME.2288,metacyc,GLUTAMATE-DEG1-PWY,,L-glutamate degradation I,48605,1.4.1.2,1.4.1,3223
2289.0,ME.2289,metacyc,PWY-7650,,echinocandin B biosynthesis,31284|31276|31281|31278|31285|31279|31280|31277|31282|31283,1.14.13|6.1|6.3.2|6.3.2|6.3.2|6.3.2|6.1|6.3.2|6.3.2,1.14.13|6.1|6.3.2|6.3.2|6.3.2|6.3.2|6.1|6.3.2|6.3.2,213
2290.0,ME.2290,metacyc,PWY-7383,,"anaerobic energy metabolism (invertebrates, cytosol)",48597|48598|48599|48600|48601|48596|48597|48597|48597|48597|48597|48597|48597|48597|48597|48597|48597,1.1.1.82|2.6.1.2|2.6.1.1|2.7.1.40|4.1.1.32|4.1.1.32|1.1.1.27|1.1.1.95|1.1.1.337|1.1.1.85|1.1.1.375|1.1.1.38|1.1.1.81|1.1.1.28|1.1.1.37|1.1.1.96|1.1.1.299,1.1.1|2.6.1|2.6.1|2.7.1|4.1.1|4.1.1|1.1.1|1.1.1|1.1.1|1.1.1|1.1.1|1.1.1|1.1.1|1.1.1|1.1.1|1.1.1|1.1.1,3221
2291.0,ME.2291,metacyc,PWY-5642,,"2,4-dinitrotoluene degradation",39921|39923|39924|39920|39925|39922|39919,1.14.13.210|1.13.11|5.3.2|1.14.12.24|3.7.1|1.2.1.27,1.14.13|1.13.11|5.3.2|1.14.12|3.7.1|1.2.1,1702
2292.0,ME.2292,metacyc,PWY-5515,,L-arabinose degradation II,31918|31916|31917|31918|31919|31918,1.1.1.21|1.1.1.10|1.1.1.12|1.1.1.307|1.1.1.21|1.1.1.2,1.1.1|1.1.1|1.1.1|1.1.1|1.1.1|1.1.1,319
2293.0,ME.2293,metacyc,PWY-5643,,"2,6-dinitrotoluene degradation",48549|48551|48550,1.14.12.23,1.14.12,3208
2294.0,ME.2294,metacyc,PWY-5497,,purine nucleobases degradation II (anaerobic),49458|49473|49447|49448|49449|49450|49451|49452|49453|49453|49454|49455|49456|49456|49456|49456|49456|49457|49459|49460|49461|49462|49463|49465|49467|49468|49469|49470|49471|49472|49466|49464,1.17.1.4|3.5.4.8|3.5.4.9|1.2.7.1|4.3.1.4|1.5.1.5|2.3.1.8|2.7.2.1|2.7.2.15|1.17.1.4|4.3.1.17|4.3.1.17|4.4.1.25|4.4.1.13|4.4.1.28|4.4.1.35|3.5.99.10|3.5.1.10|3.5.4.3|1.17.1.9|2.1.2.1|2.1.2.4|3.5.1|3.5.2|3.5.1.10|2.1.2.4|2.1.2.1|1.17.1.4|1.17.1.4,1.17.1|3.5.4|3.5.4|1.2.7|4.3.1|1.5.1|2.3.1|2.7.2|2.7.2|1.17.1|4.3.1|4.3.1|4.4.1|4.4.1|4.4.1|4.4.1|3.5.99|3.5.1|3.5.4|1.17.1|2.1.2|2.1.2|3.5.1|3.5.2|3.5.1|2.1.2|2.1.2|1.17.1|1.17.1,3359
2295.0,ME.2295,metacyc,GLUTSYN-PWY,,L-glutamate biosynthesis I,44658,1.4.1.13,1.4.1,2516
2296.0,ME.2296,metacyc,PWY-5362,,sapienate biosynthesis,45206,1.14.19.26,1.14.19,2623
2297.0,ME.2297,metacyc,PWY-7681,,1-chloro-2-nitrobenzene degradation,49829,1.14.12.23,1.14.12,3420
2298.0,ME.2298,metacyc,PWY66-421,,homocarnosine biosynthesis,38284,6.3.2.11,6.3.2,1401
2299.0,ME.2299,metacyc,P164-PWY,,purine nucleobases degradation I (anaerobic),33454|33468|33466|33463|33457|33459|33460|33456|33455|33462|33461|33472|33457|33471|33470|33458|33469|33467|33465|33464,3.5.4.8|2.1.2.4|2.7.2.1|1.17.1.4|3.5.1.10|4.3.1.4|3.5.4.9|1.17.1.9|3.5.4.3|2.7.2.15|2.1.2.4|3.5.1.10|1.17.1.4|3.5.2|3.5.1|1.17.1.4|1.21.4.2,3.5.4|2.1.2|2.7.2|1.17.1|3.5.1|4.3.1|3.5.4|1.17.1|3.5.4|2.7.2|2.1.2|3.5.1|1.17.1|3.5.2|3.5.1|1.17.1|1.21.4,608
2300.0,ME.2300,metacyc,PWY-7535,,lovastatin biosynthesis,45193|45192|45191|45190|45188|45189,2.3.1.244|2.3.1.238|3.1.2.31|1.14.14.125|1.14.14.124,2.3.1|2.3.1|3.1.2|1.14.14|1.14.14,2620
2301.0,ME.2301,metacyc,PWY-7618,,ricinoleate biosynthesis,48452|48453|48451,2.3.1.23|2.7.8.2|1.14.18.4,2.3.1|2.7.8|1.14.18,3186
2302.0,ME.2302,metacyc,PWY-5517,,L-arabinose degradation III,47174|47172|47176|47177|47175|47173,4.2.1.43|3.1.1.15|1.1.1.376|4.2.1.25|1.2.1.26,4.2.1|3.1.1|1.1.1|4.2.1|1.2.1,2965
2303.0,ME.2303,metacyc,PWY-6100,,L-carnitine biosynthesis,44349|44351|44350|44352,1.2.1.47|1.14.11.8|1.14.11.1,1.2.1|1.14.11|1.14.11,2477
2304.0,ME.2304,metacyc,PWY66-420,,carnosine biosynthesis,49436,6.3.2.11,6.3.2,3354
2305.0,ME.2305,metacyc,GLUTSYNIII-PWY,,L-glutamate biosynthesis III,39792|39792|39792,1.4.1.4|1.4.1.3|1.4.1.13,1.4.1|1.4.1|1.4.1,1682
2306.0,ME.2306,metacyc,PWY-3941,,beta-alanine biosynthesis II,34680|34679|34678|34677|34676|34681,3.1.2.4|6.2.1.17|4.2.1.116|2.6.1.18|1.1.1.59|1.3.8.1,3.1.2|6.2.1|4.2.1|2.6.1|1.1.1|1.3.8,802
2307.0,ME.2307,metacyc,PWY66-423,,"fructose 2,6-bisphosphate biosynthesis",39217|39218,3.1.3.46|2.7.1.105,3.1.3|2.7.1,1573
2308.0,ME.2308,metacyc,PWY-6405,,Rapoport-Luebering glycolytic shunt,45526|45525|45527,3.1.3.80|5.4.2.4,3.1.3|5.4.2,2669
2309.0,ME.2309,metacyc,PWY-5760,,beta-alanine biosynthesis IV,45501|45502|45501,1.5.3.16|1.2.1.8|1.5.3.17,1.5.3|1.2.1|1.5.3,2664
2310.0,ME.2310,metacyc,PPGPPMET-PWY,,ppGpp metabolism,41007|41008|41004|41005|41006|41003,2.7.6.5|3.1.7.2|3.6.1.40|2.7.6.5|2.7.4.6|3.1.7.2,2.7.6|3.1.7|3.6.1|2.7.6|2.7.4|3.1.7,1894
2311.0,ME.2311,metacyc,GLUGLNSYN-PWY,,L-glutamate biosynthesis IV,39858,1.4.1.14,1.4.1,1696
2312.0,ME.2312,metacyc,PWY-3981,,beta-alanine biosynthesis I,46626|46627,1.4.3.22|1.2.1.8,1.4.3|1.2.1,2857
2313.0,ME.2313,metacyc,PWY-7873,,D-erythronate degradation II,41651|41650|41648|41649,5.3.1.35|2.7.1.217|4.1.1.104|1.1.1.410,5.3.1|2.7.1|4.1.1|1.1.1,1997
2314.0,ME.2314,metacyc,PWY0-1261,,anhydromuropeptides recycling I,36282|36274|36275|36276|36277|36278|36279|36280|36281|36283|36284|36285,6.3.2.45|5.4.2.10|3.5.1.25|1.3.1.98|2.3.1.157|2.5.1.7|2.7.7.23|2.7.1.170|4.2.1.126|3.5.1.28|3.2.1.52|3.4.17.13,6.3.2|5.4.2|3.5.1|1.3.1|2.3.1|2.5.1|2.7.7|2.7.1|4.2.1|3.5.1|3.2.1|3.4.17,1068
2315.0,ME.2315,metacyc,PWY-3982,,uracil degradation I (reductive),40903|40904|40902,3.5.2.2|1.3.1.2|3.5.1.6,3.5.2|1.3.1|3.5.1,1878
2316.0,ME.2316,metacyc,PWY-7859,,jasmonoyl-L-isoleucine inactivation,44250|44251|44247|44249|44248,3.5.1.127|2.4.1|2.8.2.39|1.14.14.48,3.5.1|2.4.1|2.8.2|1.14.14,2457
2317.0,ME.2317,metacyc,GLUCONSUPER-PWY,,D-gluconate degradation,45819,2.7.1.12,2.7.1,2718
2318.0,ME.2318,metacyc,PWY-4341,,L-glutamate biosynthesis V,39069,1.4.7.1,1.4.7,1536
2319.0,ME.2319,metacyc,PWY-5155,,beta-alanine biosynthesis III,46229,4.1.1.11,4.1.1,2790
2320.0,ME.2320,metacyc,PWY-7883,,anhydromuropeptides recycling II,35079|35080|35081|35082|35083|35084|35085|35086,2.7.1.170|6.3.2.45|2.7.1.221|2.7.7.99|3.1.3.105|3.5.1.28|3.2.1.52|3.4.17.13,2.7.1|6.3.2|2.7.1|2.7.7|3.1.3|3.5.1|3.2.1|3.4.17,875
2321.0,ME.2321,metacyc,PWY-7310,,D-glucosaminate degradation,37182|37181|37181|37183,4.3.1.29|4.1.2.14|4.1.2.55|2.7.1.203,4.3.1|4.1.2|4.1.2|2.7.1,1210
2323.0,ME.2323,metacyc,PWY-6297,,tuberonate glucoside biosynthesis,44716|44715,2.4.1|1.14.13.228,2.4.1|1.14.13,2529
2324.0,ME.2324,metacyc,PWY-6021,,nitrilotriacetate degradation,48816|48817,1.14.14.10,1.14.14,3252
2325.0,ME.2325,metacyc,GLUTAMATE-SYN2-PWY,,L-glutamate biosynthesis II,31911|31911|31911,1.4.1.13|1.4.1.3|1.4.1.4,1.4.1|1.4.1|1.4.1,317
2326.0,ME.2326,metacyc,HOMOSERSYN-PWY,,L-homoserine biosynthesis,40914|40913|40912,2.7.2.4|1.2.1.11|1.1.1.3,2.7.2|1.2.1|1.1.1,1882
2327.0,ME.2327,metacyc,PYRUVDEHYD-PWY,,pyruvate decarboxylation to acetyl CoA,48724|48722|48723,1.2.4.1|1.8.1.4|2.3.1.12,1.2.4|1.8.1|2.3.1,3233
2328.0,ME.2328,metacyc,PWY-5747,,2-methylcitrate cycle II,36883|36884|36885|36881|36882,4.2.1.99|4.2.1.117|6.2.1.17|4.1.3.30|2.3.3.5,4.2.1|4.2.1|6.2.1|4.1.3|2.3.3,1155
2329.0,ME.2329,metacyc,PWY4FS-4,,phosphatidylcholine biosynthesis IV,48954|48955|48952|48951|48953,2.7.7|2.7.8|2.1.1.103|2.1.1.103|2.1.1.71,2.7.7|2.7.8|2.1.1|2.1.1|2.1.1,3273
2330.0,ME.2330,metacyc,PWY-7701,,4-hydroxy-4-methyl-L-glutamate biosynthesis,43185|43184,2.6.1|4.1.3.17,2.6.1|4.1.3,2273
2331.0,ME.2331,metacyc,PWY-5652,,2-amino-3-carboxymuconate semialdehyde degradation to glutaryl-CoA,39579|39582|39583|39581|39580,3.5.99.5|1.2.1.105|1.1.1|1.2.1.32|4.1.1.45,3.5.99|1.2.1|1.1.1|1.2.1|4.1.1,1634
2332.0,ME.2332,metacyc,PWY3O-450,,phosphatidylcholine biosynthesis I,38379|38377|38378,2.7.8.2|2.7.1.32|2.7.7.15,2.7.8|2.7.1|2.7.7,1426
2333.0,ME.2333,metacyc,PWY-7275,,L-homophenylalanine biosynthesis,35627|35631|35630|35628|35629|35632,2.6.1.58|2.3.3|4.2.1|2.6.1.58,2.6.1|2.3.3|4.2.1|2.6.1,956
2334.0,ME.2334,metacyc,PWY0-1313,,acetate conversion to acetyl-CoA,48935,6.2.1.1,6.2.1,3269
2335.0,ME.2335,metacyc,PWY0-42,,2-methylcitrate cycle I,46510|46509|46511|46512|46513,2.3.3.5|4.1.3.30|4.2.1.79|4.2.1.99|6.2.1.17,2.3.3|4.1.3|4.2.1|4.2.1|6.2.1,2837
2336.0,ME.2336,metacyc,PWYG-321,,mycolate biosynthesis,50621|50624|50625|50613|50626|50629|50630|50631|50632|50633|50612|50634|50635|50610|50636|50637|50608|50640|50643|50606|50565|50644|50645|50646|50604|50647|50650|50651|50602|50652|50656|50658|50660|50601|50661|50663|50664|50665|50666|50600|50667|50668|50671|50672|50673|50596|50674|50675|50676|50677|50679|50680|50681|50595|50682|50688|50689|50690|50691|50695|50696|50697|50698|50701|50703|50705|50706|50708|50593|50592|50591|50568|50590|50589|50588|50587|50586|50585|50584|50583|50582|50581|50580|50579|50575|50574|50573|50572|50571|50570|50569|50566|50563|50561|50560|50559|50648|50558|50557|50609|50556|50617|50555|50554|50659|50553|50707|50693|50684|50653|50655|50687|50576|50638|50699|50657|50700|50607|50649|50704|50686|50662|50683|50702|50605|50685|50578|50670|50627|50611|50564|50622|50620|50639|50603|50618|50669|50616|50599|50598|50615|50597|50642|50562|50692|50678|50694|50654|50628|50577|50641|50567|50623|50594|50619|50614,1.3.1.118|1.3.1.118|5.3.3.14|2.1.1.79|2.3.1.293|2.3.1.294|4.2.1.59|2.1.1|2.3.1.293|2.1.1|2.1.1|2.3.1.294|1.3.1.118|1.3.1.118|1.3.1.118|1.1.1.100|2.3.1.293|2.1.1|2.1.1.79|2.3.1.293|2.1.1|2.3.1.41|1.3.1.118|1.3.1.118|2.3.1.294|1.3.1.9|1.3.1.118|2.3.1.294|6.2.1|2.3.1.294|6.4.1.3|2.3.1.41|1.3.1.118|2.1.1|1.3.1.118|7.5.2|1.3.1.118|7.5.2|1.3.1.118|7.5.2|7.5.2|2.3.1.86|2.3.1.86|1.3.1.118|2.3.1.294|2.3.1.86|2.3.1.86|5.3.3.14|2.3.1.86|2.3.1.294|2.3.1.294|2.3.1.294|1.3.1.118|1.3.1.118|2.3.1.294|5.3.3.14|1.3.1.118|1.3.1.118|2.3.1.294|2.3.1.294|1.3.1.118|2.3.1.293|2.3.1.294|2.3.1.294|1.3.1.118|2.3.1.294|1.3.1.118|1.1.1.100|1.1|1.1|1.1|1.1|1.1|3.1.3.12|3.1.3.12|3.1.3.12|3.1.3.12|3.1.3.12|2.3.1.293|7.5.2|1.3.1.118|2.3.1.293|2.3.1.294|2.3.1|2.3.1|2.3.1|2.3.1|1.3.1.118|1.3.1.118|1.3.1.118|2.3.1.294|2.3.1.293|2.1.1|2.1.1|1.1|1.1.1|2.3.1.86|2.3.1.86|2.3.1.86|2.3.1.86|1.3.1.118|2.3.1.293,1.3.1|1.3.1|5.3.3|2.1.1|2.3.1|2.3.1|4.2.1|2.1.1|2.3.1|2.1.1|2.1.1|2.3.1|1.3.1|1.3.1|1.3.1|1.1.1|2.3.1|2.1.1|2.1.1|2.3.1|2.1.1|2.3.1|1.3.1|1.3.1|2.3.1|1.3.1|1.3.1|2.3.1|6.2.1|2.3.1|6.4.1|2.3.1|1.3.1|2.1.1|1.3.1|7.5.2|1.3.1|7.5.2|1.3.1|7.5.2|7.5.2|2.3.1|2.3.1|1.3.1|2.3.1|2.3.1|2.3.1|5.3.3|2.3.1|2.3.1|2.3.1|2.3.1|1.3.1|1.3.1|2.3.1|5.3.3|1.3.1|1.3.1|2.3.1|2.3.1|1.3.1|2.3.1|2.3.1|2.3.1|1.3.1|2.3.1|1.3.1|1.1.1|1.1|1.1|1.1|1.1|1.1|3.1.3|3.1.3|3.1.3|3.1.3|3.1.3|2.3.1|7.5.2|1.3.1|2.3.1|2.3.1|2.3.1|2.3.1|2.3.1|2.3.1|1.3.1|1.3.1|1.3.1|2.3.1|2.3.1|2.1.1|2.1.1|1.1|1.1.1|2.3.1|2.3.1|2.3.1|2.3.1|1.3.1|2.3.1,3523
2337.0,ME.2337,metacyc,PWY-6826,,phosphatidylcholine biosynthesis VI,40906,2.7.8.24,2.7.8,1880
2338.0,ME.2338,metacyc,PWY-5074,,mevalonate degradation,31034|31033,4.1.3.4|1.1.1.88,4.1.3|1.1.1,165
2339.0,ME.2339,metacyc,PWY66-430,,myristate biosynthesis (mitochondria),36580|36588|36588|36582|36584|36584|36582|36581|36578|36586|36576|36585|36583|36578|36587|36579|36581|36579|36580|36602|36601|36577|36600|36599|36598|36597|36596|36595|36594|36594|36593|36592|36591|36590|36589,3.1.2.21|1.3.1.10|1.3.1.39|1.3.1.10|1.3.1.10|1.3.1.39|1.3.1.39|1.3.1.39|1.3.1.39|1.1.1.100|4.2.1.59|1.1.1.100|1.1.1.100|1.3.1.10|4.2.1.59|3.1.2.21|1.3.1.10|3.1.2.14|3.1.2.14|4.2.1.59|2.3.1.41|1.1.1.100|2.3.1.41|2.3.1.41|2.3.1.41|2.3.1.41|4.2.1.59|1.1.1.100|1.3.1.39|1.3.1.10|4.2.1.59|1.1.1.100|3.1.2.14|4.2.1.59|3.1.2.21,3.1.2|1.3.1|1.3.1|1.3.1|1.3.1|1.3.1|1.3.1|1.3.1|1.3.1|1.1.1|4.2.1|1.1.1|1.1.1|1.3.1|4.2.1|3.1.2|1.3.1|3.1.2|3.1.2|4.2.1|2.3.1|1.1.1|2.3.1|2.3.1|2.3.1|2.3.1|4.2.1|1.1.1|1.3.1|1.3.1|4.2.1|1.1.1|3.1.2|4.2.1|3.1.2,1106
2340.0,ME.2340,metacyc,PWY4FS-2,,phosphatidylcholine biosynthesis II,42451|42449|42452|42450|42453,2.7.8.2|2.1.1.103|2.1.1.103|2.7.7.15|2.1.1.103,2.7.8|2.1.1|2.1.1|2.7.7|2.1.1,2133
2341.0,ME.2341,metacyc,PWY-1186,,L-homomethionine biosynthesis,45016|45012|45015|45014|45017|45018|45013,4.2.1.170|2.6.1.88|1.1.1|2.6.1|2.3.3.17,4.2.1|2.6.1|1.1.1|2.6.1|2.3.3,2594
2342.0,ME.2342,metacyc,PWY-7874,,L-threonate degradation,38543|38545|38546|38544,4.1.1.104|2.7.1.217|5.3.1.35|1.1.1.411,4.1.1|2.7.1|5.3.1|1.1.1,1457
2343.0,ME.2343,metacyc,PROPIONMET-PWY,,propanoyl CoA degradation I,48747|48748,6.4.1.3|5.4.99.2,6.4.1|5.4.99,3237
2344.0,ME.2344,metacyc,PWY-7416,,"phospholipid remodeling (phosphatidylcholine, yeast)",46600|46601|46599,2.3.1.23|2.3.1.158|3.1.1.4,2.3.1|2.3.1|3.1.1,2850
2346.0,ME.2346,metacyc,PWY-6875,,retinoate biosynthesis II,33821|33820|33819,1.17.1,1.17.1,658
2347.0,ME.2347,metacyc,PWY-8041,,ultra-long-chain fatty acid biosynthesis,45173|45172|45171|45170|45169|45176|45168|45175|45174|45167|45166|45165|45164|45163|45162|45161|45160|45159|45158|45177,1.3.1.93|4.2.1.134|1.1.1.330|2.3.1.199|1.3.1.93|4.2.1.134|4.2.1.134|1.1.1.330|2.3.1.199|1.1.1.330|2.3.1.199|1.3.1.93|4.2.1.134|1.1.1.330|2.3.1.199|1.3.1.93|4.2.1.134|1.1.1.330|2.3.1.199|1.3.1.93,1.3.1|4.2.1|1.1.1|2.3.1|1.3.1|4.2.1|4.2.1|1.1.1|2.3.1|1.1.1|2.3.1|1.3.1|4.2.1|1.1.1|2.3.1|1.3.1|4.2.1|1.1.1|2.3.1|1.3.1,2617
2348.0,ME.2348,metacyc,PWY4FS-3,,phosphatidylcholine biosynthesis III,31455|31452|31453|31454|31456,2.1.1.71|2.1.1.103|2.1.1.71|2.7.7.57|2.7.8,2.1.1|2.1.1|2.1.1|2.7.7|2.7.8,237
2349.0,ME.2349,metacyc,PWY-7648,,4-methyl-proline biosynthesis,47328|47329|47330|47332|47331,1.14.11|1.14.11|1.14.13,1.14.11|1.14.11|1.14.13,2990
2350.0,ME.2350,metacyc,PWY-7871,,D-threonate degradation,47909|47910|47911,1.1.1.408|4.1.1.104|2.7.1.219,1.1.1|4.1.1|2.7.1,3107
2351.0,ME.2351,metacyc,PWY-7574,,propanoyl-CoA degradation II,40907|40908|40911|40908|40909|40910,1.1.1.59|1.2.1.18|1.3.3.6|1.2.1.27|4.2.1.116|3.1.2.4,1.1.1|1.2.1|1.3.3|1.2.1|4.2.1|3.1.2,1881
2352.0,ME.2352,metacyc,PWY-7388,,"octanoyl-[acyl-carrier protein] biosynthesis (mitochondria, yeast)",36857|36865|36865|36864|36863|36862|36862|36861|36860|36860|36859|36858|36858|36857|36856|36856|36856|36856|36856|36855|36855|36855|36855|36855|36854|36853,1.3.1.39|2.3.1.41|2.3.1.179|4.2.1.59|1.1.1.100|2.3.1.41|2.3.1.179|4.2.1.59|1.3.1.39|1.3.1.10|1.1.1.100|1.3.1.39|1.3.1.10|1.3.1.10|2.3.1|2.3.1.41|2.3.1.86|2.3.1.85|2.3.1.179|2.3.1|2.3.1.41|2.3.1.86|2.3.1.85|2.3.1.179|1.1.1.100|4.2.1.59,1.3.1|2.3.1|2.3.1|4.2.1|1.1.1|2.3.1|2.3.1|4.2.1|1.3.1|1.3.1|1.1.1|1.3.1|1.3.1|1.3.1|2.3.1|2.3.1|2.3.1|2.3.1|2.3.1|2.3.1|2.3.1|2.3.1|2.3.1|2.3.1|1.1.1|4.2.1,1150
2353.0,ME.2353,metacyc,PWY-7470,,phosphatidylcholine biosynthesis VII,50111|50112,2.3.1.23|2.3.1,2.3.1|2.3.1,3467
2354.0,ME.2354,metacyc,PWY-6936,,seleno-amino acid biosynthesis (plants),39444|39442|39443|39446|39445,4.4.1.13|2.3.1.30|2.5.1.47|2.5.1|2.1.1.14,4.4.1|2.3.1|2.5.1|2.5.1|2.1.1,1609
2355.0,ME.2355,metacyc,PWY-6038,,citrate degradation,40495|40496,4.1.3.34|2.8.3.10,4.1.3|2.8.3,1790
2356.0,ME.2356,metacyc,PWY-6857,,retinol biosynthesis,47693|47697|47696|47699|47698|47695|47694,1.13.11.63|3.1.1.3|3.1.1.1|2.3.1.135|1.1.1.300,1.13.11|3.1.1|3.1.1|2.3.1|1.1.1,3058
2357.0,ME.2357,metacyc,PWY-7094,,fatty acid salvage,43191|43193|43194|43190|43192|43195,1.1.1.35|6.2.1.3|4.2.1.17|2.3.1.207|2.3.1.16|1.3.8.7,1.1.1|6.2.1|4.2.1|2.3.1|2.3.1|1.3.8,2275
2358.0,ME.2358,metacyc,PWY-6825,,phosphatidylcholine biosynthesis V,39156|39155|39157,2.1.1.71|2.1.1.17|2.1.1.71,2.1.1|2.1.1|2.1.1,1555
2359.0,ME.2359,metacyc,PWY-5344,,L-homocysteine biosynthesis,33162|33163,2.3.1.31|2.5.1.49,2.3.1|2.5.1,548
2360.0,ME.2360,metacyc,PWY-5373,,calendate biosynthesis,32391,1.14.19.14,1.14.19,421
2361.0,ME.2361,metacyc,PWY-5654,,2-amino-3-carboxymuconate semialdehyde degradation to 2-hydroxypentadienoate,45908|45910|45907|45909,4.1.1.45|4.1.1.77|3.5.99.5|1.2.1.32,4.1.1|4.1.1|3.5.99|1.2.1,2737
2362.0,ME.2362,metacyc,PWY-7036,,very long chain fatty acid biosynthesis II,43957|43949|43950|43951|43952|43953|43954|43955|43956|43958|43959|43960|43961|43962|43963|43964,1.1.1.330|1.3.1.93|1.3.1.93|2.3.1.199|1.1.1.330|1.1.1.330|2.3.1.199|2.3.1.199|2.3.1.199|1.1.1.330|4.2.1.134|4.2.1.134|4.2.1.134|4.2.1.134|1.3.1.93|1.3.1.93,1.1.1|1.3.1|1.3.1|2.3.1|1.1.1|1.1.1|2.3.1|2.3.1|2.3.1|1.1.1|4.2.1|4.2.1|4.2.1|4.2.1|1.3.1|1.3.1,2408
2363.0,ME.2363,metacyc,PWY-7649,,3-hydroxy-L-homotyrosine biosynthesis,50298|50297|50294|50295|50296,1.14.11|2.6.1|2.3.3|5.4.4|1.1.1,1.14.11|2.6.1|2.3.3|5.4.4|1.1.1,3490
2364.0,ME.2364,metacyc,PWY-5374,,punicate biosynthesis,47043,1.14.19.16,1.14.19,2939
2365.0,ME.2365,metacyc,PWY0-1465,,D-malate degradation,36265,1.1.1.83,1.1.1,1066
2366.0,ME.2366,metacyc,PWY-6872,,retinoate biosynthesis I,34005|34004|34006,1.2.1.36,1.2.1,694
2367.0,ME.2367,metacyc,PWY-5375,,alpha-eleostearate biosynthesis,47863,1.14.19.33,1.14.19,3096
2368.0,ME.2368,metacyc,PWY-5162,,"2-hydroxypenta-2,4-dienoate degradation",50430|50429|50428,4.1.3.39|4.2.1.80|1.2.1.10,4.1.3|4.2.1|1.2.1,3514
2369.0,ME.2369,metacyc,PWY-6113,,superpathway of mycolate biosynthesis,36954|36957|36956|36955,2.3.1.86|2.3.1.86|2.3.1.86|2.3.1.86,2.3.1|2.3.1|2.3.1|2.3.1,1165
2370.0,ME.2370,metacyc,PWY-5368,,dimorphecolate biosynthesis,39391|39390|39392,1.14.99|1.14.19.34|2.3.1.23,1.14.99|1.14.19|2.3.1,1601
2371.0,ME.2371,metacyc,PWY-7948,,4-oxopentanoate degradation,47501|47501|47498|47497|47496|47499|47491|47492|47493|47493|47494|47495|47501|47500|47501,4.2.1.134|4.2.1.74|4.2.1.17|4.2.1.119|2.3.1.9|2.3.1.16|1.1.1.36|6.2.1.2|4.2.1.119|6.2.1.2|4.2.1.17,4.2.1|4.2.1|4.2.1|4.2.1|2.3.1|2.3.1|1.1.1|6.2.1|4.2.1|6.2.1|4.2.1,3020
2372.0,ME.2372,metacyc,GLUTAMINDEG-PWY,,L-glutamine degradation I,31733|31733,3.5.1.2|3.5.1.38,3.5.1|3.5.1,285
2373.0,ME.2373,metacyc,PWY-2361,,3-oxoadipate degradation,32189|32188,2.3.1.174|2.8.3.6,2.3.1|2.8.3,375
2374.0,ME.2374,metacyc,PWY-5080,,very long chain fatty acid biosynthesis I,45254|45257|45256|45255,4.2.1.134|1.3.1.93|1.1.1.330|2.3.1.199,4.2.1|1.3.1|1.1.1|2.3.1,2628
2375.0,ME.2375,metacyc,PWY-6243,,bergamotene biosynthesis I,45464,4.2.3.81,4.2.3,2655
2376.0,ME.2376,metacyc,PWY-7872,,D-erythronate degradation I,32635|32633|32634,2.7.1.220|4.1.1.104|1.1.1.409,2.7.1|4.1.1|1.1.1,475
2377.0,ME.2377,metacyc,PWY-1501,,mandelate degradation I,38166|38165|38164|38167,4.1.1.7|1.2.1.7|1.2.1.28|1.1.99.31,4.1.1|1.2.1|1.2.1|1.1.99,1371
2378.0,ME.2378,metacyc,GLUTAMINEFUM-PWY,,L-glutamine degradation II,42844,1.4.1.13,1.4.1,2207
2379.0,ME.2379,metacyc,FASYN-INITIAL-PWY,,superpathway of fatty acid biosynthesis initiation (E. coli),36846|36847|36844|36844|36844|36844|36844|36844|36844|36845|36845|36845|36845|36845|36846,2.3.1.41|2.3.1.38|2.3.1.39|2.3.1.85|2.7.8.7|2.3.1.180|2.3.1.86|2.3.1.38|2.3.1|2.3.1.179|2.3.1.85|2.3.1.86|2.3.1.41|2.3.1|2.3.1.179,2.3.1|2.3.1|2.3.1|2.3.1|2.7.8|2.3.1|2.3.1|2.3.1|2.3.1|2.3.1|2.3.1|2.3.1|2.3.1|2.3.1|2.3.1,1147
2380.0,ME.2380,metacyc,PWY-6244,,bergamotene biosynthesis II,46201|46203|46202,2.5.1.92|4.2.3.54|4.2.3.53,2.5.1|4.2.3|4.2.3,2785
2381.0,ME.2381,metacyc,FASYN-ELONG-PWY,,fatty acid elongation -- saturated,44281|44284|44282|44283|44283|44285|44285|44285,1.1.1.100|4.2.1.59|2.3.1.179|2.3.1.41|1.3.1.104|1.3.1.10|1.3.1.39,1.1.1|4.2.1|2.3.1|2.3.1|1.3.1|1.3.1|1.3.1,2462
2382.0,ME.2382,metacyc,PWY-4702,,phytate degradation I,38819|38808|38817|38809|38812|38815|38814|38816|38820|38813|38821|38818|38811|38810,3.1.3.26|3.1.3.8|3.1.3.62|3.1.3.62|3.1.3|3.1.3.25|3.1.3.25,3.1.3|3.1.3|3.1.3|3.1.3|3.1.3|3.1.3|3.1.3,1501
2383.0,ME.2383,metacyc,PWY-5406,,divinyl ether biosynthesis I,50334|50336|50333|50335,4.2.1.121|1.13.11.58|1.13.11.58|4.2.1.121,4.2.1|1.13.11|1.13.11|4.2.1,3500
2384.0,ME.2384,metacyc,PWY-6373,,acrylate degradation,33840|33838|33841|33839,2.3.1|1.1.1.59|1.2.1.18,2.3.1|1.1.1|1.2.1,665
2385.0,ME.2385,metacyc,PWY-4781,,phytate degradation II,42061|42062|42063|42065|42064|42066|42059|42060,3.1.3.62|3.1.3.62|3.1.3.62|3.1.3.62|3.1.3.62|3.1.3.62|3.1.3.26|3.1.3.62,3.1.3|3.1.3|3.1.3|3.1.3|3.1.3|3.1.3|3.1.3|3.1.3,2076
2386.0,ME.2386,metacyc,PWY-5001,,tetrahydroxyxanthone biosynthesis (from benzoate),44643|44642|44640|44641|44644,2.3.1.220|6.2.1.25,2.3.1|6.2.1,2513
2387.0,ME.2387,metacyc,PWY-5409,,divinyl ether biosynthesis II,32851|32850,1.13.11.12,1.13.11,504
2388.0,ME.2388,metacyc,PWY-735,,jasmonic acid biosynthesis,31502|31503|31485|31486|31487|31488|31489|31490|31491|31492|31493|31494|31495|31496|31497|31498|31499|31500|31501,1.3.3.6|5.3.99.6|1.3.1.42|4.2.1.92|1.13.11.12|6.2.1|2.3.1.16|2.3.1.16|2.3.1.16|3.1.2.20|1.3.3.6|4.2.1|1.1.1|1.1.1|1.1.1|4.2.1|4.2.1|1.3.3.6,1.3.3|5.3.99|1.3.1|4.2.1|1.13.11|6.2.1|2.3.1|2.3.1|2.3.1|3.1.2|1.3.3|4.2.1|1.1.1|1.1.1|1.1.1|4.2.1|4.2.1|1.3.3,243
2389.0,ME.2389,metacyc,PWY-5749,,itaconate degradation,42103|42102|42105|42105|42104,6.2.1.4|4.1.3.25|2.8.3.20|2.8.3.22|4.2.1.56,6.2.1|4.1.3|2.8.3|2.8.3|4.2.1,2082
2390.0,ME.2390,metacyc,PWY-7530,,beta-D-galactosaminyl-(1rarr3)-N-acetyl-alpha-D-galactosamine biosynthesis,39766|39765,2.7.8.33,2.7.8,1674
2391.0,ME.2391,metacyc,PWY-5427,,naphthalene degradation (aerobic),38833|38832|38831|38829|38830|38834,5.99.1.4|4.1.2.45|1.13.11.56|1.2.1.65|1.3.1.29|1.14.12.12,5.99.1|4.1.2|1.13.11|1.2.1|1.3.1|1.14.12,1504
2392.0,ME.2392,metacyc,PWY-5410,,traumatin and (Z)-3-hexen-1-yl acetate biosynthesis,32045|32043|32049|32047|32046|32044|32050|32051|32048,1.13.11.12|1.13.11.12|1.1.1.2|2.3.1.195|1.1.1.1,1.13.11|1.13.11|1.1.1|2.3.1|1.1.1,345
2393.0,ME.2393,metacyc,PWY1G01-4,,glutarate degradation,43634|43635,1.14.11.64,1.14.11,2350
2394.0,ME.2394,metacyc,PWY-5002,,tetrahydroxyxanthone biosynthesis (from 3-hydroxybenzoate),43783|43785|43784|43781|43782,2.3.1.151|6.2.1.37,2.3.1|6.2.1,2378
2395.0,ME.2395,metacyc,PWY-6549,,L-glutamine biosynthesis III,43935|43928|43930|43928|43931|43929|43927|43931|43932|43933|43934,4.2.1.3|1.1.1.41|1.4.7.1|1.1.1.286|4.2.1.3|1.1.1.42|4.1.1.31|4.2.1.117|2.3.3.3|2.7.9.1|6.3.1.2,4.2.1|1.1.1|1.4.7|1.1.1|4.2.1|1.1.1|4.1.1|4.2.1|2.3.3|2.7.9|6.3.1,2403
2396.0,ME.2396,metacyc,PWY-5408,,9-lipoxygenase and 9-hydroperoxide lyase pathway,41106|41107|41108|41105,1.13.11.58|1.13.11.58,1.13.11|1.13.11,1915
2397.0,ME.2397,metacyc,PWY-5407,,9-lipoxygenase and 9-allene oxide synthase pathway,43829|43828|43831|43832|43830,1.13.11.58|1.13.11.58|4.2.1.92|3.3.2|4.2.1.92,1.13.11|1.13.11|4.2.1|3.3.2|4.2.1,2389
2398.0,ME.2398,metacyc,PWY-5177,,glutaryl-CoA degradation,49990|49992|49990|49991|49991|49994|49991|49993,2.3.1.9|4.2.1.150|2.3.1.16|6.4.1.4|7.2.4.5|1.3.8.6|1.1.1.35,2.3.1|4.2.1|2.3.1|6.4.1|7.2.4|1.3.8|1.1.1,3451
2399.0,ME.2399,metacyc,PWY-7905,,Escherichia coli serotype O9a O-antigen biosynthesis,41380|41382|41379|41385|41383|41384|41378|41386|41381,2.1.1.294|2.4.1.349|2.4.1.348|2.4.1.371|2.4.1.349|2.4.1.371|2.7.8.33|2.4.1.371|2.7.1.181,2.1.1|2.4.1|2.4.1|2.4.1|2.4.1|2.4.1|2.7.8|2.4.1|2.7.1,1954
2400.0,ME.2400,metacyc,PWY-5647,,2-nitrobenzoate degradation I,39553|39550|39551|39552|39555|39554,4.1.1.45|1.2.1.32|1.13.11.6|4.1.1.77,4.1.1|1.2.1|1.13.11|4.1.1,1630
2401.0,ME.2401,metacyc,PWY-7620,,naphthalene degradation (anaerobic),37592|37594|37595|37593,4.1.1|6.2.1,4.1.1|6.2.1,1268
2402.0,ME.2402,metacyc,TEICHOICACID-PWY,,poly(glycerol phosphate) wall teichoic acid biosynthesis,44120|44124|44129|44128|44127|44126|44125|44122|44121|44123,2.4.1.187|2.4.1.52|2.7.8.12|2.7.8.44|7.5.2.4|6.2.1.54|2.7.8.33|2.7.7.39,2.4.1|2.4.1|2.7.8|2.7.8|7.5.2|6.2.1|2.7.8|2.7.7,2437
2404.0,ME.2404,metacyc,PWY-8085,,picolinate degradation,48340|48342|48341,1.13.11.9|3.5.1.106|3.5.1.107,1.13.11|3.5.1|3.5.1,3163
2405.0,ME.2405,metacyc,PWY-7606,,"docosahexaenoate biosynthesis III (6-desaturase, mammals)",43237|43233|43229|43238|43228|43234|43239|43232|43227|43226|43235|43231|43236|43230,1.3.1.93|2.3.1|2.3.1|4.2.1.17|2.3.1.16|2.3.1|1.1.1|1.3.1.93|1.3.3.6|1.14.19.3|1.1.1.330|4.2.1.134|4.2.1.134|1.1.1.330,1.3.1|2.3.1|2.3.1|4.2.1|2.3.1|2.3.1|1.1.1|1.3.1|1.3.3|1.14.19|1.1.1|4.2.1|4.2.1|1.1.1,2282
2406.0,ME.2406,metacyc,GLYCEROLMETAB-PWY,,glycerol degradation V,40531|40531|40531|40531|40531|40531|40531|40531|40531|40532|40531|40531,1.1.1.21|1.1.1.1|1.1.1|1.1.1.6|1.1.1.9|1.1.1.156|1.1.1.11|1.1.1.287|1.1.1.202|2.7.1.121|1.1.99.22|1.1.1.14,1.1.1|1.1.1|1.1.1|1.1.1|1.1.1|1.1.1|1.1.1|1.1.1|1.1.1|2.7.1|1.1.99|1.1.1,1801
2407.0,ME.2407,metacyc,PWY-5648,,2-nitrobenzoate degradation II,32000|32001|32002,1.14.12.1,1.14.12,338
2408.0,ME.2408,metacyc,PWY-7727,,"docosahexaenoate biosynthesis IV (4-desaturase, mammals)",40457|40461|40460|40456|40459|40458,1.1.1.330|1.14.19|2.3.1|2.3.1|1.3.1.93|4.2.1.134,1.1.1|1.14.19|2.3.1|2.3.1|1.3.1|4.2.1,1783
2409.0,ME.2409,metacyc,PWY-301,,cyclohexane-1-carboxylate degradation (anaerobic),45959|45960,6.2.1|1.3.8.11,6.2.1|1.3.8,2743
2410.0,ME.2410,metacyc,PWY-7290,,Escherichia coli serotype O86 O-antigen biosynthesis,31178|31176|31177|31179|31180,2.4.1.306|2.7.8.33|2.4.1.309|2.4.1.308|2.4.1.122,2.4.1|2.7.8|2.4.1|2.4.1|2.4.1,195
2411.0,ME.2411,metacyc,PWY-7053,,docosahexaenoate biosynthesis I (lower eukaryotes),44779|44778|44775|44777|44776|44781|44780,1.3.1.93|4.2.1.134|1.14.19.31|1.1.1.330|2.3.1|2.3.1.23|2.3.1,1.3.1|4.2.1|1.14.19|1.1.1|2.3.1|2.3.1|2.3.1,2540
2412.0,ME.2412,metacyc,PWY-6735,,starch degradation IV,33825,3.2.1.20,3.2.1,660
2413.0,ME.2413,metacyc,PWY-2381,,4-nitrobenzoate degradation,48678|48677,4.3.3|1.7.1,4.3.3|1.7.1,3228
2414.0,ME.2414,metacyc,PWY-7817,,type I lipoteichoic acid biosynthesis (S. aureus),33511|33522|33510|33516|33517|33520|33519|33509|33513|33511|33508|33514|33521|33515|33518|33512,2.7.7.64|2.7.7.41|6.2.1.54|2.4.2|2.7.1.107|2.4.1.315|2.7.7.9|2.4.1.336|3.1.3.27|2.4.2|2.4.1.315|2.7.8.5,2.7.7|2.7.7|6.2.1|2.4.2|2.7.1|2.4.1|2.7.7|2.4.1|3.1.3|2.4.2|2.4.1|2.7.8,618
2415.0,ME.2415,metacyc,VALDEG-PWY,,L-valine degradation I,32668|32663|32666|32665|32667|32669|32670|32664,4.2.1.150|1.2.1.25|3.1.2.4|2.6.1.42|2.6.1.22|1.3.8.5|1.2.1.27|1.1.1.31,4.2.1|1.2.1|3.1.2|2.6.1|2.6.1|1.3.8|1.2.1|1.1.1,480
2416.0,ME.2416,metacyc,PWY-7686,,L-malate degradation II,46912,1.1.1.39,1.1.1,2911
2417.0,ME.2417,metacyc,PWY-6131,,glycerol degradation II,32068|32068|32068|32068|32068|32068|32068|32069|32068|32068|32068|32068,1.1.1.9|1.1.1.11|1.1.1.287|1.1.1.21|1.1.99.22|1.1.1.14|1.1.1.1|2.7.1.29|1.1.1.202|1.1.1|1.1.1.6|1.1.1.156,1.1.1|1.1.1|1.1.1|1.1.1|1.1.99|1.1.1|1.1.1|2.7.1|1.1.1|1.1.1|1.1.1|1.1.1,350
2418.0,ME.2418,metacyc,PWY-6737,,starch degradation V,46808|46808|46810|46808|46809|46811|46808|46808,5.4.2.3|5.4.2.10|3.2.1|5.4.2.2|2.4.1.1|2.4.1.25|5.4.2.8|5.4.2.5,5.4.2|5.4.2|3.2.1|5.4.2|2.4.1|2.4.1|5.4.2|5.4.2,2891
2419.0,ME.2419,metacyc,PWY-1361,,benzoyl-CoA degradation I (aerobic),37768|37766|37771|37770|37772|37769|37765|37767,1.2.1.77|1.14.13.208|4.2.1.17|5.3.3|4.2.1.17|4.1.2.44|2.3.1.174|1.1.1.35,1.2.1|1.14.13|4.2.1|5.3.3|4.2.1|4.1.2|2.3.1|1.1.1,1309
2420.0,ME.2420,metacyc,PWY-8002,,4-coumarate degradation (aerobic),47880|47879|47877|47876|47878,1.2.1.67|1.14.13.2|6.2.1.12,1.2.1|1.14.13|6.2.1,3099
2421.0,ME.2421,metacyc,N2FIX-PWY,,nitrogen fixation I (ferredoxin),45655,1.18.6.2,1.18.6,2693
2422.0,ME.2422,metacyc,PWY-8082,,glycine lipid biosynthesis,36537,2.3.1,2.3.1,1100
2423.0,ME.2423,metacyc,PWY-6724,,starch degradation II,46347|46346|46349|46348,2.7.9.5|2.7.9.4|2.4.1.25|3.2.1.2,2.7.9|2.7.9|2.4.1|3.2.1,2801
2424.0,ME.2424,metacyc,PWY-8051,,anandamide biosynthesis I,36386|36392|36387|36391|36394|36390|36389|36396|36385|36395|36393|36388,3.1.4.39|2.7.8.2|3.1.1.4|3.1.4.46|3.1.3.4|2.3.1.15|3.1.1.4|3.1.4.54|3.1.1.32|3.1.1.4|2.3.1.51,3.1.4|2.7.8|3.1.1|3.1.4|3.1.3|2.3.1|3.1.1|3.1.4|3.1.1|3.1.1|2.3.1,1090
2425.0,ME.2425,metacyc,CENTBENZCOA-PWY,,benzoyl-CoA degradation II (anaerobic),48590|48595|48592|48589|48593|48591|48594,1.1.1.259|2.3.1|1.1.1.368|1.3.7.8|3.7.1.21|4.2.1.100|3.7.1.21,1.1.1|2.3.1|1.1.1|1.3.7|3.7.1|4.2.1|3.7.1,3220
2426.0,ME.2426,metacyc,PWY-7467,,"2-acetamido-4-amino-2,4,6-trideoxy-alpha-D-galactosyl-diphospho-ditrans,octacis-undecaprenol biosynthesis",42029|42028|42030,2.6.1.92|4.2.1.135|2.7.8,2.6.1|4.2.1|2.7.8,2069
2427.0,ME.2427,metacyc,PWY-7046,,4-coumarate degradation (anaerobic),41923|41924|41920|41921|41925|41922,1.1.7.1|6.2.1.27|1.2.1.67|6.2.1.12,1.1.7|6.2.1|1.2.1|6.2.1,2051
2428.0,ME.2428,metacyc,PWY-5057,,L-valine degradation II,41187|41186|41188,2.6.1.42|1.1.1.1|4.1.1.72,2.6.1|1.1.1|4.1.1,1933
2429.0,ME.2429,metacyc,PWY-8011,,L-serine biosynthesis II,39743|39745|39742|39744,1.1.1|2.6.1.51|3.1.3.38|2.6.1.45,1.1.1|2.6.1|3.1.3|2.6.1,1669
2430.0,ME.2430,metacyc,PWY-6129,,dolichol and dolichyl phosphate biosynthesis,40141|40140|40139|40138,3.1.4|2.5.1.87|1.3.1.94|2.7.1.108,3.1.4|2.5.1|1.3.1|2.7.1,1736
2431.0,ME.2431,metacyc,PWY-6731,,starch degradation III,42789|42790|42789|42789|42789|42789,5.4.2.8|2.4.1.1|5.4.2.3|5.4.2.2|5.4.2.5|5.4.2.10,5.4.2|2.4.1|5.4.2|5.4.2|5.4.2|5.4.2,2195
2432.0,ME.2432,metacyc,PWY-8053,,anandamide biosynthesis II,33304|33298|33299|33300|33305|33301|33302|33303,3.1.4.54|2.7.8.2|2.3.1.51|2.3.1.15|3.1.3.4|3.1.4.39|3.1.1.4,3.1.4|2.7.8|2.3.1|2.3.1|3.1.3|3.1.4|3.1.1,577
2433.0,ME.2433,metacyc,P321-PWY,,benzoyl-CoA degradation III (anaerobic),39094|39090|39092|39093|39086|39088|39087|39091|39089,1.3.8.10|2.3.1|1.3.7.8|1.3.1.62|1.1.1.259|3.7.1|4.2.1,1.3.8|2.3.1|1.3.7|1.3.1|1.1.1|3.7.1|4.2.1,1543
2434.0,ME.2434,metacyc,PWY-8003,,trans-caffeate degradation (aerobic),31696|31697|31694|31695,6.2.1.12|1.2.1.67,6.2.1|1.2.1,277
2435.0,ME.2435,metacyc,PWY-7576,,nitrogen fixation II (flavodoxin),33058,1.19.6.1,1.19.6,532
2436.0,ME.2436,metacyc,SERSYN-PWY,,L-serine biosynthesis I,49139|49138|49137,3.1.3.3|2.6.1.52|1.1.1.95,3.1.3|2.6.1|1.1.1,3301
2437.0,ME.2437,metacyc,PWY-7746,,mycobacterial sulfolipid biosynthesis,32642|32645|32641|32640|32640|32640|32646|32639|32638|32647|32648|32637|32637|32636|32648|32648|32644|32643,3.1.2.14|3.1.2.14|2.3.1.86|3.1.2.14|3.1.2.21|2.3.1.85|3.1.2.14|2.3.1.288|6.2.1.57|2.3.1|2.3.1.85|6.2.1.49|6.2.1.57|2.8.2.37|3.1.2.21|3.1.2.14|2.3.1.283|2.3.1.284,3.1.2|3.1.2|2.3.1|3.1.2|3.1.2|2.3.1|3.1.2|2.3.1|6.2.1|2.3.1|2.3.1|6.2.1|6.2.1|2.8.2|3.1.2|3.1.2|2.3.1|2.3.1,476
2438.0,ME.2438,metacyc,PWY-7818,,type IV lipoteichoic acid biosynthesis (S. pneumoniae),35731|35738|35735|35734|35742|35736|35733|35744|35739|35740|35737|35743|35732|35741,1.1.1.137|2.4.1|2.7.7.40|2.7.7.15|2.7.8|2.7.1.32|2.7.8|2.7.8|2.4.1|6.2.1.54|2.7.8|2.4.1.336|2.4.1,1.1.1|2.4.1|2.7.7|2.7.7|2.7.8|2.7.1|2.7.8|2.7.8|2.4.1|6.2.1|2.7.8|2.4.1|2.4.1,971
2439.0,ME.2439,metacyc,PWY-7113,,furcatin degradation,37030,3.2.1.161,3.2.1,1179
2440.0,ME.2440,metacyc,SERDEG-PWY,,L-serine degradation,46195|46194|46196|46195|46195|46195|46195,4.4.1.35|4.3.1.17|3.5.99.10|4.4.1.25|4.3.1.17|4.4.1.28|4.4.1.13,4.4.1|4.3.1|3.5.99|4.4.1|4.3.1|4.4.1|4.4.1,2782
2441.0,ME.2441,metacyc,PWY-6952,,glycerophosphodiester degradation,34763|34764,3.1.4.46|1.1.5.3,3.1.4|1.1.5,820
2442.0,ME.2442,metacyc,PWY-5670,,epoxysqualene biosynthesis,30766|30765|30767|30766|30766|30766,1.3.1.96|2.5.1.103|1.14.14.17|1.3.1.97|2.5.1.21|2.5.1.103,1.3.1|2.5.1|1.14.14|1.3.1|2.5.1|2.5.1,107
2443.0,ME.2443,metacyc,PWY-2242,,ammonia oxidation III,46117|46119|46118,1.14.99.39,1.14.99,2772
2445.0,ME.2445,metacyc,PWY-6343,,ferulate degradation,32276|32274|32274|32275|32275,6.2.1.34|4.1.2.61|4.2.1.101|4.1.2.41|4.1.2.61,6.2.1|4.1.2|4.2.1|4.1.2|4.1.2,391
2446.0,ME.2446,metacyc,PWY-7743,,dimycocerosyl triglycosyl phenolphthiocerol biosynthesis,33849|33853|33852|33847|33844|33843|33848|33850|33851|33845|33846,2.3.1.111|2.3.1.282,2.3.1|2.3.1,667
2447.0,ME.2447,metacyc,PWY-7082,,ammonia oxidation IV (autotrophic ammonia oxidizers),48547|48548,7.1.1.8,7.1.1,3207
2448.0,ME.2448,metacyc,PWY-7815,,poly(ribitol phosphate) wall teichoic acid biosynthesis I (B. subtilis),50304|50303|50311|50302|50306|50301|50300|50299|50305|50310|50307|50309|50308,2.7.8.33|2.7.8.44|2.7.7.40|2.7.8.46|2.7.7.39|2.4.1.187|1.1.1.137|6.2.1.54|7.5.2.4|2.7.8.47|2.4.1.53,2.7.8|2.7.8|2.7.7|2.7.8|2.7.7|2.4.1|1.1.1|6.2.1|7.5.2|2.7.8|2.4.1,3491
2449.0,ME.2449,metacyc,PWY-7912,,dinoflagellate bioluminescence,42401,1.13.12.18,1.13.12,2125
2450.0,ME.2450,metacyc,PWY-7214,,baicalein degradation (hydrogen peroxide detoxification),37458|37459,3.2.1.167|1.11.1.7,3.2.1|1.11.1,1242
2451.0,ME.2451,metacyc,PWY0-1275,,lipoate biosynthesis and incorporation II,36127|36128,6.3.1.20|2.8.1.8,6.3.1|2.8.1,1041
2452.0,ME.2452,metacyc,PWY-5142,,acyl-[acyl-carrier protein] thioesterase pathway,37082,3.1.2.14,3.1.2,1189
2453.0,ME.2453,metacyc,PWY-7983,,pseudomonine biosynthesis,36272|36268|36266|36273|36267|36270|36269|36271,2.3.1,2.3.1,1067
2454.0,ME.2454,metacyc,AMMOXID-PWY,,ammonia oxidation I (aerobic),42921|42922,1.14.99.39|1.7.2.6,1.14.99|1.7.2,2228
2455.0,ME.2455,metacyc,PWY-7916,,squid bioluminescence,42725|42723|42726|42724,,,2182
2456.0,ME.2456,metacyc,DAPLYSINESYN-PWY,,L-lysine biosynthesis I,37284|37282|37281|37285|37286|37287|37283|37288,1.2.1.11|4.1.1.20|3.5.1.18|1.17.1.8|2.3.1.117|2.6.1.17|4.3.3.7|2.7.2.4,1.2.1|4.1.1|3.5.1|1.17.1|2.3.1|2.6.1|4.3.3|2.7.2,1216
2457.0,ME.2457,metacyc,PWY-6667,,resveratrol degradation,45966,1.13.11,1.13.11,2745
2458.0,ME.2458,metacyc,PWY-7740,,beta-D-mannosyl phosphomycoketide biosynthesis,40523|40522|40524,,,1798
2459.0,ME.2459,metacyc,PWY-5912,,2-deoxymugineic acid phytosiderophore biosynthesis,42879|42878|42877|42880,2.6.1.80|2.5.1.43|2.5.1.6|1.1.1.285,2.6.1|2.5.1|2.5.1|1.1.1,2216
2460.0,ME.2460,metacyc,PWY-6963,,ammonia assimilation cycle I,38273|38272,6.3.1.2|1.4.1.14,6.3.1|1.4.1,1396
2461.0,ME.2461,metacyc,PWY-7819,,poly(3-O-beta-D-glucopyranosyl-N-acetylgalactosamine 1-phosphate) wall teichoic acid biosynthesis,39521|39520|39518|39514|39516|39515|39517|39519,2.7.8.44|2.4.1|2.4.1|2.4.1.187|2.7.8.33|2.7.7.39|2.4.1|2.4.1,2.7.8|2.4.1|2.4.1|2.4.1|2.7.8|2.7.7|2.4.1|2.4.1,1624
2462.0,ME.2462,metacyc,PWY-7913,,firefly bioluminescence,44855|44865|44866|44861|44856|44857|44859|44860|44858|44862|44863|44864|44867,3.2.1.21|1.14.18.1|1.13.12.7|3.1.2.20,3.2.1|1.14.18|1.13.12|3.1.2,2558
2463.0,ME.2463,metacyc,PWY-7857,,adlupulone and adhumulone biosynthesis,47120|47119|47123|47118|47122|47121,2.5.1.136|2.3.1.156|6.2.1.1|2.5.1.137|2.5.1.137,2.5.1|2.3.1|6.2.1|2.5.1|2.5.1,2957
2464.0,ME.2464,metacyc,PWY-6984,,lipoate salvage II,47128|47127|47126|47125,2.3.1.200|3.5.1|6.3.1.20,2.3.1|3.5.1|6.3.1,2959
2465.0,ME.2465,metacyc,PWY-282,,cuticular wax biosynthesis,45738|45736|45735|45734|45737,2.3.1.75|4.1.99.5|1.1.99|1.2.1|1.2.1,2.3.1|4.1.99|1.1.99|1.2.1|1.2.1,2704
2466.0,ME.2466,metacyc,PWY-7571,,ferrichrome A biosynthesis,45962|45963|45964|45965|45961,2.3.3.10|1.14.13.196|3.5.1|6.3.2|4.2.1.18,2.3.3|1.14.13|3.5.1|6.3.2|4.2.1,2744
2467.0,ME.2467,metacyc,PWY-7937,,fungal bioluminescence,44967|44968|44966|44969,1.14.13,1.14.13,2584
2468.0,ME.2468,metacyc,PWY-3081,,L-lysine biosynthesis V,46047|46044|46045|46046|46047|46048|46048|46048|46049|46050|46051|46052|46053,1.1.1.87|4.2.1.36|2.3.3.14|2.6.1.39|1.1.1.286|4.2.1.36|4.2.1|4.2.1.114|3.5.1.130|6.3.2.43|6.3.2.43|2.7.2.17|1.2.1.103,1.1.1|4.2.1|2.3.3|2.6.1|1.1.1|4.2.1|4.2.1|4.2.1|3.5.1|6.3.2|6.3.2|2.7.2|1.2.1,2758
2469.0,ME.2469,metacyc,SOPHOROSYLOXYDOCOSANOATE-SYN-PWY,,sophorolipid biosynthesis,45333|45329|45330|45331|45332,1.14.14.80|2.4.1|2.4.1|2.3.1|2.3.1,1.14.14|2.4.1|2.4.1|2.3.1|2.3.1,2641
2470.0,ME.2470,metacyc,P42-PWY,,incomplete reductive TCA cycle,30860|30863|30862|30860|30861|30860|30860|30860|30860|30860|30866|30860|30860|30860|30860|30860|30859|30865|30865|30864,1.1.1.85|1.2.7.3|4.2.1.2|1.1.1.337|1.2.7.1|1.1.1.82|1.1.1.299|1.1.1.95|1.1.1.96|1.1.1.27|1.3.5.4|1.1.1.37|1.1.1.28|1.1.1.81|1.1.1.38|1.1.1.375|6.4.1.1|1.3.5.1|1.3.5.4|6.2.1.5,1.1.1|1.2.7|4.2.1|1.1.1|1.2.7|1.1.1|1.1.1|1.1.1|1.1.1|1.1.1|1.3.5|1.1.1|1.1.1|1.1.1|1.1.1|1.1.1|6.4.1|1.3.5|1.3.5|6.2.1,128
2471.0,ME.2471,metacyc,AEROBACTINSYN-PWY,,aerobactin biosynthesis,43403|43405|43404|43402,2.3.1.102|6.3.2.38|6.3.2.39|1.14.13.59,2.3.1|6.3.2|6.3.2|1.14.13,2315
2472.0,ME.2472,metacyc,PWY-6964,,ammonia assimilation cycle II,43260|43259,6.3.1.2|1.4.7.1,6.3.1|1.4.7,2289
2473.0,ME.2473,metacyc,PWY-7816,,poly(ribitol phosphate) wall teichoic acid biosynthesis II (S. aureus),40246|40247|40248|40249|40250|40251|40253|40254|40255|40257|40252|40258|40259|40260|40256,1.1.1.137|2.4.1.187|2.7.7.39|2.7.7.40|2.7.8.33|2.4.1.70|2.7.8.45|2.7.8.14|2.7.8.14|6.2.1.54|2.4.1.355|2.7.8.44|7.5.2.4,1.1.1|2.4.1|2.7.7|2.7.7|2.7.8|2.4.1|2.7.8|2.7.8|2.7.8|6.2.1|2.4.1|2.7.8|7.5.2,1760
2474.0,ME.2474,metacyc,PWY-7914,,coral bioluminescence,46795|46797|46796|46794,2.8.2.10,2.8.2,2888
2475.0,ME.2475,metacyc,PWY0-501,,lipoate biosynthesis and incorporation I,41135|41136,2.3.1.181|2.8.1.8,2.3.1|2.8.1,1919
2476.0,ME.2476,metacyc,PWY-5140,,cannabinoid biosynthesis,48066|48067|48069|48070|48072|48073|48065|48074|48068|48075|48071,1.21.3.8|2.5.1.102|6.2.1.2|1.21.3.7|1.21.99|4.4.1.26,1.21.3|2.5.1|6.2.1|1.21.3|1.21.99|4.4.1,3134
2477.0,ME.2477,metacyc,PWY-6804,,diacylglycerol biosynthesis (PUFA enrichment in oilseed),31851|31850,2.7.8|2.7.8.2,2.7.8|2.7.8,303
2478.0,ME.2478,metacyc,PWY-5392,,reductive TCA cycle II,32077|32089|32088|32087|32086|32086|32085|32084|32083|32082|32081|32081|32080|32079|32078|32077|32077|32077|32077|32077|32077|32077|32077|32077|32077|32077,1.1.1.85|6.4.1.7|1.3.5.4|1.1.1|1.3.5.4|1.3.5.1|4.2.1.3|6.2.1.5|6.2.1.18|1.2.7.3|4.2.1.117|4.2.1.3|4.2.1.2|4.1.3.34|1.2.7.1|1.1.1.82|1.1.1.299|1.1.1.96|1.1.1.37|1.1.1.28|1.1.1.81|1.1.1.38|1.1.1.375|1.1.1.337|1.1.1.95|1.1.1.27,1.1.1|6.4.1|1.3.5|1.1.1|1.3.5|1.3.5|4.2.1|6.2.1|6.2.1|1.2.7|4.2.1|4.2.1|4.2.1|4.1.3|1.2.7|1.1.1|1.1.1|1.1.1|1.1.1|1.1.1|1.1.1|1.1.1|1.1.1|1.1.1|1.1.1|1.1.1,352
2479.0,ME.2479,metacyc,GLYCLEAV-PWY,,glycine cleavage,42917|42915|42916,1.8.1.4|1.4.4.2|2.1.2.10,1.8.1|1.4.4|2.1.2,2226
2480.0,ME.2480,metacyc,PWY-6408,,pyochelin biosynthesis,32308|32303|32306|32302|32305|32311|32307|32309|32304|32310|32301,,,397
2481.0,ME.2481,metacyc,GLNSYN-PWY,,L-glutamine biosynthesis I,47361,6.3.1.2,6.3.1,2997
2482.0,ME.2482,metacyc,PWY-7723,,bacterial bioluminescence,31757|31758|31758|31748|31749|31750|31751|31752|31752|31752|31753|31754|31758|31755|31756,3.1.2.14|2.3.1.85|3.1.2.21|1.14.14.3|1.5.1.38|1.5.1.42|3.1.2.2|2.3.1.85|3.1.2.21|3.1.2.14|6.2.1.19|1.2.1.50|3.1.2.14|3.1.2.14|3.1.2.14,3.1.2|2.3.1|3.1.2|1.14.14|1.5.1|1.5.1|3.1.2|2.3.1|3.1.2|3.1.2|6.2.1|1.2.1|3.1.2|3.1.2|3.1.2,290
2483.0,ME.2483,metacyc,LYSINE-AMINOAD-PWY,,L-lysine biosynthesis IV,38424|38424|38421|38424|38420|38425|38426|38422|38423|38419|38418|38423,4.2.1|4.2.1.114|2.3.3.14|4.2.1.36|4.2.1.36|2.6.1.39|1.1.1.286|1.5.1.10|1.5.1.7|1.1.1.87,4.2.1|4.2.1|2.3.3|4.2.1|4.2.1|2.6.1|1.1.1|1.5.1|1.5.1|1.1.1,1435
2484.0,ME.2484,metacyc,PWY-6823,,molybdenum cofactor biosynthesis,46930|46931|46927|46929|46932|46933|46928|46934,4.1.99.22|2.7.7.80|2.10.1.1|4.6.1.17|2.8.1.11|2.8.1.12|2.7.7.75,4.1.99|2.7.7|2.10.1|4.6.1|2.8.1|2.8.1|2.7.7,2918
2485.0,ME.2485,metacyc,P23-PWY,,reductive TCA cycle I,33329|33326|33327|33327|33327|33327|33337|33327|33327|33327|33335|33331|33327|33327|33328|33331|33330|33337|33336|33332|33327|33327|33333|33327|33334|33338,1.2.7.1|4.1.1.31|1.1.1.27|1.1.1.95|1.1.1.337|1.1.1.85|1.3.5.4|1.1.1.375|1.1.1.38|1.1.1.81|6.2.1.5|4.2.1.117|1.1.1.28|1.1.1.37|1.1.1.42|4.2.1.3|4.2.1.2|1.3.5.1|4.2.1.3|2.3.3.8|1.1.1.96|1.1.1.299|2.7.9.2|1.1.1.82|1.2.7.3|1.3.5.4,1.2.7|4.1.1|1.1.1|1.1.1|1.1.1|1.1.1|1.3.5|1.1.1|1.1.1|1.1.1|6.2.1|4.2.1|1.1.1|1.1.1|1.1.1|4.2.1|4.2.1|1.3.5|4.2.1|2.3.3|1.1.1|1.1.1|2.7.9|1.1.1|1.2.7|1.3.5,582
2486.0,ME.2486,metacyc,LIPA-CORESYN-PWY,,lipid A-core biosynthesis (E. coli K-12),37785|37781|37778|37779|37777|37783|37784|37782|37780,2.7.1|2.4.1.73|2.4.1.58|2.4.1,2.7.1|2.4.1|2.4.1|2.4.1,1311
2487.0,ME.2487,metacyc,PWY-8008,,staphyloferrin B biosynthesis,39176|39171|39172|39173|39174|39175|39177,6.3.2.55|1.5.1.51|2.5.1.140|2.7.1.225|4.1.1.117|6.3.2.54|6.3.2.56,6.3.2|1.5.1|2.5.1|2.7.1|4.1.1|6.3.2|6.3.2,1559
2488.0,ME.2488,metacyc,REDCITCYC,,TCA cycle VI (Helicobacter),49732|49740|49739|49738|49738|49737|49736|49735|49734|49733|49733|49731,4.2.1.2|1.1.5.4|1.3.5.4|1.3.5.4|1.3.5.1|2.8.3.5|4.2.1.3|1.2.7.3|2.3.3.3|4.2.1.117|4.2.1.3|1.1.1.42,4.2.1|1.1.5|1.3.5|1.3.5|1.3.5|2.8.3|4.2.1|1.2.7|2.3.3|4.2.1|4.2.1|1.1.1,3403
2489.0,ME.2489,metacyc,PWY-6987,,lipoate biosynthesis and incorporation III (Bacillus),48366|48365|48367,2.3.1.181|2.3.1.204|2.8.1.8,2.3.1|2.3.1|2.8.1,3169
2490.0,ME.2490,metacyc,PWY-5132,,lupulone and humulone biosynthesis,31478|31475|31473|31477|31476|31474,2.5.1.137|2.3.1.156|6.2.1.1|2.5.1.137|2.5.1.136,2.5.1|2.3.1|6.2.1|2.5.1|2.5.1,240
2491.0,ME.2491,metacyc,PWY0-1264,,biotin-carboxyl carrier protein assembly,47320|47319|47318,2.1.3.15|6.3.4.14|6.3.4.15,2.1.3|6.3.4|6.3.4,2988
2492.0,ME.2492,metacyc,2PHENDEG-PWY,,phenylethylamine degradation I,31689|31690,1.2.1.39|1.4.3.4,1.2.1|1.4.3,274
2493.0,ME.2493,metacyc,PWY-8015,,glycine degradation (Stickland reaction),37534|37534|37535,2.7.2.15|2.7.2.1|1.21.4.2,2.7.2|2.7.2|1.21.4,1257
2494.0,ME.2494,metacyc,PWY-6379,,alcaligin biosynthesis,49079|49078|49076|49077|49075,6.3.2|2.3.1,6.3.2|2.3.1,3289
2495.0,ME.2495,metacyc,PWY-4984,,urea cycle,44871|44872|44872|44872|44870|44869|44868,4.3.2.1|2.1.3.6|2.1.3.3|3.5.3.12|3.5.3.1|6.3.4.5|6.3.4.16,4.3.2|2.1.3|2.1.3|3.5.3|3.5.3|6.3.4|6.3.4,2559
2496.0,ME.2496,metacyc,PWY-5097,,L-lysine biosynthesis VI,31039|31038|31037|31040|31036|31035,2.7.2.4|1.17.1.8|1.2.1.11|2.6.1.83|4.3.3.7|4.1.1.20,2.7.2|1.17.1|1.2.1|2.6.1|4.3.3|4.1.1,166
2497.0,ME.2497,metacyc,PWY-6453,,stigma estolide biosynthesis,37153|37156|37159|37157|37155|37154|37158,1.14.14.129|2.3.1.51|3.1.3.4|2.3.1|2.3.1.15|1.14.14.129,1.14.14|2.3.1|3.1.3|2.3.1|2.3.1|1.14.14,1205
2498.0,ME.2498,metacyc,PWY-6534,,phenylethylamine degradation II,37128|37127,1.4.98|1.2.1.39,1.4.98|1.2.1,1200
2499.0,ME.2499,metacyc,PWY-7988,,baumannoferrin biosynthesis,44895|44888|44889|44898|44890|44891|44892|44893|44894|44897|44896,6.3.2|2.6.1.76|4.1.1.86|6.3.2|6.3.2|6.3.2|2.3.1|6.3.2|2.3.1|6.3.2,6.3.2|2.6.1|4.1.1|6.3.2|6.3.2|6.3.2|2.3.1|6.3.2|2.3.1|6.3.2,2566
2500.0,ME.2500,metacyc,PWY-7387,,hypotaurine degradation,30965|30966|30967,1.2.1.3|2.6.1.77|3.13.1,1.2.1|2.6.1|3.13.1,145
2501.0,ME.2501,metacyc,PWY-3462,,L-phenylalanine biosynthesis II,44574|44573|44572,2.6.1.79|5.4.99.5|4.2.1.91,2.6.1|5.4.99|4.2.1,2502
2502.0,ME.2502,metacyc,PWY-6969,,TCA cycle V (2-oxoglutarate:ferredoxin oxidoreductase),36144|36154|36144|36155|36144|36144|36144|36144|36144|36147|36144|36146|36144|36145|36144|36152|36153|36149|36150|36148|36151|36144|36148|36144,1.1.1.82|2.6.1|1.1.1.81|1.3.5.1|1.1.1.37|1.1.1.96|1.1.1.299|1.1.1.28|1.1.1.38|4.2.1.2|1.1.1.337|4.1.3.1|1.1.1.85|1.1.1.42|1.1.1.375|6.2.1.5|4.2.1.3|2.3.3.3|2.3.3.9|4.2.1.117|1.2.7.3|1.1.1.27|4.2.1.3|1.1.1.95,1.1.1|2.6.1|1.1.1|1.3.5|1.1.1|1.1.1|1.1.1|1.1.1|1.1.1|4.2.1|1.1.1|4.1.3|1.1.1|1.1.1|1.1.1|6.2.1|4.2.1|2.3.3|2.3.3|4.2.1|1.2.7|1.1.1|4.2.1|1.1.1,1047
2503.0,ME.2503,metacyc,PWY0-522,,lipoate salvage I,36851|36852,6.3.1.20|6.3.1.20,6.3.1|6.3.1,1149
2504.0,ME.2504,metacyc,PWY-5808,,hyperforin and adhyperforin biosynthesis,43776|43779|43778|43775|43774|43773|43780|43777,2.5.1.137|2.5.1.137|2.5.1.136|2.5.1.136|2.3.1.156|2.3.1.156,2.5.1|2.5.1|2.5.1|2.5.1|2.3.1|2.3.1,2377
2505.0,ME.2505,metacyc,GLYSYN-THR-PWY,,glycine biosynthesis IV,33395|33396|33396|33395|33396|33396|33396,4.1.2.48|4.1.2.5|4.1.2.48|4.1.2.5|4.1.2.42|4.1.2.26|2.1.2.1,4.1.2|4.1.2|4.1.2|4.1.2|4.1.2|4.1.2|2.1.2,598
2506.0,ME.2506,metacyc,PWY-6994,,L-pyrrolysine biosynthesis,35595|35594|35593,1.4.1|5.4.99.58,1.4.1|5.4.99,945
2507.0,ME.2507,metacyc,PWY-8073,,lipid IVA biosynthesis (P. putida),34296,2.3.1.129,2.3.1,733
2508.0,ME.2508,metacyc,PWY-6375,,desferrioxamine E biosynthesis,38734|38735|38732|38736|38733,4.1.1.18|6.3.3,4.1.1|6.3.3,1483
2509.0,ME.2509,metacyc,PWY-7683,,nitrite reduction (hemoglobin),40137|40135|40136,1.7.2|1.7.2|1.7.2,1.7.2|1.7.2|1.7.2,1735
2510.0,ME.2510,metacyc,PWY-2941,,L-lysine biosynthesis II,42101|42094|42095|42096|42097|42098|42099|42100,3.5.1.47|4.1.1.20|4.3.3.7|1.2.1.11|1.17.1.8|2.3.1.89|2.7.2.4,3.5.1|4.1.1|4.3.3|1.2.1|1.17.1|2.3.1|2.7.2,2081
2511.0,ME.2511,metacyc,PWY-5884,,wax esters biosynthesis I,40508|40509,1.2.1.84|2.3.1.75,1.2.1|2.3.1,1795
2512.0,ME.2512,metacyc,PWY-7984,,acinetobactin biosynthesis,34356|34357|34353|34352|34358|34355|34354|34351,2.3.1|2.7.7.58,2.3.1|2.7.7,742
2513.0,ME.2513,metacyc,PWY-7704,,viridicatin biosynthesis,35032|35030|35031|35033,1.14.11|6.3.2.40|1.14.20,1.14.11|6.3.2|1.14.20,863
2514.0,ME.2514,metacyc,PWY-7432,,"L-phenylalanine biosynthesis III (cytosolic, plants)",44183|44182,4.2.1.51|2.6.1.57,4.2.1|2.6.1,2447
2515.0,ME.2515,metacyc,P105-PWY,,TCA cycle IV (2-oxoglutarate decarboxylase),38685|38685|38685|38685|38685|38686|38687|38688|38689|38685|38690|38690|38691|38692|38693|38694|38695|38685|38685|38685|38685|38685|38685,1.1.1.28|1.1.1.37|1.1.1.96|1.1.1.299|1.1.1.82|1.1.1.42|1.2.1.79|4.1.3.1|4.2.1.2|1.1.1.85|4.2.1.3|4.2.1.117|2.3.3.3|2.3.3.9|4.1.1.71|4.2.1.3|1.3.5.1|1.1.1.337|1.1.1.95|1.1.1.27|1.1.1.38|1.1.1.375|1.1.1.81,1.1.1|1.1.1|1.1.1|1.1.1|1.1.1|1.1.1|1.2.1|4.1.3|4.2.1|1.1.1|4.2.1|4.2.1|2.3.3|2.3.3|4.1.1|4.2.1|1.3.5|1.1.1|1.1.1|1.1.1|1.1.1|1.1.1|1.1.1,1480
2516.0,ME.2516,metacyc,PWY-6333,,acetaldehyde biosynthesis I,35872|35870|35870|35870|35870|35870|35870|35870|35870|35870|35870|35870|35870|35870|35870|35870|35870|35870|35870|35870|35870|35870|35871|35872|35872|35872|35872|35872|35872|35872|35872|35872|35872|35872|35872|35872|35872|35872|35872|35872|35872|35872|35872,1.1.1.1|1.1.1.71|1.1.1.6|1.1.1.77|1.1.1.244|1.1.1.73|1.1.1.307|1.1.1.21|1.1.1.11|1.1.1.80|1.1.1.1|1.1.1.192|1.1.1.284|1.1.1.245|1.1.1.17|1.1.1.202|1.1.1.14|1.1.1.2|1.1.1.306|1.1.1.184|1.1.1.78|1.1.1.103|1.1.1.1|1.1.1.71|1.1.1.6|1.1.1.77|1.1.1.244|1.1.1.73|1.1.1.307|1.1.1.21|1.1.1.11|1.1.1.80|1.1.1.192|1.1.1.284|1.1.1.245|1.1.1.17|1.1.1.202|1.1.1.14|1.1.1.2|1.1.1.306|1.1.1.184|1.1.1.78|1.1.1.103,1.1.1|1.1.1|1.1.1|1.1.1|1.1.1|1.1.1|1.1.1|1.1.1|1.1.1|1.1.1|1.1.1|1.1.1|1.1.1|1.1.1|1.1.1|1.1.1|1.1.1|1.1.1|1.1.1|1.1.1|1.1.1|1.1.1|1.1.1|1.1.1|1.1.1|1.1.1|1.1.1|1.1.1|1.1.1|1.1.1|1.1.1|1.1.1|1.1.1|1.1.1|1.1.1|1.1.1|1.1.1|1.1.1|1.1.1|1.1.1|1.1.1|1.1.1|1.1.1,989
2517.0,ME.2517,metacyc,PWY-5133,,colupulone and cohumulone biosynthesis,43401|43398|43400|43396|43399|43397,2.5.1.137|2.5.1.137|2.5.1.136|2.3.1.156|6.2.1.1,2.5.1|2.5.1|2.5.1|2.3.1|6.2.1,2314
2518.0,ME.2518,metacyc,PWY-7382,,lipoate biosynthesis and incorporation IV (yeast),49149|49145|49152|49151|49150|49148|49147|49146|49145|49145|49145,2.3.1|2.3.1.85|2.8.1.8|2.3.1|2.8.1.8|2.8.3|2.8.1.8|2.3.1.181|2.8.3|2.3.1|2.3.1.38,2.3.1|2.3.1|2.8.1|2.3.1|2.8.1|2.8.3|2.8.1|2.3.1|2.8.3|2.3.1|2.3.1,3303
2519.0,ME.2519,metacyc,PWY-7744,,dimycocerosyl phthiocerol biosynthesis,45887|45884|45885|45886,2.3.1.282|2.3.1.111,2.3.1|2.3.1,2731
2520.0,ME.2520,metacyc,GLYCINE-SYN2-PWY,,glycine biosynthesis II,32355,1.4.4.2,1.4.4,412
2521.0,ME.2521,metacyc,PWY-5925,,hydroxylated mugineic acid phytosiderophore biosynthesis,39309|39308|39307,1.14.11.25|1.14.11.25|1.14.11.24,1.14.11|1.14.11|1.14.11,1593
2522.0,ME.2522,metacyc,PWY-7525,,fumitremorgin C biosynthesis,35005|35010|35007|35006|35009|35008|35004,2.1.1.293|1.14.19.71|1.14.14.118|6.3.3|1.14.19.71|2.5.1.106,2.1.1|1.14.19|1.14.14|6.3.3|1.14.19|2.5.1,857
2523.0,ME.2523,metacyc,PHESYN,,L-phenylalanine biosynthesis I,34673|34673|34674|34673|34675,2.6.1.57|2.6.1.1|5.4.99.5|2.6.1.27|4.2.1.51,2.6.1|2.6.1|5.4.99|2.6.1|4.2.1,801
2524.0,ME.2524,metacyc,PWY-2942,,L-lysine biosynthesis III,41506|41500|41501|41502|41503|41504|41505,3.5.99|4.1.1.20|4.3.3.7|1.2.1.11|1.17.1.8|1.4.1.16|2.7.2.4,3.5.99|4.1.1|4.3.3|1.2.1|1.17.1|1.4.1|2.7.2,1969
2525.0,ME.2525,metacyc,PWY-7969,,5-hydroxybenzimidazolyl adenosylcobamide biosynthesis from adenosylcobinamide-GDP,33945,2.4.2.21,2.4.2,685
2526.0,ME.2526,metacyc,PWY-7741,,phthiocerol biosynthesis,30826|30833|30830|30828|30831|30829|30832|30827,2.3.1.292,2.3.1,120
2527.0,ME.2527,metacyc,PWY-7577,,ferrichrome biosynthesis,39212|39213,2.3.1|6.3.2,2.3.1|6.3.2,1571
2528.0,ME.2528,metacyc,PWY-7270,,L-methionine salvage cycle II (plants),40232,4.4.1.14,4.4.1,1757
2529.0,ME.2529,metacyc,PWY-6914,,sophoraflavanone G biosynthesis,39237|39238|39236,2.5.1.71|1.14.14.142|2.5.1.70,2.5.1|1.14.14|2.5.1,1579
2530.0,ME.2530,metacyc,TCA,,TCA cycle I (prokaryotic),33527|33536|33535|33534|33533|33532|33531|33530|33530|33529|33528|33527|33527|33527|33527|33527|33527|33527|33527|33527|33527|33527,1.1.1.337|1.3.5.1|1.1.5.4|1.2.1.105|4.2.1.3|6.2.1.5|2.3.3.3|4.2.1.117|4.2.1.3|4.2.1.2|1.1.1.42|1.1.1.27|1.1.1.82|1.1.1.95|1.1.1.299|1.1.1.96|1.1.1.37|1.1.1.28|1.1.1.81|1.1.1.38|1.1.1.375|1.1.1.85,1.1.1|1.3.5|1.1.5|1.2.1|4.2.1|6.2.1|2.3.3|4.2.1|4.2.1|4.2.1|1.1.1|1.1.1|1.1.1|1.1.1|1.1.1|1.1.1|1.1.1|1.1.1|1.1.1|1.1.1|1.1.1|1.1.1,621
2531.0,ME.2531,metacyc,PWY-7966,,5-methoxy-6-methylbenzimidazolyl adenosylcobamide biosynthesis from adenosylcobinamide-GDP,47862,2.4.2.21,2.4.2,3095
2532.0,ME.2532,metacyc,PWY-7105,,olivetol biosynthesis,31366|31367|31365|31369|31368,4.4.1|4.4.1|4.4.1,4.4.1|4.4.1|4.4.1,228
2533.0,ME.2533,metacyc,GLYSYN-ALA-PWY,,glycine biosynthesis III,41699,2.6.1.44,2.6.1,2007
2534.0,ME.2534,metacyc,PWY-321,,cutin biosynthesis,42955|42954|42953|42952|42951|42963|42950|42961|42949|42948|42962|42958|42959|42957|42960|42956,1.14.14.80|1.11.2.3|1.14.13|3.3.2|6.2.1.3|1.14.14.80|3.3.2|1.11.2.3|3.1.2.2|3.1.2.2|1.14.14.80|1.2.1|1.1.1|1.1.1|1.2.1|1.14.14.80,1.14.14|1.11.2|1.14.13|3.3.2|6.2.1|1.14.14|3.3.2|1.11.2|3.1.2|3.1.2|1.14.14|1.2.1|1.1.1|1.1.1|1.2.1|1.14.14,2236
2535.0,ME.2535,metacyc,PWY-5063,,phytyl diphosphate biosynthesis,47837|47836|47835,1.3.1.83|1.3.1.83|1.3.1.83,1.3.1|1.3.1|1.3.1,3089
2536.0,ME.2536,metacyc,ENTBACSYN-PWY,,enterobactin biosynthesis,34129|34130|34134|34132|34131|34135|34133|34136,2.7.7.58|2.7.8.7|2.7.8.7,2.7.7|2.7.8|2.7.8,708
2537.0,ME.2537,metacyc,PWY-7135,,emetine biosynthesis,37695|37696|37699|37701|37702|37698|37697|37700,4.3.3.3|2.1.1|2.1.1|2.1.1|3.2.1|2.1.1,4.3.3|2.1.1|2.1.1|2.1.1|3.2.1|2.1.1,1295
2538.0,ME.2538,metacyc,PWY-5135,,xanthohumol biosynthesis,40102|40104|40103,2.1.1.338|2.5.1.136|6.2.1.12,2.1.1|2.5.1|6.2.1,1726
2539.0,ME.2539,metacyc,PWY-7593,,linoleate biosynthesis III (cyanobacteria),50314,1.14.19.45,1.14.19,3493
2540.0,ME.2540,metacyc,PWY-7963,,4-methylphenyl adenosylcobamide biosynthesis from adenosylcobinamide-GDP,45868|45869,2.4.2.55|3.1.3.73,2.4.2|3.1.3,2727
2541.0,ME.2541,metacyc,TRIGLSYN-PWY,,diacylglycerol and triacylglycerol biosynthesis,30953|30954|30955|30956|30957|30951|30952,2.3.1.20|2.3.1.51|2.7.1.174|2.3.1.158|2.3.1|3.1.3.4|2.3.1.15,2.3.1|2.3.1|2.7.1|2.3.1|2.3.1|3.1.3|2.3.1,143
2542.0,ME.2542,metacyc,PWY-6640,,salicylate degradation IV,40517|40520|40519|40521|40518,1.13.11.4|1.14.13.209,1.13.11|1.14.13,1797
2543.0,ME.2543,metacyc,PWY-6409,,pyoverdine I biosynthesis,31470|31472|31467|31468|31469|31471,3.5.1|2.6.1.76|1.14.13.196|6.3.2|1.14.18,3.5.1|2.6.1|1.14.13|6.3.2|1.14.18,239
2544.0,ME.2544,metacyc,PWY-7605,,roquefortine C biosynthesis,48416|48417|48418|48419|48420,2.5.1|2.5.1|6.3.2|1.14.19|1.14.19,2.5.1|2.5.1|6.3.2|1.14.19|1.14.19,3181
2545.0,ME.2545,metacyc,PWY-7254,,TCA cycle VII (acetate-producers),31257|31249|31252|31250|31253|31254|31251|31251|31255|31256,1.3.5.1|1.1.1.42|2.3.3.3|4.2.1.2|2.8.3.18|4.2.1.3|4.2.1.117|4.2.1.3|1.2.1.105|1.1.5.4,1.3.5|1.1.1|2.3.3|4.2.1|2.8.3|4.2.1|4.2.1|4.2.1|1.2.1|1.1.5,206
2546.0,ME.2546,metacyc,PWY-7970,,benzimidazolyl adenosylcobamide biosynthesis from adenosylcobinamide-GDP,38025|38026,2.4.2.21|3.1.3.73,2.4.2|3.1.3,1343
2547.0,ME.2547,metacyc,GLYSYN-PWY,,glycine biosynthesis I,46663|46664,2.1.2.1|2.1.2.1,2.1.2|2.1.2,2864
2548.0,ME.2548,metacyc,PWY-6818,,ornithine lipid biosynthesis,43026|43025|43027|43028,2.3.1.270|2.3.2.30|2.3.2.30|2.3.1.270,2.3.1|2.3.2|2.3.2|2.3.1,2249
2549.0,ME.2549,metacyc,PWY-6183,,salicylate degradation I,37659,1.14.13.1,1.14.13,1285
2550.0,ME.2550,metacyc,PWY-5031,,L-histidine degradation V,48566|48565,2.6.1.58|1.1.1.27,2.6.1|1.1.1,3213
2551.0,ME.2551,metacyc,PWY-8023,,salmochelin biosynthesis,49439|49437|49438,2.4.1.369|2.4.1.369|2.4.1.369,2.4.1|2.4.1|2.4.1,3355
2552.0,ME.2552,metacyc,PWY-6027,,capsiconiate biosynthesis,47486|47488|47486|47489|47487,1.1.1.194|2.3.1|1.1.1.195|1.2.1.44,1.1.1|2.3.1|1.1.1|1.2.1,3018
2553.0,ME.2553,metacyc,PWY-5995,,linoleate biosynthesis I (plants),36538|36541|36540|36539,1.14.19.22|2.3.1.23|2.3.1.23|1.14.19.23,1.14.19|2.3.1|2.3.1|1.14.19,1101
2554.0,ME.2554,metacyc,PWY-7967,,5-methoxybenzimidazolyl adenosylcobamide biosynthesis from adenosylcobinamide-GDP,35538,2.4.2.21,2.4.2,930
2555.0,ME.2555,metacyc,PWY-6224,,salicylate degradation II,39665,1.14.13.172,1.14.13,1654
2556.0,ME.2556,metacyc,PWY-6381,,bisucaberin biosynthesis,41788|41787|41791|41789|41790,4.1.1.18,4.1.1,2022
2557.0,ME.2557,metacyc,ADENOSYLHOMOCYSCAT-PWY,,L-methionine salvage from L-homocysteine,42863|42865|42865|42864|42866,2.1.1.5|2.1.1.14|2.1.1.13|2.1.1.10|2.1.1.13,2.1.1|2.1.1|2.1.1|2.1.1|2.1.1,2213
2558.0,ME.2558,metacyc,PWY-5690,,TCA cycle II (plants and fungi),40965|40968|40967|40971|40972|40964|40964|40969|40964|40964|40964|40964|40964|40964|40964|40964|40964|40967|40964|40966|40970|40965,1.1.1.286|2.3.3.3|4.2.1.117|1.2.1.105|1.3.5.1|1.1.1.95|1.1.1.375|6.2.1.5|1.1.1.27|1.1.1.337|1.1.1.37|1.1.1.299|1.1.1.28|1.1.1.81|1.1.1.38|1.1.1.82|1.1.1.85|4.2.1.3|1.1.1.96|4.2.1.2|4.2.1.3|1.1.1.41,1.1.1|2.3.3|4.2.1|1.2.1|1.3.5|1.1.1|1.1.1|6.2.1|1.1.1|1.1.1|1.1.1|1.1.1|1.1.1|1.1.1|1.1.1|1.1.1|1.1.1|4.2.1|1.1.1|4.2.1|4.2.1|1.1.1,1890
2559.0,ME.2559,metacyc,PWY-7964,,adeninyl adenosylcobamide biosynthesis from adenosylcobinamide-GDP,31658,2.4.2.21,2.4.2,265
2560.0,ME.2560,metacyc,PWY3DJ-11281,,sphingomyelin metabolism,46640|46639|46638,3.1.4.12|2.7.8.27|3.5.1.109,3.1.4|2.7.8|3.5.1,2861
2561.0,ME.2561,metacyc,PWY-6636,,salicylate degradation III,48064,4.1.1.91,4.1.1,3133
2562.0,ME.2562,metacyc,HISTDEG-PWY,,L-histidine degradation IV,46855|46856,1.1.1.111|2.6.1.38,1.1.1|2.6.1,2899
2563.0,ME.2563,metacyc,PWY-7989,,acinetoferrin biosynthesis,35528|35527|35526|35529,6.3.2|6.3.2|2.3.1,6.3.2|6.3.2|2.3.1,928
2564.0,ME.2564,metacyc,PWY-2503,,benzoate degradation I (aerobic),35027|35026,1.3.1.25|1.14.12.10,1.3.1|1.14.12,861
2565.0,ME.2565,metacyc,PWY-7600,,peramine biosynthesis,48000,6.3.2,6.3.2,3121
2566.0,ME.2566,metacyc,PWY-6001,,linoleate biosynthesis II (animals),35598|35599,1.14.19.6|6.2.1.3,1.14.19|6.2.1,947
2567.0,ME.2567,metacyc,PWY-5509,,adenosylcobalamin biosynthesis from adenosylcobinamide-GDP I,33059|33061|33060,2.4.2.21|2.7.8.26|3.1.3.73,2.4.2|2.7.8|3.1.3,533
2568.0,ME.2568,metacyc,PWY-5418,,phenol degradation I (aerobic),35408,1.14.13.7,1.14.13,910
2569.0,ME.2569,metacyc,PWY-6795,,"diacylglyceryl-N,N,N-trimethylhomoserine biosynthesis",45033|45032,,,2598
2570.0,ME.2570,metacyc,PWY-6376,,desferrioxamine B biosynthesis,42643|42642|42641|42640|42644,2.3.1.102|4.1.1.18,2.3.1|4.1.1,2163
2571.0,ME.2571,metacyc,PWY-283,,benzoate degradation II (aerobic and anaerobic),33067,6.2.1.25,6.2.1,535
2572.0,ME.2572,metacyc,PWY-5748,,gamma-coniciene and coniine biosynthesis,42674|42676|42678|42671|42677|42672|42673|42675,1.14.99|1.5.5|2.1.1|1.5.1|2.6.1|1.14.99|1.1.99,1.14.99|1.5.5|2.1.1|1.5.1|2.6.1|1.14.99|1.1.99,2169
2573.0,ME.2573,metacyc,PWY66-398,,TCA cycle III (animals),42322|42325|42325|42324|42328|42330|42327|42331|42323|42329|42323|42326|42322|42322|42322|42322|42322|42322|42322|42322|42322|42322|42322,1.1.1.28|4.2.1.117|4.2.1.3|4.2.1.2|6.2.1.5|1.2.1.105|6.2.1.4|1.3.5.1|1.1.1.41|4.2.1.3|1.1.1.286|2.3.3.3|1.1.1.27|1.1.1.95|1.1.1.82|1.1.1.299|1.1.1.337|1.1.1.96|1.1.1.85|1.1.1.375|1.1.1.37|1.1.1.81|1.1.1.38,1.1.1|4.2.1|4.2.1|4.2.1|6.2.1|1.2.1|6.2.1|1.3.5|1.1.1|4.2.1|1.1.1|2.3.3|1.1.1|1.1.1|1.1.1|1.1.1|1.1.1|1.1.1|1.1.1|1.1.1|1.1.1|1.1.1|1.1.1,2110
2574.0,ME.2574,metacyc,PWY-7975,,adenosylcobalamin biosynthesis from adenosylcobinamide-GDP II,46396|46394|46395,2.7.1|3.1.3.73|2.7.8.26,2.7.1|3.1.3|2.7.8,2812
2575.0,ME.2575,metacyc,KDO-LIPASYN-PWY,,(Kdo)2-lipid A biosynthesis I (E. coli),38325|38324,2.3.1.241|2.3.1.243,2.3.1|2.3.1,1409
2576.0,ME.2576,metacyc,PHENOLDEG-PWY,,phenol degradation II (anaerobic),50081|50081|50083|50080|50082,4.1.1.61|6.4.1|1.1.7.1|6.2.1.27,4.1.1|6.4.1|1.1.7|6.2.1,3459
2577.0,ME.2577,metacyc,PWY-622,,starch biosynthesis,49584|49588|49587|49586|49585|49583|49583|49583|49583|49583,5.3.1.9|2.4.1.18|2.4.1.242|2.7.7.27|5.4.2.3|5.4.2.8|5.4.2.2|5.4.2.5|5.4.2.10,5.3.1|2.4.1|2.4.1|2.7.7|5.4.2|5.4.2|5.4.2|5.4.2|5.4.2,3381
2578.0,ME.2578,metacyc,PWY-5028,,L-histidine degradation II,30969|30971|30972|30970|30968,3.5.3.13|4.2.1.49|3.5.1.68|4.3.1.3|3.5.2.7,3.5.3|4.2.1|3.5.1|4.3.1|3.5.2,146
2579.0,ME.2579,metacyc,PWY-7986,,anguibactin biosynthesis,31237|31236|31235|31238|31233|31232|31239|31234,2.3.1|3.13.1|2.7.7.58,2.3.1|3.13.1|2.7.7,202
2580.0,ME.2580,metacyc,PWY18C3-2,,solasodine and soladulcidine biosynthesis,48856|48850|48859|48852|48851|48858|48857|48854|48853|48855,1.14.13|2.6.1|1.14.19|1.14.11|1.14.13,1.14.13|2.6.1|1.14.19|1.14.11|1.14.13,3258
2581.0,ME.2581,metacyc,PWY-7968,,5-methylbenzimidazolyl adenosylcobamide biosynthesis from adenosylcobinamide-GDP,30558,2.4.2.21,2.4.2,63
2583.0,ME.2583,metacyc,PWY-6427,,rot-2-enonate biosynthesis,42279|42282|42281|42276|42278|42277|42280,2.1.1|1.14.14.88,2.1.1|1.14.14,2100
2584.0,ME.2584,metacyc,PWY-6289,,petrobactin biosynthesis,49369|49371|49378|49375|49376|49370|49373|49377|49374|49372,4.2.1.118|2.7.8.7|6.3.2|6.3.2|6.3.2|2.3.2,4.2.1|2.7.8|6.3.2|6.3.2|6.3.2|2.3.2,3341
2585.0,ME.2585,metacyc,PWY-5441,,S-methyl-L-methionine cycle,37618|37619,2.1.1.10|2.1.1.12,2.1.1|2.1.1,1273
2586.0,ME.2586,metacyc,PWY-7549,,asperlicin E biosynthesis,38283|38282|38281,6.3.2|6.3.2|1.14.13.216,6.3.2|6.3.2|1.14.13,1400
2587.0,ME.2587,metacyc,PWY-5913,,partial TCA cycle (obligate autotrophs),34316|34310|34311|34311|34311|34311|34311|34311|34311|34311|34311|34311|34311|34311|34312|34313|34314|34314|34314|34315|34315|34317|34318|34319|34320,2.3.3.3|4.1.1.31|1.1.1.27|1.1.1.95|1.1.1.337|1.1.1.85|1.1.1.375|1.1.1.38|1.1.1.81|1.1.1.28|1.1.1.37|1.1.1.96|1.1.1.299|1.1.1.82|1.1.1.42|4.2.1.2|1.4.1.3|1.4.1.13|1.4.1.4|4.2.1.3|4.2.1.117|2.6.1.1|6.2.1.5|4.2.1.3|1.3.5.1,2.3.3|4.1.1|1.1.1|1.1.1|1.1.1|1.1.1|1.1.1|1.1.1|1.1.1|1.1.1|1.1.1|1.1.1|1.1.1|1.1.1|1.1.1|4.2.1|1.4.1|1.4.1|1.4.1|4.2.1|4.2.1|2.6.1|6.2.1|4.2.1|1.3.5,736
2588.0,ME.2588,metacyc,PWY-7965,,2-methyladeninyl adenosylcobamide biosynthesis from adenosylcobinamide-GDP,38350,2.4.2.21,2.4.2,1416
2589.0,ME.2589,metacyc,PWY-5885,,wax esters biosynthesis II,49047|49048|49049|49050,1.2.1|1.2.1|6.2.1.3|2.3.1.75,1.2.1|1.2.1|6.2.1|2.3.1,3282
2590.0,ME.2590,metacyc,PWY-5775,,rotenoid biosynthesis I,37492|37491|37488|37493|37490|37489,1.14.99,1.14.99,1248
2591.0,ME.2591,metacyc,PWY-7900,,glycogen biosynthesis III (from alpha-maltose 1-phosphate),34325|34325|34325|34330|34329|34328|34327|34326|34325|34324|34325,5.4.2.10|5.4.2.5|5.4.2.2|2.4.99.16|2.4.1.347|2.4.1.342|2.7.1.175|5.4.99.16|5.4.2.3|3.1.3.12|5.4.2.8,5.4.2|5.4.2|5.4.2|2.4.99|2.4.1|2.4.1|2.7.1|5.4.99|5.4.2|3.1.3|5.4.2,738
2592.0,ME.2592,metacyc,HISDEG-PWY,,L-histidine degradation I,47559|47560|47561|47562,3.5.2.7|3.5.3.8|4.3.1.3|4.2.1.49,3.5.2|3.5.3|4.3.1|4.2.1,3028
2593.0,ME.2593,metacyc,PWY-761,,rhizobactin 1021 biosynthesis,42318|42319|42315|42316|42317|42320|42321,2.6.1.76|4.1.1.86|6.3.2|6.3.2,2.6.1|4.1.1|6.3.2|6.3.2,2109
2594.0,ME.2594,metacyc,PWY-5315,,N-methyl-Delta1-pyrrolinium cation biosynthesis,43243|43245|43244,2.1.1.53|1.4.3.22,2.1.1|1.4.3,2284
2595.0,ME.2595,metacyc,PWY-7961,,phenyl adenosylcobamide biosynthesis from adenosylcobinamide-GDP,32272|32273,2.4.2.55|3.1.3.73,2.4.2|3.1.3,390
2596.0,ME.2596,metacyc,PWY-7745,,p-HBAD biosynthesis,36183|36182|36184|36185|36190|36189|36187|36186|36188,4.1.3.40,4.1.3,1052
2597.0,ME.2597,metacyc,PWY-6425,,rotenoid biosynthesis II,46963|46962|46964|46961,,,2926
2598.0,ME.2598,metacyc,PWY-5903,,bacillibactin biosynthesis,37748|37750|37749|37751|37747|37752|37753|37754|37755,2.7.7.58|2.3.1|2.3.1|2.3.1,2.7.7|2.3.1|2.3.1|2.3.1,1307
2599.0,ME.2599,metacyc,PWY-7378,,aminopropanol phosphate biosynthesis II,35848|35849|35850|35851,1.1.1.103|1.1.1.75|1.1.1.381,1.1.1|1.1.1|1.1.1,983
2600.0,ME.2600,metacyc,PWY-7705,,4-methoxyviridicatin biosynthesis,48017|48020|48018|48019,6.3.2.40|1.14.20|1.14.11,6.3.2|1.14.20|1.14.11,3126
2601.0,ME.2601,metacyc,PWY-7790,,UMP biosynthesis II,33181|33182|33185|33184|33183|33180,3.5.2.3|4.1.1.23|1.3.98.1|2.4.2.10|2.1.3.2|6.3.5.5,3.5.2|4.1.1|1.3.98|2.4.2|2.1.3|6.3.5,552
2602.0,ME.2602,metacyc,PWY-5148,,acyl-CoA hydrolysis,35856,3.1.2.20,3.1.2,985
2603.0,ME.2603,metacyc,GLYCOGENSYNTH-PWY,,glycogen biosynthesis I (from ADP-D-Glucose),40694|40696|40695|40694|40694|40694|40694,5.4.2.10|2.4.1.242|2.7.7.27|5.4.2.3|5.4.2.8|5.4.2.2|5.4.2.5,5.4.2|2.4.1|2.7.7|5.4.2|5.4.2|5.4.2|5.4.2,1832
2604.0,ME.2604,metacyc,PWY-5030,,L-histidine degradation III,30588|30593|30592|30591|30590|30589|30587,3.5.4.9|2.1.2.5|2.1.2.5|4.2.1.49|4.3.1.4|4.3.1.3|3.5.2.7,3.5.4|2.1.2|2.1.2|4.2.1|4.3.1|4.3.1|3.5.2,74
2605.0,ME.2605,metacyc,PWY-6574,,achromobactin biosynthesis,38063|38064|38065|38066|38067|38061|38060|38062,6.3.2|6.3.2|6.3.2|6.3.2|6.3.2|6.3.2|6.3.2,6.3.2|6.3.2|6.3.2|6.3.2|6.3.2|6.3.2|6.3.2,1352
2606.0,ME.2606,metacyc,PWY-5443,,aminopropanol phosphate biosynthesis I,46959|46960,4.1.1.81|2.7.1.177,4.1.1|2.7.1,2925
2607.0,ME.2607,metacyc,PWY-6766,,salicin biosynthesis,42731|42729|42727|42732|42730|42728,2.4.1.172|1.2.1.28|1|1.1.1.90,2.4.1|1.2.1|1|1.1.1,2183
2608.0,ME.2608,metacyc,PWY-7526,,fumitremorgin A biosynthesis,47006|47004|47003|47005,1.14.14.119|1.14.11.38|2.5.1.107|2.5.1.110,1.14.14|1.14.11|2.5.1|2.5.1,2933
2609.0,ME.2609,metacyc,PWY-7962,,"adenosylcobinamide-GDP biosynthesis from cobyrinate a,c-diamide",33914|33916|33917|33915,2.7.7.62|6.3.1.10|6.3.5.10,2.7.7|6.3.1|6.3.5,678
2610.0,ME.2610,metacyc,PWY-7742,,phenolphthiocerol biosynthesis,44732|44741|44730|44726|44736|44731|44729|44742|44728|44743|44734|44737|44733|44740|44723|44739|44735|44724|44738|44727|44725,6.2.1.51|2.3.1.292|2.3.1.292|4.1.3.40|6.2.1.51|6.2.1.50|6.2.1.50|6.2.1.51|6.2.1.51,6.2.1|2.3.1|2.3.1|4.1.3|6.2.1|6.2.1|6.2.1|6.2.1|6.2.1,2533
2611.0,ME.2611,metacyc,PWY-6407,,yersiniabactin biosynthesis,48097|48096,2.3.1,2.3.1,3139
2612.0,ME.2612,metacyc,LEUSYN-PWY,,L-leucine biosynthesis,43981|43983|43978|43979|43980|43981|43982,2.6.1.6|4.2.1.33|2.3.3.13|1.1.1.85|2.6.1.42|1.1.1.85,2.6.1|4.2.1|2.3.3|1.1.1|2.6.1|1.1.1,2411
2613.0,ME.2613,metacyc,PWY-6444,,"benzoate biosynthesis II (CoA-independent, non-beta-oxidative)",49592|49592|49594|49593|49591,4.3.1.25|4.3.1.24|1.2.1.28,4.3.1|4.3.1|1.2.1,3383
2614.0,ME.2614,metacyc,PWY-7612,,chaetoglobosin A biosynthesis,31593|31594|31596|31595|31600|31599|31598|31597,6.3.2|1.14.14|1.14.14|1.14.19|1.14.14|1.14.19|1.14.14|1.14.14,6.3.2|1.14.14|1.14.14|1.14.19|1.14.14|1.14.19|1.14.14|1.14.14,254
2615.0,ME.2615,metacyc,PWY-7791,,UMP biosynthesis III,33255|33252|33253|33254|33256|33251,1.3.1.14|3.5.2.3|4.1.1.23|2.1.3.2|2.4.2.10|6.3.5.5,1.3.1|3.5.2|4.1.1|2.1.3|2.4.2|6.3.5,567
2616.0,ME.2616,metacyc,PWY-84,,resveratrol biosynthesis,40281|40279|40280|40278,2.3.1|2.3.1.95,2.3.1|2.3.1,1763
2617.0,ME.2617,metacyc,PWY-5067,,glycogen biosynthesis II (from UDP-D-Glucose),42045|42048|42047|42046,2.4.1.186|2.4.1.18|2.4.1.11|2.4.1.186,2.4.1|2.4.1|2.4.1|2.4.1,2073
2618.0,ME.2618,metacyc,PWY-701,,L-methionine degradation II,35136|35137|35137|35137|35137|35138,3.5.99.10|4.3.1.19|4.4.1.1|3.5.99.7|4.4.1.2|4.4.1.11,3.5.99|4.3.1|4.4.1|3.5.99|4.4.1|4.4.1,882
2619.0,ME.2619,metacyc,HISHP-PWY,,L-histidine degradation VI,34668|34664|34661|34662|34666|34667|34660|34663|34665,4.3.1.3|4.2.1.49|3.5.2.7|1.17.3,4.3.1|4.2.1|3.5.2|1.17.3,798
2620.0,ME.2620,metacyc,PWY-7990,,staphyloferrin A biosynthesis,37961|37960,6.3.2.58|6.3.2.57,6.3.2|6.3.2,1331
2621.0,ME.2621,metacyc,PWY-6446,,"benzoate biosynthesis III (CoA-dependent, non-beta-oxidative)",43854|43855|43856,1.2.1.28|4.2.1,1.2.1|4.2.1,2393
2622.0,ME.2622,metacyc,PWY-7138,,noscapine biosynthesis,38402|38400|38399|38401|38404|38406|38405|38403|38398,2.3.1.285|1.1.1.415|1.21.3.3|2.1.1.352|2.1.1.122|1.14.19.68|3.1.1.105|2.1.1.117,2.3.1|1.1.1|1.21.3|2.1.1|2.1.1|1.14.19|3.1.1|2.1.1,1430
2623.0,ME.2623,metacyc,PWY-6752,,o-diquinones biosynthesis,38192,1.10.3.1,1.10.3,1378
2624.0,ME.2624,metacyc,PWY-7420,,monoacylglycerol metabolism (yeast),40222|40221|40220|40219,2.7.1.174|2.3.1.22|3.1.1.23|3.1.1.23,2.7.1|2.3.1|3.1.1|3.1.1,1753
2625.0,ME.2625,metacyc,PWY-6763,,salicortin biosynthesis,36433|36441|36440|36438|36436|36434|36437|36439|36432|36431|36435,2.3.1.196|1.13.12|1.14.13|4.2.1|2.4.1|6.2.1.25|1.1.1.90|1.2.1.28,2.3.1|1.13.12|1.14.13|4.2.1|2.4.1|6.2.1|1.1.1|1.2.1,1093
2626.0,ME.2626,metacyc,PWY-6378,,putrebactin biosynthesis,32520|32521|32519|32522,2.3.1|6.3.2|6.3.2,2.3.1|6.3.2|6.3.2,447
2627.0,ME.2627,metacyc,PWY-6457,,cinnamoyl-CoA biosynthesis,48667|48668|48667,4.3.1.25|6.2.1|4.3.1.24,4.3.1|6.2.1|4.3.1,3226
2628.0,ME.2628,metacyc,PWY-1641,,methane oxidation to methanol I,37043,1.14.13.25,1.14.13,1182
2629.0,ME.2629,metacyc,PWY-7607,,meleagrin biosynthesis,39511|39513|39510|39509|39512|39508,1.14.14|1.14.14|1.14.14|1.14.14|1.14.14|2.1.1,1.14.14|1.14.14|1.14.14|1.14.14|1.14.14|2.1.1,1623
2630.0,ME.2630,metacyc,PWY-5686,,UMP biosynthesis I,37745|37746|37742|37744|37743|37741,2.4.2.10|1.3.5.2|3.5.2.3|2.1.3.2|4.1.1.23|6.3.5.5,2.4.2|1.3.5|3.5.2|2.1.3|4.1.1|6.3.5,1306
2631.0,ME.2631,metacyc,PWY-5901,,"2,3-dihydroxybenzoate biosynthesis",37630|37629|37631,3.3.2.1|1.3.1.28|5.4.4.2,3.3.2|1.3.1|5.4.4,1276
2632.0,ME.2632,metacyc,NAGLIPASYN-PWY,,lipid IVA biosynthesis (E. coli),39614|39612|39616|39609|39610|39615|39613|39611,2.3.1.129|3.6.1.54|2.3.1.129|2.4.1.182|2.7.1.130|2.3.1.191|2.3.1.191|3.5.1.108,2.3.1|3.6.1|2.3.1|2.4.1|2.7.1|2.3.1|2.3.1|3.5.1,1640
2633.0,ME.2633,metacyc,METHIONINE-DEG1-PWY,,L-methionine degradation I (to L-homocysteine),32109|32107|32108,2.1.1|3.3.1.1|2.5.1.6,2.1.1|3.3.1|2.5.1,356
2634.0,ME.2634,metacyc,PWY-7987,,vanchrobactin biosynthesis,46812|46819|46818|46816|46815|46817|46814|46813,2.7.7.58|2.3.1|2.3.1,2.7.7|2.3.1|2.3.1,2892
2635.0,ME.2635,metacyc,PWY-5765,,"1,3,5-trimethoxybenzene biosynthesis",45275|45273|45274,2.1.1|2.1.1|2.1.1,2.1.1|2.1.1|2.1.1,2631
2636.0,ME.2636,metacyc,PWY-6443,,"benzoate biosynthesis I (CoA-dependent, beta-oxidative)",38843|38838|38840|38839|38840|38841|38842|38844|38840,4.2.1|2.3.1.196|3.1.2.20|6.2.1.25|3.1.2.23|2.3.1.16|3.1.2.2,4.2.1|2.3.1|3.1.2|6.2.1|3.1.2|2.3.1|3.1.2,1506
2637.0,ME.2637,metacyc,PWY-6503,,superpathway of ergotamine biosynthesis,42307,1.14.13,1.14.13,2106
2638.0,ME.2638,metacyc,PWY-7076,,"3,5-dimethoxytoluene biosynthesis",33998|33999,2.1.1.6|2.1.1,2.1.1|2.1.1,692
2639.0,ME.2639,metacyc,PWYQT-4427,,sulfoquinovosyl diacylglycerol biosynthesis,31684|31685,3.13.1.1,3.13.1,272
2640.0,ME.2640,metacyc,PWY-6374,,vibriobactin biosynthesis,30839|30841|30842|30843|30844|30840,2.7.7.58|6.3.2,2.7.7|6.3.2,123
2641.0,ME.2641,metacyc,PWY-6930,,phenolic malonylglucosides biosynthesis,37970|37966|37967|37968|37969,2.3.1|2.4.1.35|2.4.1.35|2.3.1|2.3.1,2.3.1|2.4.1|2.4.1|2.3.1|2.3.1,1334
2642.0,ME.2642,metacyc,PWY-6742,,methane oxidation to methanol II,35638,1.14.18.3,1.14.18,959
2643.0,ME.2643,metacyc,PWY-7603,,stephacidin A biosynthesis,32908|32909|32905|32906|32907,2.5.1.109|1.14.13|2.5.1,2.5.1|1.14.13|2.5.1,516
2644.0,ME.2644,metacyc,PWY-6458,,benzoyl-CoA biosynthesis,39628|39629|39630,2.3.1.16|4.2.1,2.3.1|4.2.1,1645
2645.0,ME.2645,metacyc,PWY-6803,,phosphatidylcholine acyl editing,42923|42924|42925|42926,2.3.1.23|6.2.1.3|3.1.1.32|3.1.1.4,2.3.1|6.2.1|3.1.1|3.1.1,2229
2646.0,ME.2646,metacyc,P341-PWY,,glycolysis V (Pyrococcus),41173|41175|41176|41172|41171|41170|41178|41177|41174|41169,4.1.2.13|2.7.1.146|2.7.1.40|4.2.1.11|5.3.1.9|5.3.1.1|2.7.9.2|1.2.7.6|2.7.1.147|5.4.2.11,4.1.2|2.7.1|2.7.1|4.2.1|5.3.1|5.3.1|2.7.9|1.2.7|2.7.1|5.4.2,1929
2647.0,ME.2647,metacyc,PWY-5082,,L-methionine degradation III,33837|33836|33835,1.1.1.1|2.6.1.28|4.1.1.1,1.1.1|2.6.1|4.1.1,664
2648.0,ME.2648,metacyc,PWY-6320,,phaselate biosynthesis,47789|47793|47792|47791|47790,2.3.1.133|1.14.14.96|2.3.1.133|2.3.1|6.2.1.12,2.3.1|1.14.14|2.3.1|2.3.1|6.2.1,3075
2649.0,ME.2649,metacyc,PWY-5883,,ephedrine biosynthesis,46343|46339|46341|46340|46344|46345|46342|46338|46338,2.6.1|1.1.1|1.1.1|4.3.1.25|4.3.1.24,2.6.1|1.1.1|1.1.1|4.3.1|4.3.1,2800
2650.0,ME.2650,metacyc,PWY-5787,,oligomeric urushiol biosynthesis,39752|39751,1.10.3|1.10.3,1.10.3|1.10.3,1672
2651.0,ME.2651,metacyc,PWY-6088,,3-chlorobenzoate degradation I (via chlorocatechol),31310|31309|31308|31307,1.3.1|1.3.1|1.14.12|1.14.12,1.3.1|1.3.1|1.14.12|1.14.12,218
2652.0,ME.2652,metacyc,KDO-NAGLIPASYN-PWY,,superpathway of (Kdo)2-lipid A biosynthesis,32265|32264|32263|32266,2.3.1.243|2.3.1.241|2.3.1.243|2.3.1.242,2.3.1|2.3.1|2.3.1|2.3.1,386
2653.0,ME.2653,metacyc,PWY-7303,,3-dimethylallyl-4-hydroxybenzoate biosynthesis,47204|47205|47202|47203,1.13.12.23|1.3.1.12|2.5.1.111|1.13.11.83,1.13.12|1.3.1|2.5.1|1.13.11,2971
2654.0,ME.2654,metacyc,PWY18C3-3,,alpha-tomatine biosynthesis,37859|37853|37860|37858|37857|37854|37855|37856,2.4.1|2.4.2|2.4.1|2.4.1,2.4.1|2.4.2|2.4.1|2.4.1,1320
2655.0,ME.2655,metacyc,PWY-7074,,phenylethanol glycoconjugate biosynthesis,31483|31484,3.2.1|2.4.1,3.2.1|2.4.1,242
2656.0,ME.2656,metacyc,PWY4FS-7,,phosphatidylglycerol biosynthesis I (plastidic),31413|31414,2.7.8.5|3.1.3.27,2.7.8|3.1.3,233
2657.0,ME.2657,metacyc,PWY-1042,,glycolysis IV (plant cytosol),42170|42169|42173|42174|42175|42176|42177|42178|42171|42172,5.4.2.11|1.2.1.12|4.2.1.11|4.1.2.13|2.7.1.11|2.7.1.40|2.7.1.90|2.7.2.3|5.3.1.1|1.2.1.90,5.4.2|1.2.1|4.2.1|4.1.2|2.7.1|2.7.1|2.7.1|2.7.2|5.3.1|1.2.1,2090
2658.0,ME.2658,metacyc,PWY-6216,,3-chlorobenzoate degradation II (via protocatechuate),39101|39104|39106|39103|39105|39102,1.14.12|1.13.11.8|1.14.12,1.14.12|1.13.11|1.14.12,1545
2659.0,ME.2659,metacyc,PWY-6707,,gallate biosynthesis,38783|38782|38784,4.2.1.10,4.2.1,1494
2660.0,ME.2660,metacyc,PWY-7555,,alpha-cyclopiazonate biosynthesis,36212|36209|36210|36211,2.5.1|1.21.99.1|2.3.1|6.3.2,2.5.1|1.21.99|2.3.1|6.3.2,1056
2661.0,ME.2661,metacyc,PWY-6323,,benzoylanthranilate biosynthesis,33339,2.3.1.144,2.3.1,583
2662.0,ME.2662,metacyc,PWY-6228,,3-chlorobenzoate degradation III (via gentisate),46258|46257,1.14.13.24,1.14.13,2795
2663.0,ME.2663,metacyc,PWY4FS-8,,phosphatidylglycerol biosynthesis II (non-plastidic),49176|49177,2.7.8.5|3.1.3.27,2.7.8|3.1.3,3309
2664.0,ME.2664,metacyc,PWY-5886,,4-hydroxyphenylpyruvate biosynthesis,44508|44508|44508|44508,2.6.1.57|2.6.1.1|2.6.1.27|2.6.1.5,2.6.1|2.6.1|2.6.1|2.6.1,2494
2665.0,ME.2665,metacyc,PWY-5666,,alpha-solanine/alpha-chaconine biosynthesis,41156|41152|41150|41153|41151|41154|41149|41155|41157,1.1.1|2.4.1|2.4.1|2.4.1|2.4.1|1.1.1|1.1.1,1.1.1|2.4.1|2.4.1|2.4.1|2.4.1|1.1.1|1.1.1,1924
2666.0,ME.2666,metacyc,PWY-8088,,dipicolinate biosynthesis,39221|39219|39220|39222,2.7.2.4|4.3.3.7|1.2.1.11|1.17.1,2.7.2|4.3.3|1.2.1|1.17.1,1574
2667.0,ME.2667,metacyc,PWY-6221,,2-chlorobenzoate degradation,33842,1.14.12.13,1.14.12,666
2668.0,ME.2668,metacyc,ANAGLYCOLYSIS-PWY,,glycolysis III (from glucose),42599|42604|42602|42596|42597|42598|42600|42601|42603|42602|42595,4.2.1.11|2.7.2.3|2.7.1.2|5.4.2.11|5.3.1.1|5.3.1.9|4.1.2.13|2.7.1.11|2.7.1.40|2.7.1.1|1.2.1.12,4.2.1|2.7.2|2.7.1|5.4.2|5.3.1|5.3.1|4.1.2|2.7.1|2.7.1|2.7.1|1.2.1,2152
2669.0,ME.2669,metacyc,PWY-5751,,phenylethanol biosynthesis,50256|50259|50258|50257|50255|50255,4.1.1.109|1.4.3.4|1.1.1|1.1.1.1|4.1.1.28|4.1.1.53,4.1.1|1.4.3|1.1.1|1.1.1|4.1.1|4.1.1,3486
2670.0,ME.2670,metacyc,TRNA-CHARGING-PWY,,tRNA charging,34269|34280|34279|34278|34277|34260|34276|34275|34274|34273|34272|34271|34270|34268|34267|34266|34265|34264|34264|34263|34262|34261,6.1.1.14|6.1.1.9|6.1.1.1|6.1.1.2|6.1.1.3|6.1.1.10|6.1.1.10|6.1.1.15|6.1.1.20|6.1.1.6|6.1.1.4|6.1.1.5|6.1.1.21|6.1.1.17|6.1.1.22|6.1.1.19|6.1.1.7|6.1.1.23|6.1.1.12|6.1.1.18|6.1.1.16|6.1.1.11,6.1.1|6.1.1|6.1.1|6.1.1|6.1.1|6.1.1|6.1.1|6.1.1|6.1.1|6.1.1|6.1.1|6.1.1|6.1.1|6.1.1|6.1.1|6.1.1|6.1.1|6.1.1|6.1.1|6.1.1|6.1.1|6.1.1,730
2671.0,ME.2671,metacyc,PWY-7826,,Amaryllidacea alkaloids biosynthesis,32217|32218|32215|32205|32203|32201|32200|32222|32204|32199|32199|32206|32207|32208|32209|32210|32223|32212|32202|32214|32221|32211|32213|32220|32216|32219,1.14.14|2.1.1|2.1.1|4.3.3|2.1.1.336|3.7.1|1.14.19|4.1.1.28|4.1.1.25|1.3.1|1.14.19.50|1.14.19|1.1|1.1|1.14.14.1|1.14.19|1.4.1|1.14.19|1.14.19|1.14.13|1.3.1|1.14.19.50,1.14.14|2.1.1|2.1.1|4.3.3|2.1.1|3.7.1|1.14.19|4.1.1|4.1.1|1.3.1|1.14.19|1.14.19|1.1|1.1|1.14.14|1.14.19|1.4.1|1.14.19|1.14.19|1.14.13|1.3.1|1.14.19,378
2672.0,ME.2672,metacyc,PWY-6217,,"3,4-dichlorobenzoate degradation",42010|42009|42011|42012,1.13.11.8|1.14.12,1.13.11|1.14.12,2066
2673.0,ME.2673,metacyc,PWY-6539,,(Z)-phenylmethanethial S-oxide biosynthesis,35625|35624|35623|35626,4.4.1.4,4.4.1,955
2674.0,ME.2674,metacyc,PWY-5921,,glutaminyl-tRNAgln biosynthesis via transamidation,33559|33559|33562|33560|33561,3.5.1.2|3.5.1.38|6.1.1.24,3.5.1|3.5.1|6.1.1,625
2675.0,ME.2675,metacyc,PWY-7542,,fumiquinazoline D biosynthesis,44155|44156|44157|44158|44154,6.3.2|1.5.3|1.14.14|6.3.2,6.3.2|1.5.3|1.14.14|6.3.2,2441
2676.0,ME.2676,metacyc,PWY-5707,,propanethial S-oxide biosynthesis,31230|31227|31228|31225|31229|31224|31226|31223|31222,4.4.1.4|1.8.3|3.4.16|4.1.99|4.4.1|3.4.11.7,4.4.1|1.8.3|3.4.16|4.1.99|4.4.1|3.4.11,200
2677.0,ME.2677,metacyc,PWY-6215,,4-chlorobenzoate degradation,47771|47774|47773|47772,3.1.2.23|6.2.1.33|1.14.13.2|3.8.1.7,3.1.2|6.2.1|1.14.13|3.8.1,3071
2678.0,ME.2678,metacyc,PWY-5484,,glycolysis II (from fructose 6-phosphate),42021|42027|42025|42020|42022|42019|42024|42018|42023|42026,5.3.1.1|2.7.9.2|2.7.1.40|3.1.3.11|4.2.1.11|5.4.2.11|2.7.1.11|1.2.1.12|4.1.2.13|2.7.2.3,5.3.1|2.7.9|2.7.1|3.1.3|4.2.1|5.4.2|2.7.1|1.2.1|4.1.2|2.7.2,2068
2679.0,ME.2679,metacyc,PWY-6308,,L-cysteine biosynthesis II (tRNA-dependent),39888|39886|39887,3.1.1.29|6.1.1.27|2.5.1.73,3.1.1|6.1.1|2.5.1,1700
2680.0,ME.2680,metacyc,PWY-7660,,tryptoquialanine biosynthesis,48689|48683|48684|48685|48686|48687|48688|48681|48682,2.3.1|6.3.2|1.14.13|3.1.1|1.14.13|1.1.1|1.14.13|6.2.1,2.3.1|6.3.2|1.14.13|3.1.1|1.14.13|1.1.1|1.14.13|6.2.1,3230
2681.0,ME.2681,metacyc,PWY-8045,,cylindrospermopsin biosynthesis,37694|37693|37692|37691|37690|37689,1.14.11.70|6.2.1|2.3.1|2.8.2|1.14.11.70|2.1.4.1,1.14.11|6.2.1|2.3.1|2.8.2|1.14.11|2.1.4,1294
2682.0,ME.2682,metacyc,PWY-7546,,diphthamide biosynthesis II (eukaryotes),47570|47568|47569|47571,3.1.1.97|6.3.1.14|2.5.1.108|2.1.1.314,3.1.1|6.3.1|2.5.1|2.1.1,3030
2683.0,ME.2683,metacyc,PWY-7265,,lampranthin biosynthesis,42736|42735|42734,2.3.1|2.3.1,2.3.1|2.3.1,2185
2684.0,ME.2684,metacyc,PWY-6900,,(Z)-butanethial-S-oxide biosynthesis,39395|39394,4.4.1.4,4.4.1,1603
2685.0,ME.2685,metacyc,SALVADEHYPOX-PWY,,adenosine nucleotides degradation II,44486|44490|44489|44488|44487,3.5.4.4|1.17.1.4|2.4.2.1|3.1.3.5|1.17.1.4,3.5.4|1.17.1|2.4.2|3.1.3|1.17.1,2489
2686.0,ME.2686,metacyc,GLYCOLYSIS,,glycolysis I (from glucose 6-phosphate),43531|43533|43538|43537|43536|43535|43534|43528|43529|43530|43532,5.3.1.1|4.2.1.11|2.7.9.2|2.7.2.3|2.7.1.40|2.7.1.11|4.1.2.13|1.2.1.12|5.4.2.11|3.1.3.11|5.3.1.9,5.3.1|4.2.1|2.7.9|2.7.2|2.7.1|2.7.1|4.1.2|1.2.1|5.4.2|3.1.3|5.3.1,2335
2687.0,ME.2687,metacyc,PWY-6146,,Methanobacterium thermoautotrophicum biosynthetic metabolism,47987|47986,4.1.1.31|6.4.1.1,4.1.1|6.4.1,3118
2688.0,ME.2688,metacyc,PWY-4921,,protein citrullination,47296,3.5.3.15,3.5.3,2985
2689.0,ME.2689,metacyc,PWY-7608,,neoxaline biosynthesis,40184|40183,1.14.14|2.1.1,1.14.14|2.1.1,1749
2690.0,ME.2690,metacyc,PWY-6317,,D-galactose degradation I (Leloir pathway),42883|42882|42882|42882|42882|42882,2.7.1.6|5.4.2.3|5.4.2.8|5.4.2.2|5.4.2.5|5.4.2.10,2.7.1|5.4.2|5.4.2|5.4.2|5.4.2|5.4.2,2218
2691.0,ME.2691,metacyc,PWY-6596,,adenosine nucleotides degradation I,34062|34068|34067|34066|34065|34064|34064|34063|34061|34061,1.1.1.205|3.2.2.1|3.2.2.2|1.17.1.4|3.1.3.5|3.1.3.5|3.1.3.99|1.17.1.4|3.5.4.17|3.5.4.6,1.1.1|3.2.2|3.2.2|1.17.1|3.1.3|3.1.3|3.1.3|1.17.1|3.5.4|3.5.4,699
2692.0,ME.2692,metacyc,PWY-5708,,ethiin metabolism,31663|31659|31659|31661|31660|31662,4.4.1.4|4.4.1.9|2.5.1.47|1.8.3,4.4.1|4.4.1|2.5.1|1.8.3,266
2693.0,ME.2693,metacyc,PWY-5905,,hypusine biosynthesis,44067|44065|44069|44068|44066,1.14.99.29|2.5.1.46|2.5.1.46,1.14.99|2.5.1|2.5.1,2428
2694.0,ME.2694,metacyc,PWY-6923,,ricinine degradation,31944,3.5.5.2,3.5.5,327
2695.0,ME.2695,metacyc,PWY-6617,,adenosine nucleotides degradation III,46706,3.2.2.4,3.2.2,2871
2696.0,ME.2696,metacyc,PWY-5389,,3-methylthiopropanoate biosynthesis,47124,1.13.11.53,1.13.11,2958
2697.0,ME.2697,metacyc,PWY-6482,,diphthamide biosynthesis I (archaea),38798|38797|38799,2.1.1.98|6.3.1.14|2.5.1.108,2.1.1|6.3.1|2.5.1,1498
2698.0,ME.2698,metacyc,PWY-7604,,notoamide C and D biosynthesis,33430|33429|33428,1.14.13|1.14.13,1.14.13|1.14.13,601
2699.0,ME.2699,metacyc,PWY-6693,,D-galactose degradation IV,42985|42987|42986,1.1.1|1.1.1|1.1.1.21,1.1.1|1.1.1|1.1.1,2240
2700.0,ME.2700,metacyc,P641-PWY,,phenylmercury acetate degradation,47434|47433,4.99.1.2|1.16.1.1,4.99.1|1.16.1,3010
2701.0,ME.2701,metacyc,PWY-7589,,palmitoleate biosynthesis III (cyanobacteria),46920|46919,1.14.19.27|2.3.1.51,1.14.19|2.3.1,2915
2702.0,ME.2702,metacyc,PWY-7179,,purine deoxyribonucleosides degradation I,30710|30708|30707|30709,2.4.2.1|2.4.2.1|3.5.4.4|2.4.2.1,2.4.2|2.4.2|3.5.4|2.4.2,96
2703.0,ME.2703,metacyc,PWY-7614,,methiin metabolism,38676|38670|38671|38673|38674|38675|38672,4.4.1.4|3.4.11.7|3.4.16|2.1.1,4.4.1|3.4.11|3.4.16|2.1.1,1477
2704.0,ME.2704,metacyc,PWY-5958,,acridone alkaloid biosynthesis,34209|34207|34208,6.2.1|2.1.1.111|4.1.3.27,6.2.1|2.1.1|4.1.3,719
2705.0,ME.2705,metacyc,PWY-5366,,palmitoleate biosynthesis II (plants and bacteria),33822|33824|33823,3.1.2.14|3.1.2.14|1.14.19.2,3.1.2|3.1.2|1.14.19,659
2706.0,ME.2706,metacyc,PWY-5695,,inosine 5-phosphate degradation,42398|42399|42397|42400,1.17.1.4|2.4.2.1|1.1.1.205|3.1.3.5,1.17.1|2.4.2|1.1.1|3.1.3,2124
2707.0,ME.2707,metacyc,PWY18C3-4,,solasodine glycosylation,48557|48556,2.4.1|2.4.1.173,2.4.1|2.4.1,3210
2708.0,ME.2708,metacyc,GALDEG-PWY,,D-galactose degradation II,49499|49500|49501|49500,1.1.1.48|3.1.1.17|3.1.1.25|3.1.1.25,1.1.1|3.1.1|3.1.1|3.1.1,3365
2709.0,ME.2709,metacyc,PWY-6282,,palmitoleate biosynthesis I (from (5Z)-dodec-5-enoate),42212|42207|42208|42208|42209|42210|42211|42204|42204|42206|42205|42203,3.1.2.14|1.3.1.9|2.3.1.179|2.3.1.41|1.1.1.100|4.2.1.59|1.3.1.9|2.3.1.41|2.3.1.179|4.2.1.59|1.1.1.100|3.1.2.14,3.1.2|1.3.1|2.3.1|2.3.1|1.1.1|4.2.1|1.3.1|2.3.1|2.3.1|4.2.1|1.1.1|3.1.2,2095
2710.0,ME.2710,metacyc,PWY-7179-1,,purine deoxyribonucleosides degradation II,30740|30739|30738,2.4.2.1|2.4.2.1|3.5.4.4,2.4.2|2.4.2|3.5.4,101
2711.0,ME.2711,metacyc,PWY-5706,,alliin metabolism,49483|49486|49489|49485|49484|49482|49481|49480|49488|49479|49487,1.14.13|4.4.1.4|4.1.1|3.4.16|3.4.11.7|4.4.1,1.14.13|4.4.1|4.1.1|3.4.16|3.4.11|4.4.1,3362
2712.0,ME.2712,metacyc,PWY-7558,,alpha-cyclopiazonate detoxification,41490,1.14.14,1.14.14,1966
2713.0,ME.2713,metacyc,PWY-2721,,trehalose degradation III,41087|41088,5.4.2.6|2.4.1.216,5.4.2|2.4.1,1909
2714.0,ME.2714,metacyc,PWY-6019,,pseudouridine degradation,47729|47730,2.7.1.83|4.2.1.70,2.7.1|4.2.1,3066
2715.0,ME.2715,metacyc,PWY-8001,,felinine and 3-methyl-3-sulfanylbutan-1-ol biosynthesis,38876|38876|38879|38877|38880|38878|38876|38876|38876,4.4.1.28|4.4.1.35|3.5.99.10|3.4.19.13|3.4.13.23|4.3.1.17|4.4.1.25|4.4.1.13,4.4.1|4.4.1|3.5.99|3.4.19|3.4.13|4.3.1|4.4.1|4.4.1,1512
2716.0,ME.2716,metacyc,PWY-5710,,capsaicin biosynthesis,46106|46101|46101|46102|46102|46103|46104|46105,2.3.2.35|4.1.2.61|4.2.1.101|4.1.2.41|4.1.2.61|2.1.1.104|2.6.1.119|2.3.1,2.3.2|4.1.2|4.2.1|4.1.2|4.1.2|2.1.1|2.6.1|2.3.1,2769
2717.0,ME.2717,metacyc,PWY-7568,,L-galactose degradation,30565,1.1.1,1.1.1,66
2718.0,ME.2718,metacyc,PWY-7802,,N-end rule pathway II (prokaryotic),38396|38397,2.3.2.29|2.3.2.29,2.3.2|2.3.2,1429
2719.0,ME.2719,metacyc,PWY-8100,,crotonosine biosynthesis,38902|38903|38904|38905,1.14.13|2.1.1|2.1.1.128,1.14.13|2.1.1|2.1.1,1518
2720.0,ME.2720,metacyc,PWY0-1466,,trehalose degradation VI (periplasmic),46514,3.2.1.28,3.2.1,2838
2721.0,ME.2721,metacyc,PWY0-1296,,purine ribonucleosides degradation,44702|44701|44701|44700|44699|44698|44697,2.4.2.1|2.4.2.1|2.4.2.15|2.4.2.1|2.4.2.1|5.4.2.7|3.5.4.4,2.4.2|2.4.2|2.4.2|2.4.2|2.4.2|5.4.2|3.5.4,2526
2722.0,ME.2722,metacyc,PWY-5421,,dehydroabietic acid biosynthesis,38242|38245|38244|38241|38247|38243|38246,4.2.3.18|1.14.13|5.5.1.14,4.2.3|1.14.13|5.5.1,1391
2723.0,ME.2723,metacyc,PWY-7543,,5-N-acetylardeemin biosynthesis,45608|45607|45609,2.5.1|6.3.2|2.3.1,2.5.1|6.3.2|2.3.1,2685
2724.0,ME.2724,metacyc,LACTOSECAT-PWY,,lactose and galactose degradation I,33556|33555|33557|33558,2.7.1.144|4.1.2.40|5.3.1.26|3.2.1.85,2.7.1|4.1.2|5.3.1|3.2.1,624
2725.0,ME.2725,metacyc,PWY-7799,,Arg/N-end rule pathway (eukaryotic),42529|42518|42519|42520|42517|42516|42524|42525|42522|42521|42526|42527|42528|42523,3.4.19.1|3.5.1.122|3.5.1.121|3.4.11.18|2.3.1.254|2.3.1.254|2.3.2.8|2.3.2.8|2.3.2.8|2.3.2.8|3.4.19.1,3.4.19|3.5.1|3.5.1|3.4.11|2.3.1|2.3.1|2.3.2|2.3.2|2.3.2|2.3.2|3.4.19,2141
2726.0,ME.2726,metacyc,PWY-5413,,neoabietic acid biosynthesis,41931|41929|41928|41927|41926|41930,1.14.13|1.14.13|1.14.13|4.2.3.132|5.5.1.14,1.14.13|1.14.13|1.14.13|4.2.3|5.5.1,2052
2727.0,ME.2727,metacyc,PWY-7380,,biotin biosynthesis from 8-amino-7-oxononanoate II,42627|42626|42625,2.8.1.6|2.6.1.105|6.3.3.3,2.8.1|2.6.1|6.3.3,2159
2728.0,ME.2728,metacyc,PWY-2722,,trehalose degradation IV,31355|31356|31357|31357,5.4.2.6|2.4.1.64|2.7.1.2|2.7.1.1,5.4.2|2.4.1|2.7.1|2.7.1,226
2729.0,ME.2729,metacyc,PWY-6608,,guanosine nucleotides degradation III,35163|35160|35161|35163|35162,2.4.2.15|1.17.1.4|3.1.3.5|2.4.2.1|3.5.4.3,2.4.2|1.17.1|3.1.3|2.4.2|3.5.4,887
2730.0,ME.2730,metacyc,PWY-5422,,isopimaric acid biosynthesis,38497|38500|38499|38496|38495|38498,1.14.13|4.2.3.44|5.5.1.14|1.14.14,1.14.13|4.2.3|5.5.1|1.14.14,1446
2731.0,ME.2731,metacyc,PWY0-1507,,biotin biosynthesis from 8-amino-7-oxononanoate I,41640|41639|41638,2.8.1.6|2.6.1.62|6.3.3.3,2.8.1|2.6.1|6.3.3,1995
2732.0,ME.2732,metacyc,PWY-5045,,pinosylvin metabolism,35898|35900|35899,2.3.1.146|2.3.1.146,2.3.1|2.3.1,995
2733.0,ME.2733,metacyc,PWY-5414,,palustric acid biosynthesis,45788|45787|45783|45784|45785|45786,1.14.13|5.5.1.14|4.2.3|1.14.13|1.14.13,1.14.13|5.5.1|4.2.3|1.14.13|1.14.13,2714
2734.0,ME.2734,metacyc,TREDEGLOW-PWY,,trehalose degradation I (low osmolarity),42822|42822|42821,2.7.1.2|2.7.1.1|3.2.1.93,2.7.1|2.7.1|3.2.1,2201
2735.0,ME.2735,metacyc,PWY-5411,,abietic acid biosynthesis,37501|37502|37506|37504|37503|37505|37507,5.5.1.14|1.2.1.74|1.14.14.145|4.2.3.18|1.14.14.144,5.5.1|1.2.1|1.14.14|4.2.3|1.14.14,1252
2736.0,ME.2736,metacyc,PWY-5426,,betaxanthin biosynthesis,38779|38781|38780,4.1.1.28|2.1.1.6,4.1.1|2.1.1,1493
2737.0,ME.2737,metacyc,PWY-7198,,pyrimidine deoxyribonucleotides de novo biosynthesis IV,40615|40614|40613|40614|40622|40621|40620|40619|40618|40617|40616|40614,3.5.4.30|2.7.4.13|2.7.4.16|2.7.4.9|2.1.1.45|2.1.1.45|2.1.1.45|2.7.4.6|2.7.4.6|1.17.4.1|3.6.1.15|2.7.4.12,3.5.4|2.7.4|2.7.4|2.7.4|2.1.1|2.1.1|2.1.1|2.7.4|2.7.4|1.17.4|3.6.1|2.7.4,1817
2738.0,ME.2738,metacyc,PWY-6535,,4-aminobutanoate degradation I,35940|35941,1.2.1.24|2.6.1.19,1.2.1|2.6.1,1001
2739.0,ME.2739,metacyc,PWY-5532,,nucleoside and nucleotide degradation (archaea),49360|49351|49352|49353|49354|49355|49356|49357|49357|49360|49358|49358|49359,2.7.1.213|4.1.1.39|5.3.1.29|2.4.2.57|2.4.2.57|2.7.1.212|2.4.2.1|2.4.2.15|2.4.2.1|2.7.1.48|2.4.2.3|2.4.2.2|2.4.2.57,2.7.1|4.1.1|5.3.1|2.4.2|2.4.2|2.7.1|2.4.2|2.4.2|2.4.2|2.7.1|2.4.2|2.4.2|2.4.2,3337
2740.0,ME.2740,metacyc,PWY-5403,,betaxanthin biosynthesis (via dopamine),36347|36346,4.1.1.28,4.1.1,1079
2741.0,ME.2741,metacyc,PWY-2723,,trehalose degradation V,43406|43406|43406|43406|43406|43407|43407|43408,5.4.2.3|5.4.2.10|5.4.2.5|5.4.2.2|5.4.2.8|2.7.1.2|2.7.1.1|2.4.1.231,5.4.2|5.4.2|5.4.2|5.4.2|5.4.2|2.7.1|2.7.1|2.4.1,2316
2742.0,ME.2742,metacyc,PWY-6606,,guanosine nucleotides degradation II,31977|31975|31978|31976,3.5.4.3|1.17.1.4|3.2.2.1|3.1.3.5,3.5.4|1.17.1|3.2.2|3.1.3,332
2743.0,ME.2743,metacyc,GLUDEG-I-PWY,,GABA shunt,43052|43053|43053|43053|43054|43051,1.2.1.24|1.4.1.3|1.4.1.13|1.4.1.4|2.6.1.19|4.1.1.15,1.2.1|1.4.1|1.4.1|1.4.1|2.6.1|4.1.1,2254
2744.0,ME.2744,metacyc,PWY-7748,,yatein biosynthesis I,39549|39548|39547|39546,1.14.14.131|1.14.19.72|2.1.1.330|2.1.1.323,1.14.14|1.14.19|2.1.1|2.1.1,1629
2745.0,ME.2745,metacyc,PWY-5412,,levopimaric acid biosynthesis,33274|33276|33278|33273|33277|33275,4.2.3.32|5.5.1.14|1.14.13,4.2.3|5.5.1|1.14.13,573
2746.0,ME.2746,metacyc,PWY-5394,,betalamic acid biosynthesis,39675|39676|39677,1.13.11.29|1.14.16.2,1.13.11|1.14.16,1658
2747.0,ME.2747,metacyc,PWY-7800,,Ac/N-end rule pathway,37423|37425|37426|37427|37428|37429|37409|37413|37414|37418|37419|37420|37420|37421|37422|37422|37424|37411|37412|37415|37416|37417|37418|37410,2.3.1.255|3.4.11.18|3.4.11.18|3.4.11.18|3.4.11.18|3.4.11.18|2.3.1.254|2.3.1.255|2.3.1.255|2.3.1.256|2.3.1.256|2.3.1.258|2.3.1.256|2.3.1.256|2.3.1.258|2.3.1.256|3.4.11.18|2.3.1.254|2.3.1.254|2.3.1.255|2.3.1.255|2.3.1.255|2.3.1.258|2.3.1.254,2.3.1|3.4.11|3.4.11|3.4.11|3.4.11|3.4.11|2.3.1|2.3.1|2.3.1|2.3.1|2.3.1|2.3.1|2.3.1|2.3.1|2.3.1|2.3.1|3.4.11|2.3.1|2.3.1|2.3.1|2.3.1|2.3.1|2.3.1|2.3.1,1237
2748.0,ME.2748,metacyc,PWY-6536,,4-aminobutanoate degradation III,40218|40217,2.6.1.19|1.2.1.79,2.6.1|1.2.1,1752
2749.0,ME.2749,metacyc,PWY-5439,,betacyanin biosynthesis (via dopamine),36041|36042|36040,1.10.3,1.10.3,1018
2750.0,ME.2750,metacyc,PWY0-1182,,trehalose degradation II (cytosolic),40735|40734|40735,2.7.1.1|3.2.1.28|2.7.1.2,2.7.1|3.2.1|2.7.1,1840
2751.0,ME.2751,metacyc,PWY66-388,,ceramide degradation by alpha-oxidation,32561|32560|32558|32557|32556|32555|32559,6.2.1.3|1.2.1.3|6.2.1|3.5.1.23|3.1.2.10|1.14.18.6,6.2.1|1.2.1|6.2.1|3.5.1|3.1.2|1.14.18,457
2752.0,ME.2752,metacyc,PWY-6607,,guanosine nucleotides degradation I,41010|41009|41011|41012,1.17.1.4|3.5.4.15|3.1.3.5|3.2.2.1,1.17.1|3.5.4|3.1.3|3.2.2,1895
2753.0,ME.2753,metacyc,PWY-5022,,4-aminobutanoate degradation V,39304|39306|39300|39302|39303|39304|39305|39301,2.8.3.8|1.3.8.1|1.1.1.61|2.6.1.19|4.2.1.120|2.8.3.1|1.4.1.2,2.8.3|1.3.8|1.1.1|2.6.1|4.2.1|2.8.3|1.4.1,1592
2754.0,ME.2754,metacyc,PWY-7629,,yatein biosynthesis II,49642|49640|49641|49643,2.1.1|1.14.13|1.14.19,2.1.1|1.14.13|1.14.19,3392
2755.0,ME.2755,metacyc,2OXOBUTYRATECAT-PWY,,2-oxobutanoate degradation II,48034|48035,1.2.7.7|3.1.2.18,1.2.7|3.1.2,3131
2756.0,ME.2756,metacyc,PWY-5404,,betaxanthin biosynthesis (via dopaxanthin),49742|49741|49744|49743|49745,1.10.3|1.14.17,1.10.3|1.14.17,3404
2757.0,ME.2757,metacyc,PWY-6483,,ceramide degradation (generic),33909|33907|33908,3.5.1.23|2.7.1.91,3.5.1|2.7.1,676
2758.0,ME.2758,metacyc,PWY-6537,,4-aminobutanoate degradation II,31692|31693,1.2.1.79|2.6.1.19,1.2.1|2.6.1,276
2759.0,ME.2759,metacyc,PWY-5130,,2-oxobutanoate degradation I,43378,1.2.1.25,1.2.1,2309
2760.0,ME.2760,metacyc,PWY-5399,,betacyanin biosynthesis,45022|45026|45020|45027|45020|45021|45023|45025|45024,1.10.3.1|1.14.18.1|1.10.3|2.4.1|2.4.1|2.4.1,1.10.3|1.14.18|1.10.3|2.4.1|2.4.1|2.4.1,2596
2761.0,ME.2761,metacyc,PWY-7119,,ceramide and sphingolipid recycling and degradation (yeast),34752|34745|34746|34747|34748|34749|34750|34751|34753|34754|34755|34756|34757|34758|34759|34760,3.1.3|4.1.2.27|1.2.1.3|6.2.1.3|4.1.2.27|6.2.1.3|2.7.1.91|2.7.1.91|3.5.1.23|3.1.4|3.1.4|3.1.4|3.5.1.23|1.2.1.3|1.14.18.12|3.1.3,3.1.3|4.1.2|1.2.1|6.2.1|4.1.2|6.2.1|2.7.1|2.7.1|3.5.1|3.1.4|3.1.4|3.1.4|3.5.1|1.2.1|1.14.18|3.1.3,818
2762.0,ME.2762,metacyc,PWY-6473,,4-aminobutanoate degradation IV,31046|31047,1.2.1.24|2.6.1.96,1.2.1|2.6.1,169
2763.0,ME.2763,metacyc,PWY-5703,,urea degradation I,32282|32281|32280|32280,6.3.4.6|4.2.1.104|3.5.1.110,6.3.4|4.2.1|3.5.1,393
2764.0,ME.2764,metacyc,PWY-6089,,3-chlorocatechol degradation I (ortho),42912|42913|42910|42911|42914,5.5.1.7|5.5.1.7|3.1.1.45|1.3.1.32,5.5.1|5.5.1|3.1.1|1.3.1,2225
2765.0,ME.2765,metacyc,PWY3DJ-11470,,sphingosine and sphingosine-1-phosphate metabolism,43006|43007|43007|43001|43003|43004|43005|43010|43002|43009|43008,1.3.1.8|3.1.3|3.1.3.4|1.2.1.3|2.7.1.91|6.2.1.3|3.5.1.23|6.2.1.3|1.3.1.27|1.2.1.3|4.3.2,1.3.1|3.1.3|3.1.3|1.2.1|2.7.1|6.2.1|3.5.1|6.2.1|1.3.1|1.2.1|4.3.2,2244
2766.0,ME.2766,metacyc,GALLATE-DEGRADATION-I-PWY,,gallate degradation II,34533|34529|34530|34531|34532,1.13.11|3.1.1.57|4.2.1.83|5.3.2.8|4.1.3.17,1.13.11|3.1.1|4.2.1|5.3.2|4.1.3,777
2767.0,ME.2767,metacyc,PWY-7206,,pyrimidine deoxyribonucleotides dephosphorylation,47093|47094|47093|47092|47092|47092,3.6.1.23|3.6.1|3.6.1.9|3.6.1.12|3.6.1.65|3.6.1.9,3.6.1|3.6.1|3.6.1|3.6.1|3.6.1|3.6.1,2949
2768.0,ME.2768,metacyc,PWY-6193,,3-chlorocatechol degradation II (ortho),50114|50113|50117|50116|50115,1.3.1.32|3.1.1.45|5.5.1|5.5.1.7,1.3.1|3.1.1|5.5.1|5.5.1,3468
2769.0,ME.2769,metacyc,PWY-6281,,L-selenocysteine biosynthesis II (archaea and eukaryotes),45028|45029|45030|45031,2.7.9.3|2.7.1.164|2.9.1.2|6.1.1.11,2.7.9|2.7.1|2.9.1|6.1.1,2597
2770.0,ME.2770,metacyc,PWY-5400,,amaranthin biosynthesis,41741|41740|41739|41742|41738,2.3.1|2.3.1|2.4.1,2.3.1|2.3.1|2.4.1,2014
2771.0,ME.2771,metacyc,PWY-6435,,4-hydroxybenzoate biosynthesis III (plants),50168|50170|50167|50166|50169,2.3.1.16|6.2.1.12|3.1.2.23|1.1.1.35,2.3.1|6.2.1|3.1.2|1.1.1,3476
2772.0,ME.2772,metacyc,PWY-5704,,urea degradation II,34400,3.5.1.5,3.5.1,748
2773.0,ME.2773,metacyc,PWY-6214,,3-chlorocatechol degradation III (meta pathway),46042|46040|46038|46037|46039|46041,5.3.2.6|5.3.2.6|4.1.1.77,5.3.2|5.3.2|4.1.1,2756
2774.0,ME.2774,metacyc,PWY0-901,,L-selenocysteine biosynthesis I (bacteria),41557|41558|41556,2.9.1.1|6.1.1.11|2.7.9.3,2.9.1|6.1.1|2.7.9,1979
2775.0,ME.2775,metacyc,PWY66-399,,gluconeogenesis III,47894|47886|47887|47888|47888|47889|47890|47891|47892|47893|47894|47894|47894|47894|47894|47894|47894|47894|47894|47894|47894|47895|47896|47897,1.1.1.299|1.2.1.12|6.4.1.1|3.1.3.58|3.1.3.9|5.4.2.11|3.1.3.11|5.3.1.1|5.3.1.9|4.1.1.32|1.1.1.337|1.1.1.27|1.1.1.85|1.1.1.375|1.1.1.38|1.1.1.81|1.1.1.28|1.1.1.37|1.1.1.96|1.1.1.95|1.1.1.82|4.2.1.11|4.1.2.13|2.7.2.3,1.1.1|1.2.1|6.4.1|3.1.3|3.1.3|5.4.2|3.1.3|5.3.1|5.3.1|4.1.1|1.1.1|1.1.1|1.1.1|1.1.1|1.1.1|1.1.1|1.1.1|1.1.1|1.1.1|1.1.1|1.1.1|4.2.1|4.1.2|2.7.2,3103
2776.0,ME.2776,metacyc,PWY-5754,,4-hydroxybenzoate biosynthesis I (eukaryotes),44221|44221|44221|44220|44221|44222|44224|44222|44221|44221|44223|44222|44222|44221,1.2.1.28|1.2.1.64|1.2.1.96|1.1.1.110|1.2.1.3|2.6.1.1|3.7.1|2.6.1.57|1.2.1.65|1.2.1.29|2.8.3.17|2.6.1.5|2.6.1.27|1.2.1.67,1.2.1|1.2.1|1.2.1|1.1.1|1.2.1|2.6.1|3.7.1|2.6.1|1.2.1|1.2.1|2.8.3|2.6.1|2.6.1|1.2.1,2453
2777.0,ME.2777,metacyc,GALLATE-DEGRADATION-II-PWY,,gallate degradation I,32239|32240|32241|32238,1.13.11.57|5.3.2.8|4.1.3.17|4.2.1.83,1.13.11|5.3.2|4.1.3|4.2.1,380
2778.0,ME.2778,metacyc,PWY-6545,,pyrimidine deoxyribonucleotides de novo biosynthesis III,41679|41672|41672|41672|41673|41674|41675|41676|41677|41670|41678|41670|41671|41679|41680,2.1.1.148|2.7.4.9|2.7.4.13|2.7.4.12|3.6.1.15|1.17.4.1|1.17.4.1|2.7.4.6|2.7.4.6|3.6.1.9|2.7.4.6|3.6.1.23|2.7.4.16|1.5.1.3|2.1.1.148,2.1.1|2.7.4|2.7.4|2.7.4|3.6.1|1.17.4|1.17.4|2.7.4|2.7.4|3.6.1|2.7.4|3.6.1|2.7.4|1.5.1|2.1.1,2002
2779.0,ME.2779,metacyc,PWY-6094,,"3,4,6-trichlorocatechol degradation",34744|34743|34742|34738|34740|34737|34739|34736|34741,1.3.1.32|5.5.1|1.3.1.32|3.1.1.45|1.3.1.32,1.3.1|5.5.1|1.3.1|3.1.1|1.3.1,817
2780.0,ME.2780,metacyc,PWY-7117,,"C4 photosynthetic carbon assimilation cycle, PEPCK type",32680|32681|32682|32675|32676|32677|32678|32679,2.6.1.2|2.6.1.1|2.7.9.1|4.1.1.31|1.1.1.40|1.1.1.299|4.1.1.49|4.2.1.1,2.6.1|2.6.1|2.7.9|4.1.1|1.1.1|1.1.1|4.1.1|4.2.1,483
2781.0,ME.2781,metacyc,PWY-5473,,hydroxycinnamic acid serotonin amides biosynthesis,41145|41148|41147|41143|41143|41146|41144,4.1.1.105|4.1.1.28|1.14.14,4.1.1|4.1.1|1.14.14,1923
2782.0,ME.2782,metacyc,PWY-5755,,4-hydroxybenzoate biosynthesis II (bacteria),36095,4.1.3.40,4.1.3,1031
2783.0,ME.2783,metacyc,PWY-8013,,UDP-N-acetyl-D-galactosamine biosynthesis III,35559|35560|35562|35561|35558,2.6.1.16|2.7.7.83|5.4.2.13|2.3.1.276|5.3.1.9,2.6.1|2.7.7|5.4.2|2.3.1|5.3.1,936
2784.0,ME.2784,metacyc,PWY-181,,photorespiration,42378|42379|42380|42381|42382|42382|42374|42383|42384|42382|42374|42374|42375|42376|42377|42374,3.1.3.18|1.13.11|1.1.3.15|2.1.2.1|2.1.2.10|1.4.4.2|1.1.1.26|1.4.1.27|2.1.2.1|1.8.1.4|1.1.1.29|1.1.1.79|2.6.1.45|2.6.1.4|2.7.1.31|1.1.1.81,3.1.3|1.13.11|1.1.3|2.1.2|2.1.2|1.4.4|1.1.1|1.4.1|2.1.2|1.8.1|1.1.1|1.1.1|2.6.1|2.6.1|2.7.1|1.1.1,2120
2785.0,ME.2785,metacyc,PWY-6093,,"4,5-dichlorocatechol degradation",34433|34434|34435|34436|34437|34431|34432,1.3.1.32|5.5.1.7|3.1.1.45|1.3.1.32,1.3.1|5.5.1|3.1.1|1.3.1,758
2786.0,ME.2786,metacyc,METHFORM-PWY,,methyl-coenzyme M reduction to methane,31927,2.8.4.1,2.8.4,324
2787.0,ME.2787,metacyc,GLUCONEO-PWY,,gluconeogenesis I,31560|31560|31560|31560|31560|31560|31560|31560|31560|31560|31561|31562|31563|31564|31565|31566|31567|31560|31560|31559|31558|31557|31556|31555,1.1.1.85|1.1.1.299|1.1.1.375|1.1.1.38|1.1.1.81|1.1.1.28|1.1.1.37|1.1.1.96|1.1.1.95|1.1.1.82|1.1.1.39|1.1.1.40|4.1.1.49|4.2.1.11|4.1.2.13|2.7.2.3|2.7.9.2|1.1.1.27|1.1.1.337|5.3.1.9|5.3.1.1|3.1.3.11|5.4.2.11|1.2.1.12,1.1.1|1.1.1|1.1.1|1.1.1|1.1.1|1.1.1|1.1.1|1.1.1|1.1.1|1.1.1|1.1.1|1.1.1|4.1.1|4.2.1|4.1.2|2.7.2|2.7.9|1.1.1|1.1.1|5.3.1|5.3.1|3.1.3|5.4.2|1.2.1,250
2788.0,ME.2788,metacyc,PWY-8024,,4-hydroxyindole-3-carbonyl nitrile biosynthesis,40594|40589|40595|40591|40593|40592|40590,1.14.14.165|1.14.14.156|1.1.3,1.14.14|1.14.14|1.1.3,1812
2789.0,ME.2789,metacyc,PWY-6431,,4-hydroxybenzoate biosynthesis IV (plants),43321|43321|43321|43321|43321|43321|43321|43322,1.2.1.29|1.2.1.67|1.2.1.28|1.2.1.3|1.2.1.64|1.2.1.96|1.2.1.65|3.7.1,1.2.1|1.2.1|1.2.1|1.2.1|1.2.1|1.2.1|1.2.1|3.7.1,2303
2790.0,ME.2790,metacyc,P3-PWY,,gallate degradation III (anaerobic),34494|34490|34490|34489|34488|34484|34485|34486|34487|34493|34488|34492|34491,1.3.8.1|2.8.3.8|2.8.3.1|4.2.1.150|2.7.2.15|1.3.1.57|4.1.1.59|1.97.1.2|2.3.1.8|2.8.3.8|2.7.2.1|2.3.1|3.7.1,1.3.8|2.8.3|2.8.3|4.2.1|2.7.2|1.3.1|4.1.1|1.97.1|2.3.1|2.8.3|2.7.2|2.3.1|3.7.1,770
2791.0,ME.2791,metacyc,PWY-7184,,pyrimidine deoxyribonucleotides de novo biosynthesis I,40579|40579|40580|40577|40581|40579|40586|40584|40578|40582|40583|40585|40588|40587|40577,2.7.4.13|2.7.4.12|3.6.1.15|3.6.1.9|1.17.4.1|2.7.4.9|2.1.1.45|2.7.4.6|2.7.4.16|1.17.4.1|2.7.4.6|2.7.4.6|2.1.1.45|2.1.1.45|3.6.1.23,2.7.4|2.7.4|3.6.1|3.6.1|1.17.4|2.7.4|2.1.1|2.7.4|2.7.4|1.17.4|2.7.4|2.7.4|2.1.1|2.1.1|3.6.1,1811
2792.0,ME.2792,metacyc,PWY-6087,,4-chlorocatechol degradation,35977|35979|35978|35981|35980,3.1.1.45|1.3.1.32|5.5.1.7,3.1.1|1.3.1|5.5.1,1007
2793.0,ME.2793,metacyc,PWY-241,,"C4 photosynthetic carbon assimilation cycle, NADP-ME type",45629|45627|45628|45626|45625,2.7.9.1|1.1.1.299|4.2.1.1|1.1.1.40|4.1.1.31,2.7.9|1.1.1|4.2.1|1.1.1|4.1.1,2689
2794.0,ME.2794,metacyc,PWY-5474,,hydroxycinnamic acid tyramine amides biosynthesis,45789|45793|45792|45791|45790|45789,4.1.1.25|2.3.1.110|2.3.1.110|2.3.1.110|2.3.1.110|4.1.1.28,4.1.1|2.3.1|2.3.1|2.3.1|2.3.1|4.1.1,2715
2795.0,ME.2795,metacyc,PWY-7927,,sulfide oxidation IV (mitochondria),38004|38001|38000|38002|38003,2.8.1.1|1.13.11.18|1.8.3.1|1.13.11.18|1.8.5.8,2.8.1|1.13.11|1.8.3|1.13.11|1.8.5,1338
2796.0,ME.2796,metacyc,PWY-7640,,abscisic acid degradation to neophaseic acid,46918|46917,1.14.14,1.14.14,2914
2798.0,ME.2798,metacyc,PWY-6084,,"3,5-dichlorocatechol degradation",42459|42458|42460|42456|42454|42455|42457,1.3.1.32|1.3.1.32|5.5.1.11|3.1.1.45,1.3.1|1.3.1|5.5.1|3.1.1,2134
2800.0,ME.2800,metacyc,PWY-6142,,gluconeogenesis II (Methanobacterium thermoautotrophicum),46242|46240|46233|46234|46235|46236|46237|46238|46239|46244|46243|46241|46232,2.7.1.40|4.1.2.13|5.4.2.11|5.3.1.1|5.3.1.9|4.1.1.31|1.2.7.1|4.2.1.1|4.2.1.11|2.7.9.2|1.2.7.6|2.7.1.146|6.4.1.1,2.7.1|4.1.2|5.4.2|5.3.1|5.3.1|4.1.1|1.2.7|4.2.1|4.2.1|2.7.9|1.2.7|2.7.1|6.4.1,2792
2801.0,ME.2801,metacyc,PWY-8052,,2-arachidonoylglycerol biosynthesis,30785|30790|30789|30788|30787|30784|30786,3.1.3.4|3.1.4.3|3.1.3|3.1.4.11|3.1.4.11,3.1.3|3.1.4|3.1.3|3.1.4|3.1.4,111
2802.0,ME.2802,metacyc,PWY-5274,,sulfide oxidation II (flavocytochrome c),38083,1.8.2.3,1.8.2,1355
2803.0,ME.2803,metacyc,PWY-7801,,N-end rule pathway I (prokaryotic),43912|43911,2.3.2.6|2.3.2.6,2.3.2|2.3.2,2398
2804.0,ME.2804,metacyc,PWY-6109,,mangrove triterpenoid biosynthesis,39314|39312|39317|39316|39315|39313,5.4.99.41|5.4.99.8|5.4.99.34|5.4.99.40|5.4.99.35|5.4.99.39,5.4.99|5.4.99|5.4.99|5.4.99|5.4.99|5.4.99,1595
2805.0,ME.2805,metacyc,PWY-7642,,abscisic acid degradation to 7-hydroxyabscisate,36361,1.14.14,1.14.14,1084
2806.0,ME.2806,metacyc,PWY-7115,,"C4 photosynthetic carbon assimilation cycle, NAD-ME type",34986|34986|34986|34986|34986|34986|34986|34986|34986|34986|34986|34985|34986|34991|34990|34989|34987|34988,1.1.1.82|1.1.1.95|1.1.1.96|1.1.1.37|1.1.1.28|1.1.1.375|1.1.1.337|1.1.1.27|1.1.1.85|1.1.1.81|1.1.1.38|4.1.1.31|1.1.1.299|2.7.9.1|2.6.1.1|2.6.1.2|1.1.1.39|4.2.1.1,1.1.1|1.1.1|1.1.1|1.1.1|1.1.1|1.1.1|1.1.1|1.1.1|1.1.1|1.1.1|1.1.1|4.1.1|1.1.1|2.7.9|2.6.1|2.6.1|1.1.1|4.2.1,852
2807.0,ME.2807,metacyc,PWY-6442,,spermidine hydroxycinnamic acid conjugates biosynthesis,31933|31928|31931|31932|31934|31930|31929,1.14.14|1.14.14|2.1.1|2.1.1,1.14.14|1.14.14|2.1.1|2.1.1,325
2808.0,ME.2808,metacyc,PWY-112,,lupeol biosynthesis,34507,5.4.99.41,5.4.99,774
2809.0,ME.2809,metacyc,PWY-5271,,abscisic acid degradation to phaseic acid,33816|33818|33817,1.1.1,1.1.1,657
2810.0,ME.2810,metacyc,PWY-5514,,UDP-N-acetyl-D-galactosamine biosynthesis II,34718|34717|34716|34716|34715|34713|34714,3.5.99.6|2.7.7.23|2.7.1.1|2.7.1.2|2.3.1.4|5.4.2.3|5.3.1.9,3.5.99|2.7.7|2.7.1|2.7.1|2.3.1|5.4.2|5.3.1,813
2811.0,ME.2811,metacyc,PWY-7227,,adenosine deoxyribonucleotides de novo biosynthesis,49813|49814,1.17.4.1|2.7.4.6,1.17.4|2.7.4,3415
2812.0,ME.2812,metacyc,PWY-5209,,methyl-coenzyme M oxidation to CO2,47579|47578|47577|47576|47575|47574,1.5.98.1|1.5.98|3.5.4.27|2.3.1.101|2.1.1|1.2.7.12,1.5.98|1.5.98|3.5.4|2.3.1|2.1.1|1.2.7,3032
2813.0,ME.2813,metacyc,PWY-3961,,phosphopantothenate biosynthesis II,42930|42932|42930|42930|42931,1.1.1.214|4.3.3|1.1.1.358|1.1.1.168|2.7.1.33,1.1.1|4.3.3|1.1.1|1.1.1|2.7.1,2231
2814.0,ME.2814,metacyc,PWY-3181,,L-tryptophan degradation VI (via tryptamine),34464|34464|34463|34465,4.1.1.28|4.1.1.105|1.2.3.7|1.4.3.4,4.1.1|4.1.1|1.2.3|1.4.3,766
2815.0,ME.2815,metacyc,PWY-7696,,citreoisocoumarin and bikisocoumarin biosynthesis,39693|39691|39692|39694,2.3.1|2.3.1|2.3.1|2.3.1,2.3.1|2.3.1|2.3.1|2.3.1,1662
2816.0,ME.2816,metacyc,PWY-6095,,"dammara-20,24-diene biosynthesis",36868,5.4.99.37,5.4.99,1152
2817.0,ME.2817,metacyc,PWY-6678,,geraniol and nerol degradation,41627|41626|41625|41625|41625|41625|41625|41624|41623,1.1.1.239|1.1.1.90|1.1.1.51|1.1.1.347|1.1.1.198|1.1.1.347|1.2.1.86,1.1.1|1.1.1|1.1.1|1.1.1|1.1.1|1.1.1|1.2.1,1992
2818.0,ME.2818,metacyc,PWY-7220,,adenosine deoxyribonucleotides de novo biosynthesis II,36130|36132|36129|36131,2.7.4.6|1.17.4.1|1.17.4.1|1.1.98.6,2.7.4|1.17.4|1.17.4|1.1.98,1042
2819.0,ME.2819,metacyc,PWY-6654,,phosphopantothenate biosynthesis III (archaebacteria),31066|31067|31064|31065,6.3.2.36|2.1.2.11|1.1.1.169|2.7.1.169,6.3.2|2.1.2|1.1.1|2.7.1,173
2820.0,ME.2820,metacyc,PWY-8055,,palmitoyl ethanolamide biosynthesis,34348|34346|34345|34350|34349|34347,3.1.3.4|2.3.1.51|2.3.1.15|2.7.8.2|3.1.4.54,3.1.3|2.3.1|2.3.1|2.7.8|3.1.4,741
2821.0,ME.2821,metacyc,PWY-7475,,des-methyl avenacin A-1 biosynthesis,34761|34762,2.4.1|2.3.1,2.4.1|2.3.1,819
2822.0,ME.2822,metacyc,PWY-6413,,ginsenoside degradation III,43770,3.2.1.193,3.2.1,2375
2823.0,ME.2823,metacyc,PWY-82,,UDP-beta-L-arabinose biosynthesis II (from beta-L-arabinose),30701|30702,2.7.1.46|2.7.7.37,2.7.1|2.7.7,94
2824.0,ME.2824,metacyc,METH-ACETATE-PWY,,methanogenesis from acetate,46392|46393|46391|46390|46389|46391,2.1.1.245|2.1.1|2.7.2.1|2.3.1.8|1.2.7.4|2.7.2.15,2.1.1|2.1.1|2.7.2|2.3.1|1.2.7|2.7.2,2811
2825.0,ME.2825,metacyc,PANTO-PWY,,phosphopantothenate biosynthesis I,41964|41962|41963|41965|41961,2.1.2.11|1.1.1.169|2.7.1.33|2.1.2.11|6.3.2.1,2.1.2|1.1.1|2.7.1|2.1.2|6.3.2,2059
2826.0,ME.2826,metacyc,PWY-6448,,hordatine biosynthesis,44279|44280,2.3.1.64,2.3.1,2461
2827.0,ME.2827,metacyc,PWY-7210,,pyrimidine deoxyribonucleotides biosynthesis from CTP,40817|40815|40816|40825|40824|40823|40822|40821|40820|40819|40818|40817|40817,2.7.4.9|3.5.4.12|2.7.4.16|2.1.1.45|2.1.1.45|2.1.1.45|3.6.1.6|2.7.4.6|2.7.4.6|1.17.4.1|3.6.1.15|2.7.4.12|2.7.4.13,2.7.4|3.5.4|2.7.4|2.1.1|2.1.1|2.1.1|3.6.1|2.7.4|2.7.4|1.17.4|3.6.1|2.7.4|2.7.4,1858
2828.0,ME.2828,metacyc,PWY-5992,,thalianol and derivatives biosynthesis,37196|37194|37195,1.14.19|5.4.99.31|1.14.14,1.14.19|5.4.99|1.14.14,1213
2829.0,ME.2829,metacyc,PWY-6806,,carotenoid cleavage,46519|46520|46524|46523|46518|46522|46517|46515|46516|46525|46521,1.13.11.71|1.13.11.71|1.13.11.71|1.13.11.71|1.13.11.84|1.13.11.70|1.13.12,1.13.11|1.13.11|1.13.11|1.13.11|1.13.11|1.13.11|1.13.12,2839
2830.0,ME.2830,metacyc,PWY-7251,,pentacyclic triterpene biosynthesis,33312|33317|33318|33319|33320|33321|33316|33315|33314|33313,5.4.99.39|5.4.99.55|5.4.99.49|5.4.99.50|5.4.99.34|5.4.99|5.4.99.40|5.4.99.36|5.4.99.35|5.4.99.41,5.4.99|5.4.99|5.4.99|5.4.99|5.4.99|5.4.99|5.4.99|5.4.99|5.4.99|5.4.99,579
2831.0,ME.2831,metacyc,PWY-6670,,citronellol degradation,43246|43249|43248|43247,1.1.99|1.3.8|6.2.1|1.1.99,1.1.99|1.3.8|6.2.1|1.1.99,2285
2832.0,ME.2832,metacyc,PWY-7842,,UDP-yelosamine biosynthesis,46665|46666|46667,4.2.1.135|2.6.1.92,4.2.1|2.6.1,2865
2833.0,ME.2833,metacyc,PWY-5261,,methanogenesis from tetramethylammonium,36866|36867,2.1.1.252|2.1.1.253,2.1.1|2.1.1,1151
2834.0,ME.2834,metacyc,PWY18C3-24,,methylsalicylate degradation,49278|49279,3.1.1.1|3.1.1.1,3.1.1|3.1.1,3330
2835.0,ME.2835,metacyc,PWY-5759,,saponin biosynthesis III,41584|41586|41583|41585,2.4.1|2.4.1|1.14.14|2.4.1,2.4.1|2.4.1|1.14.14|2.4.1,1986
2836.0,ME.2836,metacyc,PWY-7136,,beta myrcene degradation,39501|39498|39499|39500,1.1.1.347|4.2.1.127|5.4.4.4|1.2.1.86,1.1.1|4.2.1|5.4.4|1.2.1,1621
2837.0,ME.2837,metacyc,PWY0-1221,,putrescine degradation II,46624|46625|46622|46623,1.2.1.99|6.3.1.11|3.5.1.94,1.2.1|6.3.1|3.5.1,2856
2838.0,ME.2838,metacyc,PWY-7068,,ursolate biosynthesis,40060|40061|40062,,,1716
2839.0,ME.2839,metacyc,PWY-6672,,cis-genanyl-CoA degradation,45037|45038|45034|45035|45036|45040|45041|45042|45039,6.2.1.1|4.2.1|6.4.1.5|4.1.3.26|4.2.1.57|2.3.1|1.3.99|1.1.1|2.3.1,6.2.1|4.2.1|6.4.1|4.1.3|4.2.1|2.3.1|1.3.99|1.1.1|2.3.1,2599
2840.0,ME.2840,metacyc,PWY-7346,,UDP-alpha-D-glucuronate biosynthesis (from UDP-glucose),41168,1.1.1.22,1.1.1,1928
2841.0,ME.2841,metacyc,PWY-0,,putrescine degradation III,32516|32515|32518|32517,1.2.1.3|3.5.1.63|2.3.1.57|1.4.3.4,1.2.1|3.5.1|2.3.1|1.4.3,446
2842.0,ME.2842,metacyc,PWY-5247,,methanogenesis from methylamine,37703,2.1.1.247,2.1.1,1296
2843.0,ME.2843,metacyc,PWY-7197,,pyrimidine deoxyribonucleotide phosphorylation,31158|31161|31160|31159|31159|31159|31158|31158|31157,2.7.4.12|2.7.4.6|2.7.4.6|2.7.4.25|2.7.4.13|2.7.4.14|2.7.4.13|2.7.4.9|2.7.4.16,2.7.4|2.7.4|2.7.4|2.7.4|2.7.4|2.7.4|2.7.4|2.7.4|2.7.4,191
2844.0,ME.2844,metacyc,PWY-6767,,"4,4-diapolycopenedioate biosynthesis",36559|36561|36560|36560|36558|36565|36557|36564|36563|36562|36561,1.3.8.2|1.3.8|1.3.8.2|1.3.8|1.3.8.2|1.14.99.44|1.2.99.10|2.5.1.96|2.5.1.103|1.3.8.2,1.3.8|1.3.8|1.3.8|1.3.8|1.3.8|1.14.99|1.2.99|2.5.1|2.5.1|1.3.8,1104
2845.0,ME.2845,metacyc,6-HYDROXYCINEOLE-DEGRADATION-PWY,,"1,8-cineole degradation",40733|40731|40730|40732,1.14.14.56|1.14.13.51|1.1.1.241,1.14.14|1.14.13|1.1.1,1839
2846.0,ME.2846,metacyc,PWY-2,,putrescine degradation IV,33375|33377|33376,1.2.1.19|2.6.1.82|1.4.3.10,1.2.1|2.6.1|1.4.3,593
2847.0,ME.2847,metacyc,PWY18C3-20,,gentisate 5-O-beta-D-xylopyranoside biosynthesis,46287,2.4.1,2.4.1,2797
2848.0,ME.2848,metacyc,PWY-5461,,betanidin degradation,31923,1.11.1.7,1.11.1,321
2849.0,ME.2849,metacyc,PWY-7158,,L-phenylalanine degradation V,33239|33238,1.5.1.34|4.2.1.96,1.5.1|4.2.1,563
2852.0,ME.2852,metacyc,PWY-3,,putrescine degradation V,41089|41090,1.2.1.19|2.6.1.113,1.2.1|2.6.1,1910
2853.0,ME.2853,metacyc,METHANOGENESIS-PWY,,methanogenesis from H2 and CO2,36712|36716|36715|36714|36713|36711,3.5.4.27|2.1.1.86|2.3.1.101|1.12.98.2|1.5.98.2|1.2.7.12,3.5.4|2.1.1|2.3.1|1.12.98|1.5.98|1.2.7,1120
2854.0,ME.2854,metacyc,PWY-6999,,theophylline degradation,37526|37532|37531|37527|37533|37530|37529|37528|37525,1.17.3.2|1.14.13.178|1.14.13.178|1.14.13.179|1.14.13.179|1.17.1.4,1.17.3|1.14.13|1.14.13|1.14.13|1.14.13|1.17.1,1256
2855.0,ME.2855,metacyc,PHENYLALANINE-DEG1-PWY,,L-phenylalanine degradation I (aerobic),42690,1.14.16.1,1.14.16,2173
2856.0,ME.2856,metacyc,PWY-6098,,diploterol biosynthesis,37536|37537,5.4.99.17|4.2.1.129,5.4.99|4.2.1,1258
2857.0,ME.2857,metacyc,PWY-7615,,"pterocarpan phytoalexins modification (maackiain, medicarpin, pisatin, phaseollin)",36976|36975|36974|36973|36972|36971|36979|36978|36977,1.14.13|1.14.14|1.14.13|1.14.13|1.3.1|4.2.1.97|1.14.13|1.14.13|1.1.1,1.14.13|1.14.14|1.14.13|1.14.13|1.3.1|4.2.1|1.14.13|1.14.13|1.1.1,1169
2858.0,ME.2858,metacyc,PUTDEG-PWY,,putrescine degradation I,48680|48679,2.6.1.82|1.2.1.19,2.6.1|1.2.1,3229
2859.0,ME.2859,metacyc,PWY18C3-5,,alpha-tomatine degradation,45183|45182|45181|45179|45180|45178,3.2.1|3.2.1|3.2.1|3.2.1|3.2.1|3.2.1.21,3.2.1|3.2.1|3.2.1|3.2.1|3.2.1|3.2.1,2618
2860.0,ME.2860,metacyc,PWY-8014,,L-phenylalanine degradation VI (Stickland reaction),40940|40939|40938|40937|40936|40939|40939,1.3.8.15|2.6.1.57|1.1.1.110|4.2.1.175|2.8.3.17|2.6.1.27|2.6.1.1,1.3.8|2.6.1|1.1.1|4.2.1|2.8.3|2.6.1|2.6.1,1886
2861.0,ME.2861,metacyc,PWY-7343,,UDP-alpha-D-glucose biosynthesis I,45901|45902|45902|45901|45901|45901|45901,5.4.2.5|2.7.7.9|2.7.7.64|5.4.2.3|5.4.2.8|5.4.2.2|5.4.2.10,5.4.2|2.7.7|2.7.7|5.4.2|5.4.2|5.4.2|5.4.2,2735
2862.0,ME.2862,metacyc,PWY-7662,,glycogen degradation III (via anhydrofructose),45681|45678|45679|45679|45680,4.2.2.13|4.2.1.111|4.2.1.110|5.3.2.7|5.3.2.7,4.2.2|4.2.1|4.2.1|5.3.2|5.3.2,2699
2863.0,ME.2863,metacyc,PWY-5079,,L-phenylalanine degradation III,31604|31604|31604|31601|31603|31602,2.6.1.57|2.6.1.1|2.6.1.27|4.1.1.43|1.1.1.1|2.6.1.58,2.6.1|2.6.1|2.6.1|4.1.1|1.1.1|2.6.1,255
2864.0,ME.2864,metacyc,PWY-6005,,marneral biosynthesis,37958|37959,5.4.99.53,5.4.99,1330
2865.0,ME.2865,metacyc,PWY-6328,,L-lysine degradation X,46940|46942|46943|46941|46938|46939,1.2.1.19|2.6.1.82|2.8.3.13|1.2.1.20|2.6.1.48|4.1.1.18,1.2.1|2.6.1|2.8.3|1.2.1|2.6.1|4.1.1,2920
2866.0,ME.2866,metacyc,OCTOPINEDEG-PWY,,octopine degradation,37658,1.5,1.5,1284
2867.0,ME.2867,metacyc,PWY-6318,,"L-phenylalanine degradation IV (mammalian, via side chain)",31839|31843|31843|31842|31841|31840|31838|31837|31836|31835|31835|31843,2.3.1.192|2.6.1.1|2.6.1.57|1.13.11.27|1.4.3.4|1.1.1.110|6.2.1.30|2.3.1.14|1.2.1.39|4.1.1.28|4.1.1.53|2.6.1.27,2.3.1|2.6.1|2.6.1|1.13.11|1.4.3|1.1.1|6.2.1|2.3.1|1.2.1|4.1.1|4.1.1|2.6.1,300
2868.0,ME.2868,metacyc,PWY-7473,,avenacin A-1 biosynthesis,46460|46457|46459|46453|46454|46458|46455|46456,1.14.14|2.4.1|5.4.99.39|1.14.14|2.3.1|1.14.14|1.14.14.63,1.14.14|2.4.1|5.4.99|1.14.14|2.3.1|1.14.14|1.14.14,2826
2869.0,ME.2869,metacyc,PWY-7336,,UDP-N-acetyl-alpha-D-galactosaminuronate biosynthesis,38527|38528,1.1.1.136|5.1.3,1.1.1|5.1.3,1453
2871.0,ME.2871,metacyc,HISTSYN-PWY,,L-histidine biosynthesis,38175|38168|38169|38170|38171|38172|38173|38174|38176|38177,4.3.2.10|3.1.3.15|5.3.1.16|3.6.1.31|3.5.4.19|4.2.1.19|2.6.1.9|2.4.2.17|1.1.1.23|1.1.1.23,4.3.2|3.1.3|5.3.1|3.6.1|3.5.4|4.2.1|2.6.1|2.4.2|1.1.1|1.1.1,1372
2872.0,ME.2872,metacyc,PWY-31,,canavanine degradation,42214|42213,1.6.6|3.5.3.1,1.6.6|3.5.3,2096
2873.0,ME.2873,metacyc,ANAPHENOXI-PWY,,L-phenylalanine degradation II (anaerobic),45301|45302|45302|45302|45300,1.2.1.39|2.6.1.1|2.6.1.27|2.6.1.57|4.1.1.43,1.2.1|2.6.1|2.6.1|2.6.1|4.1.1,2639
2874.0,ME.2874,metacyc,PWY-5774,,saponin biosynthesis IV,37134|37135|37129|37130|37131|37132|37137|37133|37136,2.4.1|2.4.1|2.4.1|2.4.1|2.4.1|2.4.1|2.4.1|2.4.1|2.4.1,2.4.1|2.4.1|2.4.1|2.4.1|2.4.1|2.4.1|2.4.1|2.4.1|2.4.1,1201
2876.0,ME.2876,metacyc,PWY-5314,,L-lysine degradation VIII,40337|40336|40337,1.2.1.31|1.4.1.18|1.4.1.18,1.2.1|1.4.1|1.4.1,1775
2877.0,ME.2877,metacyc,PWY-5468,,lupanine biosynthesis,48188|48191|48187|48189|48190,4.1.1.18|2.3.1.93,4.1.1|2.3.1,3148
2878.0,ME.2878,metacyc,PWY-6104,,3-chlorotoluene degradation II,30824|30823|30825,1.2.1.28|1.1.1.90|1.14.15.26,1.2.1|1.1.1|1.14.15,119
2879.0,ME.2879,metacyc,NOPALINEDEG-PWY,,nopaline degradation,34182,1.5,1.5,714
2880.0,ME.2880,metacyc,PWY-6000,,gamma-linolenate biosynthesis II (animals),49071|49072,1.14.19.3|6.2.1.3,1.14.19|6.2.1,3286
2881.0,ME.2881,metacyc,PWY-7069,,oleanolate biosynthesis,32091|32093|32092|32090,5.4.99.39,5.4.99,353
2882.0,ME.2882,metacyc,PWY-7335,,UDP-N-acetyl-alpha-D-mannosaminouronate biosynthesis,37955,1.1.1.336,1.1.1,1328
2883.0,ME.2883,metacyc,PWY-6103,,3-chlorotoluene degradation I,49422|49423,1.3.1.119|1.14.12.26,1.3.1|1.14.12,3348
2884.0,ME.2884,metacyc,PWY-5248,,methanogenesis from dimethylamine,49693,2.1.1.249,2.1.1,3397
2885.0,ME.2885,metacyc,PWY-5029,,imidazole-lactate degradation,37290|37289,2.6.1.38|1.1.1.111,2.6.1|1.1.1,1217
2886.0,ME.2886,metacyc,PWY-5672,,ginsenosides biosynthesis,34609|34608|34610|34611|34612|34613|34614|34615|34616|34616|34617|34618|34619|34620|34622|34623|34624|34621,5.4.99.39|4.2.1.125|2.4.1.314|2.4.1.363|2.4.1.364|2.4.1.364|2.4.1.365|2.4.1.365|2.4.1.367|2.4.1.366|2.4.1.367|2.4.1.368|1.14.14.126|1.14.14.120|1.14.14.121|2.4.1.363|2.4.1,5.4.99|4.2.1|2.4.1|2.4.1|2.4.1|2.4.1|2.4.1|2.4.1|2.4.1|2.4.1|2.4.1|2.4.1|1.14.14|1.14.14|1.14.14|2.4.1|2.4.1,791
2887.0,ME.2887,metacyc,PWY4FS-17,,abscisic acid biosynthesis shunt,49880|49879|49882|49881|49883,1.1.1,1.1.1,3434
2888.0,ME.2888,metacyc,PWY-5283,,L-lysine degradation V,35532|35534|35535|35537|35536|35533|35530|35531,2.6.1.39|2.8.3.13|1.4.3.3|1.2.1.31|1.5.1.1|1.5.3.7,2.6.1|2.8.3|1.4.3|1.2.1|1.5.1|1.5.3,929
2889.0,ME.2889,metacyc,PWY-7594,,gamma-linolenate biosynthesis III (cyanobacteria),34694,1.14.19.46,1.14.19,807
2890.0,ME.2890,metacyc,PWY-7066,,glycyrrhetinate biosynthesis,39116|39115|39108|39107|39110|39112|39117|39111|39114|39113|39118|39109,5.4.99.39|1.14.14|1.14.19,5.4.99|1.14.14|1.14.19,1546
2891.0,ME.2891,metacyc,PWY-695,,abscisic acid biosynthesis,46025|46024|46023|46022,1.13.11.51|1.1.1.288|1.2.3.14|5.3.99.9,1.13.11|1.1.1|1.2.3|5.3.99,2752
2892.0,ME.2892,metacyc,PWY-7334,,UDP-N-acetyl-alpha-D-quinovosamine biosynthesis,30973|30974,4.2.1.135,4.2.1,147
2893.0,ME.2893,metacyc,PWY-6525,,stellariose and mediose biosynthesis,40691|40692|40689|40690|40693,2.4.1.123|2.4.1|2.4.1.166|2.4.1.82|2.4.1,2.4.1|2.4.1|2.4.1|2.4.1|2.4.1,1831
2894.0,ME.2894,metacyc,PWY-5203,,soybean saponin I biosynthesis,32474|32475|32476|32477|32478|32480|32479|32481,5.4.99.39|2.4.1.262|2.4.1.272|2.4.1.273|1.14.14.134|1.14.14.134,5.4.99|2.4.1|2.4.1|2.4.1|1.14.14|1.14.14,438
2895.0,ME.2895,metacyc,LYSINE-DEG1-PWY,,L-lysine degradation XI (mammalian),35788|35789|35785|35786|35787,2.6.1.39|1.2.1.105|1.2.1.31|1.5.1.8|1.5.1.9,2.6.1|1.2.1|1.2.1|1.5.1|1.5.1,976
2896.0,ME.2896,metacyc,PWY-8020,,D-xylose degradation V,49838|49840|49839|49836|49837,4.2.1.82|3.1.1.110|1.2.1.26|4.2.1.141,4.2.1|3.1.1|1.2.1|4.2.1,3424
2897.0,ME.2897,metacyc,P184-PWY,,protocatechuate degradation I (meta-cleavage pathway),45843|45845|45842|45844|45846|45840|45841,3.1.1.57|5.3.2.8|1.13.11.8|4.2.1.83|4.1.3.17|4.1.1.112|1.1.1.312,3.1.1|5.3.2|1.13.11|4.2.1|4.1.3|4.1.1|1.1.1,2721
2898.0,ME.2898,metacyc,PWY-7823,,chlorzoxazone degradation,34017|34016,,,697
2899.0,ME.2899,metacyc,MANNOSYL-CHITO-DOLICHOL-BIOSYNTHESIS,,protein N-glycosylation initial phase (eukaryotic),47396|47398|47403|47402|47401|47400|47399|47397,2.4.1.117|2.4.1.142|2.4.1.257|2.4.1.132|2.4.99.18|2.7.8.15|2.4.1.141|2.4.1.83,2.4.1|2.4.1|2.4.1|2.4.1|2.4.99|2.7.8|2.4.1|2.4.1,3004
2900.0,ME.2900,metacyc,ALANINE-VALINESYN-PWY,,L-alanine biosynthesis I,44887|44886,2.6.1.42|2.6.1.66,2.6.1|2.6.1,2565
2901.0,ME.2901,metacyc,PWY-5998,,gamma-linolenate biosynthesis I (plants),48016,1.14.19.46,1.14.19,3125
2902.0,ME.2902,metacyc,PWY-6105,,botryococcenes and methylated squalene biosynthesis,48738|48737|48737|48737|48737|48736|48735|48734|48733|48732|48740|48739,2.1.1.262|2.5.1.21|2.5.1.103|1.3.1.97|1.3.1.96|2.1.1.263|2.1.1.263|2.1.1.262|1.3.1.97|2.5.1.103,2.1.1|2.5.1|2.5.1|1.3.1|1.3.1|2.1.1|2.1.1|2.1.1|1.3.1|2.5.1,3235
2903.0,ME.2903,metacyc,PWY-6290,,beta-cubebene biosynthesis,40573,4.2.3.128,4.2.3,1809
2904.0,ME.2904,kegg,rn00220,,Arginine biosynthesis,33125|33129|33103|33104|33105|33106|33106|33107|33108|33109|33110|33111|33112|33113|33113|33113|33114|33115|33115|33115|33116|33117|33118|33119|33120|33121|33122|33123|33124|33126|33127|33128|33128|33130|33131|33132|33132,1.14.13.39|6.3.4.5|3.5.1.16|3.5.3.1|3.5.1.38|3.5.1.2|3.5.1.5|3.5.1.54|3.5.3.6|4.3.2.1|1.2.1.38|1.4.1.2|1.4.1.3|1.4.1.13|1.4.1.4|1.14.14.47|3.5.3.12|2.1.3.6|2.1.3.3|2.3.1.1|2.3.1.35|2.6.1.2|2.6.1.1|2.7.2.2|2.7.2.8|2.6.1.11|2.1.3.9|3.5.1.16|6.3.1.2|6.3.4.6|6.3.4.16|6.3.5.5|2.7.2.17|1.2.1.103|3.5.1.130|3.5.1.132,1.14.13|6.3.4|3.5.1|3.5.3|3.5.1|3.5.1|3.5.1|3.5.1|3.5.3|4.3.2|1.2.1|1.4.1|1.4.1|1.4.1|1.4.1|1.14.14|3.5.3|2.1.3|2.1.3|2.3.1|2.3.1|2.6.1|2.6.1|2.7.2|2.7.2|2.6.1|2.1.3|3.5.1|6.3.1|6.3.4|6.3.4|6.3.5|2.7.2|1.2.1|3.5.1|3.5.1,542
2905.0,ME.2905,kegg,rn00791,,Atrazine degradation,31643|31644|31635|31641|31635|31634|31634|31633|31632|31632|31631|31630|31630|31629|31629|31628|31627|31626|31625|31624|31624|31623|31622|31621|31620|31619|31618|31637|31642|31640|31638|31636|31639,3.5.4.45|3.8.1.8|3.5.4.43|3.8.1.8|6.3.4.6|3.5.4|3.8.1.8|3.5.4.42|3.5.4.3|3.5.4.42|3.5.4|3.5.4.42|3.5.99|3.5.1.131|3.5.4.45|3.5.4.45|4.2.1.69|4.2.1.84|3.5.1.84|3.8.1.8|3.5.2.15|3.5.1.54|3.5.1.5|3.5.4.43,3.5.4|3.8.1|3.5.4|3.8.1|6.3.4|3.5.4|3.8.1|3.5.4|3.5.4|3.5.4|3.5.4|3.5.4|3.5.99|3.5.1|3.5.4|3.5.4|4.2.1|4.2.1|3.5.1|3.8.1|3.5.2|3.5.1|3.5.1|3.5.4,259
2909.0,ME.2909,kegg,rn00660,,C5-Branched dibasic acid metabolism,43082|43090|43093|43087|43072|43092|43095|43094|43089|43081|43083|43083|43084|43085|43086|43086|43080|43079|43078|43077|43076|43075|43074|43073|43088|43091|43071|43070|43069|43068|43067|43066|43065|43064|43063|43062|43061|43060,2.8.3.11|4.2.1.33|4.2.1.35|1.1.1|2.6.1|2.8.3.22|2.8.3.20|6.2.1.5|4.2.1.56|4.1.1.112|6.3.1.7|4.1.1.113|4.2.1.148|2.8.3.22|4.1.3.24|4.3.1.2|2.3.3.11|4.2.1.35|4.2.1.34|2.2.1.6|4.1.3.25|4.1.3.22|4.1.3.17|5.4.99.1|4.1.1.6|4.1.1.5|3.5.1.67,2.8.3|4.2.1|4.2.1|1.1.1|2.6.1|2.8.3|2.8.3|6.2.1|4.2.1|4.1.1|6.3.1|4.1.1|4.2.1|2.8.3|4.1.3|4.3.1|2.3.3|4.2.1|4.2.1|2.2.1|4.1.3|4.1.3|4.1.3|5.4.99|4.1.1|4.1.1|3.5.1,2257
2915.0,ME.2915,kegg,rn00020,,Citrate cycle (TCA cycle),36916|36915|36915|36914|36913|36912|36912|36893|36892|36891|36894|36895|36892|36892|36892|36892|36892|36892|36893|36892|36892|36897|36897|36898|36899|36900|36892|36901|36896|36892|36902|36903|36904|36892|36905|36906|36890|36907|36908|36909|36910|36911|36920|36920|36919|36918|36912|36917,1.2.4.1|1.3.5.4|1.3.5.1|1.1.5.4|1.2.4.2|4.1.1.1|1.2.4.1|1.1.1.41|1.1.1.85|4.1.1.32|1.2.7.1|4.1.1.49|1.1.1.81|1.1.1.28|1.1.1.37|1.1.1.96|1.1.1.95|1.1.1.82|1.1.1.286|1.1.1.299|1.1.1.38|4.2.1.3|4.2.1.117|2.3.3.3|2.3.3.8|1.1.1.42|1.1.1.375|2.8.3.18|4.2.1.2|1.1.1.27|1.2.7.3|6.2.1.4|6.2.1.5|1.1.1.337|4.1.1.32|4.2.1.3|6.4.1.1|1.1.1.42|1.8.1.4|2.3.1.12|2.3.1.61|6.2.1.4|1.3.5.4|1.3.5.1|1.1.5.4|1.1.5.4|2.2.1.6|1.2.4.2,1.2.4|1.3.5|1.3.5|1.1.5|1.2.4|4.1.1|1.2.4|1.1.1|1.1.1|4.1.1|1.2.7|4.1.1|1.1.1|1.1.1|1.1.1|1.1.1|1.1.1|1.1.1|1.1.1|1.1.1|1.1.1|4.2.1|4.2.1|2.3.3|2.3.3|1.1.1|1.1.1|2.8.3|4.2.1|1.1.1|1.2.7|6.2.1|6.2.1|1.1.1|4.1.1|4.2.1|6.4.1|1.1.1|1.8.1|2.3.1|2.3.1|6.2.1|1.3.5|1.3.5|1.1.5|1.1.5|2.2.1|1.2.4,1157
2917.0,ME.2917,kegg,rn00960,,"Tropane, piperidine and pyridine alkaloid biosynthesis",38976|38928|38929|38930|38931|38932|38933|38934|38935|38936|38937|38938|38939|38940|38941|38941|38941|38941|38942|38943|38944|38945|38945|38945|38946|38946|38947|38948|38949|38949|38949|38949|38951|38958|38970|38971|38954|38975|38984|38977|38952|38969|38988|38956|38983|38967|38981|38955|38978|38950|38986|38959|38989|38963|38985|38966|38973|38968|38991|38982|38962|38974|38960|38965|38957|38987|38980|38990|38953|38961|38992|38964|38979|38972,2.5.1.44|1.4.1.18|1.4.3.14|1.5.1.1|1.14.20.13|1.14.11.11|2.1.1.53|2.3.1.145|2.3.1.93|2.6.1.58|2.8.3.17|1.14.13.101|3.1.1.84|1.5.1.1|1.5.1.49|1.5.1|1.5.1.21|1.1.1.110|4.1.1.18|1.4.3.13|2.6.1.57|2.6.1.1|2.6.1.27|1.4.1.18|1.2.1.31|3.1.1.10|1.1.1.236|1.1.1.110|1.1.1.237|1.1.1.28|1.1.1.79|2.3.1.185|1.4.3.21|2.3.1.185|2.3.1.186,2.5.1|1.4.1|1.4.3|1.5.1|1.14.20|1.14.11|2.1.1|2.3.1|2.3.1|2.6.1|2.8.3|1.14.13|3.1.1|1.5.1|1.5.1|1.5.1|1.5.1|1.1.1|4.1.1|1.4.3|2.6.1|2.6.1|2.6.1|1.4.1|1.2.1|3.1.1|1.1.1|1.1.1|1.1.1|1.1.1|1.1.1|2.3.1|1.4.3|2.3.1|2.3.1,1523
2920.0,ME.2920,kegg,rn00710,,Carbon fixation in photosynthetic organisms,34778|34788|34773|34778|34778|34778|34778|34779|34789|34780|34790|34781|34782|34791|34775|34792|34776|34793|34777|34778|34783|34794|34784|34795|34796|34778|34778|34785|34778|34772|34774|34778|34786|34778|34787|34778,1.1.1.38|2.7.1.14|1.2.1.12|1.1.1.96|1.1.1.37|1.1.1.95|1.1.1.82|1.1.1.39|2.6.1.1|1.1.1.40|2.7.1.19|1.1.1.299|4.1.1.39|2.7.2.3|3.1.3.11|2.7.9.1|5.3.1.1|4.1.2.9|5.3.1.6|1.1.1.337|4.1.1.49|4.1.2.13|4.1.2.13|2.2.1.1|4.1.1.31|1.1.1.81|1.1.1.27|4.1.2.22|1.1.1.85|1.2.1.59|3.1.3.37|1.1.1.299|2.2.1.1|1.1.1.28|2.6.1.2|1.1.1.375,1.1.1|2.7.1|1.2.1|1.1.1|1.1.1|1.1.1|1.1.1|1.1.1|2.6.1|1.1.1|2.7.1|1.1.1|4.1.1|2.7.2|3.1.3|2.7.9|5.3.1|4.1.2|5.3.1|1.1.1|4.1.1|4.1.2|4.1.2|2.2.1|4.1.1|1.1.1|1.1.1|4.1.2|1.1.1|1.2.1|3.1.3|1.1.1|2.2.1|1.1.1|2.6.1|1.1.1,823
2922.0,ME.2922,kegg,rn00950,,Isoquinoline alkaloid biosynthesis,51056|50974|51022|51023|51077|51068|51067|51065|51064|51061|51053|51041|51040|51039|51038|51037|51036|51005|51004|51003|51002|51001|51006|51000|50999|50999|50999|50998|50976|50997|50996|50995|50994|50993|50992|50991|50990|50989|50988|50987|50986|50985|50984|50983|50982|50981|51007|50980|50979|50978|50977|51008|51009|51010|51011|51012|51013|51014|51015|51016|51017|51018|51020|51035|51034|51033|51032|51030|51028|51027|51026|51025|51024|51029|51043|51073|51063|50975|51055|51076|51044|51019|51047|51057|51058|51062|51069|51059|51021|50953|50954|51074|50955|51045|51031|50956|50957|50958|50959|51071|50959|50960|50961|51060|51052|51066|51048|51070|50962|50963|51049|50964|50965|50966|51075|50967|50968|50968|50968|50968|50969|51054|50970|51051|51042|51072|50971|50972|50973|51046|51050|50973,2.1.1.336|2.1.1|2.1.1|2.1.1.352|1.3.3.8|1.1.1.415|3.1.1.105|3.1.1.105|2.1.1.115|1.14.19.50|1.14.19.66|2.1.1.121|2.1.1.115|1.14.19.66|1.14.18.1|2.1.1.291|2.1.1.147|2.1.1.118|1.14.19.65|1.14.19.64|1.21.3.2|2.1.1.89|1.14.19.67|1.14.19.64|1.14.19.73|1.14.19.68|1.14.19.66|4.1.1.108|1.1.1.218|1.1.1.218|1.14.14.102|1.14.14.97|2.1.1.120|2.1.1.119|1.5.3.12|2.1.1.121|1.3.3.8|2.1.1|3.2.1|1.14.11.32|2.1.1.128|1.4.3.4|1.4.3.2|4.2.1.78|1.1.1.248|1.5.3.12|4.2.99.24|2.3.1.285|2.1.1.352|1.1.1.415|1.14.11.32|1.14.19.50|1.14.19.50|1.14.19.51|1.14.19.54|1.14.14.98|1.14.14.100|1.14.14.101|1.1.1.247|1.14.11.31|3.5.1|2.1.1.122|2.3.1|2.1.1|1.14.19|1.3.3.8|2.1.1|2.1.1|2.1.1.128|2.1.1|1.4.1|4.3.3|2.1.1.337|1.5.1.27|2.1.1.116|2.1.1.117|2.3.1.150|4.3.3.3|4.3.3.4|4.1.1.25|4.1.1.28|4.1.1.28|2.1.1.140|1.3.3.8|1.21.3.3|1.14.16.2|1.5.1.31|4.1.1.80|4.2.1.78|2.6.1.57|2.6.1.1|2.6.1.27|2.6.1.5|1.5.3.12|1.14.11.31|2.1.1|2.1.1|1.10.3.1|1.14.18.1,2.1.1|2.1.1|2.1.1|2.1.1|1.3.3|1.1.1|3.1.1|3.1.1|2.1.1|1.14.19|1.14.19|2.1.1|2.1.1|1.14.19|1.14.18|2.1.1|2.1.1|2.1.1|1.14.19|1.14.19|1.21.3|2.1.1|1.14.19|1.14.19|1.14.19|1.14.19|1.14.19|4.1.1|1.1.1|1.1.1|1.14.14|1.14.14|2.1.1|2.1.1|1.5.3|2.1.1|1.3.3|2.1.1|3.2.1|1.14.11|2.1.1|1.4.3|1.4.3|4.2.1|1.1.1|1.5.3|4.2.99|2.3.1|2.1.1|1.1.1|1.14.11|1.14.19|1.14.19|1.14.19|1.14.19|1.14.14|1.14.14|1.14.14|1.1.1|1.14.11|3.5.1|2.1.1|2.3.1|2.1.1|1.14.19|1.3.3|2.1.1|2.1.1|2.1.1|2.1.1|1.4.1|4.3.3|2.1.1|1.5.1|2.1.1|2.1.1|2.3.1|4.3.3|4.3.3|4.1.1|4.1.1|4.1.1|2.1.1|1.3.3|1.21.3|1.14.16|1.5.1|4.1.1|4.2.1|2.6.1|2.6.1|2.6.1|2.6.1|1.5.3|1.14.11|2.1.1|2.1.1|1.10.3|1.14.18,3527
2924.0,ME.2924,kegg,rn00730,,Thiamine metabolism,32977|32972|32973|32974|32975|32976|32978|32979|32980|32981|32982|32982|32982|32983|32984|32985|32986|32987|32988|32989|32990|32991|32991|32991|32991|32991|32991|32991|32991|32991|32992|32993|32994|32995|32996|32997|32998|32999|33000|33000|33001|33001|33001|33002|33006|33003|33004|33005,2.7.1.89|3.6.1.28|3.5.99.2|2.2.1.7|2.7.1.49|2.7.1.50|2.7.4.16|2.7.6.2|2.7.4.15|2.7.4.7|2.7.4.9|2.7.4.13|2.7.4.12|3.5.99.2|5.3.99.10|1.4.3.19|2.5.1.3|2.5.1.3|3.1.3.100|2.4.2.59|3.6.1|3.6.1.28|3.1.3.1|3.6.1.15|3.6.1.5|3.6.1.6|3.1.3.100|3.6.1.55|3.6.1|3.1.3.2|2.5.1.2|2.8.1.7|4.1.99.17|4.1.99.19|3.5.1|2.4.2.60|1.1.3.23|1.1.3.23|2.7.7.73|2.7.7.80|2.8.1.11|2.8.1.4|2.7.7.80|2.8.1.10|2.7.4.3,2.7.1|3.6.1|3.5.99|2.2.1|2.7.1|2.7.1|2.7.4|2.7.6|2.7.4|2.7.4|2.7.4|2.7.4|2.7.4|3.5.99|5.3.99|1.4.3|2.5.1|2.5.1|3.1.3|2.4.2|3.6.1|3.6.1|3.1.3|3.6.1|3.6.1|3.6.1|3.1.3|3.6.1|3.6.1|3.1.3|2.5.1|2.8.1|4.1.99|4.1.99|3.5.1|2.4.2|1.1.3|1.1.3|2.7.7|2.7.7|2.8.1|2.8.1|2.7.7|2.8.1|2.7.4,524
2927.0,ME.2927,kegg,rn00930,,Caprolactam degradation,47757|47758|47760|47761|47762|47763|47764|47766|47765|47756|47743|47744|47745|47746|47747|47748|47742|47749|47756|47750|47756|47751|47752|47753|47754|47755|47759|47755|47741|47755,3.1.1|3.5.2|4.2.1.17|1.1.1.174|1.1.1.2|1.1.1.174|4.2.1.17|6.2.1|1.1.1.258|3.5.2.12|1.2.1.63|3.7.1.11|2.6.1.116|1.1.1.35|3.10.1.2|1.1.1.174|6.2.1.23|1.1.1.245|6.2.1.14|4.2.1.103|1.4.3.12|1.14.13.22|1.14.13.66|1.14.15.3|1.14.13|3.5.1.46|1.14.13.25,3.1.1|3.5.2|4.2.1|1.1.1|1.1.1|1.1.1|4.2.1|6.2.1|1.1.1|3.5.2|1.2.1|3.7.1|2.6.1|1.1.1|3.10.1|1.1.1|6.2.1|1.1.1|6.2.1|4.2.1|1.4.3|1.14.13|1.14.13|1.14.15|1.14.13|3.5.1|1.14.13,3069
2928.0,ME.2928,kegg,rn00740,,Riboflavin metabolism,44806|44807|44807|44807|44807|44807|44807|44807|44808|44809|44810|44811|44812|44813|44815|44814|44789|44789|44790|44791|44792|44793|44794|44795|44796|44797|44798|44799|44800|44801|44802|44803|44804|44805|44806|44806,1.5.1.41|1.14.13.7|1.5.1.38|1.5.1.30|1.5.1.45|1.5.1.36|1.5.1.41|1.18.1.2|3.1.3.102|3.1.3.104|3.5.4.25|4.1.99.12|3.5.1.102|3.5.4.26|1.13.11.79|3.6.1.9|3.6.1.18|3.5.4.26|3.5.99.1|1.1.1.193|1.5.1.38|1.5.1.42|1.5.1.41|2.7.1.42|2.5.1.9|3.5.4.29|2.7.1.26|2.7.7.2|2.7.1.161|1.1.1.302|1.1.1.302|2.5.1.78|1.5.1.37|1.16.1.3|1.5.1.36,1.5.1|1.14.13|1.5.1|1.5.1|1.5.1|1.5.1|1.5.1|1.18.1|3.1.3|3.1.3|3.5.4|4.1.99|3.5.1|3.5.4|1.13.11|3.6.1|3.6.1|3.5.4|3.5.99|1.1.1|1.5.1|1.5.1|1.5.1|2.7.1|2.5.1|3.5.4|2.7.1|2.7.7|2.7.1|1.1.1|1.1.1|2.5.1|1.5.1|1.16.1|1.5.1,2544
2931.0,ME.2931,kegg,rn00590,,Arachidonic acid metabolism,41438|41439|41440|41441|41441|41441|41454|41455|41459|41460|41461|41462|41463|41463|41463|41465|41465|41467|41467|41467|41468|41468|41470|41469|41472|41444|41446|41452|41471|41443|41457|41466|41464|41448|41458|41442|41451|41445|41453|41456|41447|41449|41450|41408|41409|41410|41411|41412|41413|41414|41415|41416|41417|41418|41419|41420|41421|41422|41423|41424|41424|41425|41426|41427|41428|41429|41429|41430|41430|41430|41430|41431|41431|41431|41431|41432|41432|41432|41432|41433|41433|41434|41434|41435|41435|41436|41436|41437|41437,1.14.99.1|3.4.13.19|1.11.1.9|3.1.1.3|3.1.1.4|3.1.1.32|1.11.1.9|3.3.2.7|1.14.14.1|1.14.14.1|1.14.14.1|1.14.14.1|1.14.14.80|1.14.14.51|1.14.14.1|1.14.14.51|1.14.14.1|1.14.14.80|1.14.14.51|1.14.14.1|1.14.14.51|1.14.14.1|1.14.14.1|1.14.14.1|5.4.4.7|5.3.99.5|1.1.1.232|1.1.1.232|1.1.1.189|1.13.11.31|1.14.13.34|1.13.11.33|3.3.2.6|3.3.2.7|5.3.99.3|1.13.11.34|1.13.11.34|5.3.99.4|5.3.99.2|1.13.11.40|1.14.99.1|1.14.14.94|1.14.14.78|1.13.11.40|4.4.1.20|1.11.1.20|3.4.19.14|1.1.1.141|1.1.1.196|1.1.1|1.1.1.189|1.1.1.188|1.6.99.1|1.1.1.62|1.3.1.20|1.1.1.188|1.1.1.239|1.14.14.80|1.14.14.94|1.14.14.79|1.14.14.78|1.13.11.31|1.13.11|3.3.2.9|3.3.2.10|3.3.2.9|3.3.2.10|3.3.2.9|3.3.2.10|3.3.2.9|3.3.2.10,1.14.99|3.4.13|1.11.1|3.1.1|3.1.1|3.1.1|1.11.1|3.3.2|1.14.14|1.14.14|1.14.14|1.14.14|1.14.14|1.14.14|1.14.14|1.14.14|1.14.14|1.14.14|1.14.14|1.14.14|1.14.14|1.14.14|1.14.14|1.14.14|5.4.4|5.3.99|1.1.1|1.1.1|1.1.1|1.13.11|1.14.13|1.13.11|3.3.2|3.3.2|5.3.99|1.13.11|1.13.11|5.3.99|5.3.99|1.13.11|1.14.99|1.14.14|1.14.14|1.13.11|4.4.1|1.11.1|3.4.19|1.1.1|1.1.1|1.1.1|1.1.1|1.1.1|1.6.99|1.1.1|1.3.1|1.1.1|1.1.1|1.14.14|1.14.14|1.14.14|1.14.14|1.13.11|1.13.11|3.3.2|3.3.2|3.3.2|3.3.2|3.3.2|3.3.2|3.3.2|3.3.2,1961
2939.0,ME.2939,kegg,rn00770,,Pantothenate and CoA biosynthesis,45369|45370|45371|45372|45373|45374|45375|45376|45377|45377|45378|45379|45380|45381|45382|45383|45384|45385|45386|45387|45388|45389|45390|45391|45392|45393|45393|45394|45395|45395|45397|45397|45398|45396|45366|45367|45368,1.1.1.84|3.5.2.2|4.1.1.11|1.1.1.106|1.1.1.169|1.2.1.33|4.1.1.36|2.2.1.6|1.1.1.383|1.1.1.86|2.7.1.33|2.7.7.3|2.7.1.24|2.7.1.34|4.1.1.30|6.3.2.5|3.5.1.92|2.7.1.169|6.3.2.36|6.3.2.51|2.6.1.42|3.1.4.14|1.3.1.1|1.3.1.2|2.1.2.11|2.7.8.7|2.7.8|4.2.1.9|3.6.1.9|3.1.4.1|2.7.1.33|6.3.4.15|2.1.2.11|6.3.2.1|3.5.1.22|3.5.1.6,1.1.1|3.5.2|4.1.1|1.1.1|1.1.1|1.2.1|4.1.1|2.2.1|1.1.1|1.1.1|2.7.1|2.7.7|2.7.1|2.7.1|4.1.1|6.3.2|3.5.1|2.7.1|6.3.2|6.3.2|2.6.1|3.1.4|1.3.1|1.3.1|2.1.2|2.7.8|2.7.8|4.2.1|3.6.1|3.1.4|2.7.1|6.3.4|2.1.2|6.3.2|3.5.1|3.5.1,2649
2944.0,ME.2944,kegg,rn00750,,Vitamin B6 metabolism,45953|45955|45952|45931|45951|45956|45950|45949|45949|45948|45947|45946|45945|45944|45943|45942|45941|45940|45939|45932|45938|45933|45937|45937|45934|45936|45935|45926|45923|45919|45954|45918|45924|45921|45925|45927|45928|45929|45920|45922|45957|45930,1.1.99.9|1.4.3|1.1.1.416|4.2.3|1.1.1.262|2.6.1.31|2.6.1.54|1.2.3.8|1.1.1.262|3.1.3.74|2.7.1.35|2.6.1.31|2.6.1.30|1.14.13.242|1.14.13.242|1.1.3.12|1.1.1.65|1.2.1.102|1.1.1.107|2.7.1.35|3.5.1.29|3.5.1.66|2.7.1.35|3.1.3.74|3.1.3.74|2.6.99.2|2.6.1.54|3.5.1.66|3.1.1.27|1.1.1.290|1.4.3.5|1.2.1.72|1.4.3.5|2.6.1.52|1.1.99.42|4.1.1.51|1.14.13.241|4.3.3.6|1.2.1.100,1.1.99|1.4.3|1.1.1|4.2.3|1.1.1|2.6.1|2.6.1|1.2.3|1.1.1|3.1.3|2.7.1|2.6.1|2.6.1|1.14.13|1.14.13|1.1.3|1.1.1|1.2.1|1.1.1|2.7.1|3.5.1|3.5.1|2.7.1|3.1.3|3.1.3|2.6.99|2.6.1|3.5.1|3.1.1|1.1.1|1.4.3|1.2.1|1.4.3|2.6.1|1.1.99|4.1.1|1.14.13|4.3.3|1.2.1,2741
2947.0,ME.2947,kegg,rn00290,,"Valine, leucine and isoleucine biosynthesis",31433|31450|31449|31448|31447|31446|31446|31445|31445|31444|31443|31442|31441|31440|31439|31438|31436|31435|31435|31434|31432|31431|31430|31429|31428|31428|31427|31437|31451,2.3.3.13|1.1.1.86|1.1.1.86|1.1.1.85|1.1.1|4.2.1.35|4.2.1.33|1.1.1.86|5.4.99.3|4.2.1.9|4.2.1.9|2.2.1.6|2.6.1.42|2.6.1.42|1.4.1.9|1.4.1.23|2.6.1.66|2.6.1.6|2.6.1.42|1.1.1.85|4.2.1.35|4.2.1.33|2.2.1.6|1.4.1.9|1.1.1.86|5.4.99.3|4.3.1.19,2.3.3|1.1.1|1.1.1|1.1.1|1.1.1|4.2.1|4.2.1|1.1.1|5.4.99|4.2.1|4.2.1|2.2.1|2.6.1|2.6.1|1.4.1|1.4.1|2.6.1|2.6.1|2.6.1|1.1.1|4.2.1|4.2.1|2.2.1|1.4.1|1.1.1|5.4.99|4.3.1,236
2950.0,ME.2950,kegg,rn00621,,Dioxin degradation,45707|45707|45706|45705|45704|45702|45703|45701|45700|45699|45698|45697|45696|45695|45694|45693|45692|45721|45709|45710|45716|45711|45711|45711|45712|45725|45723|45712|45712|45712|45713|45714|45715|45717|45718|45719|45722|45719|45720|45720|45724|45724|45726|45708|45708,3.7.1|3.7.1.8|4.1.1.77|3.7.1.8|1.13.11.39|1.14.12|5.3.2.6|3.7.1.13|1.14.12.22|1.14.12.22|1.13.11.39|1.2.1.10|1.14.13.1|4.5.1.1|1.14.12.18|1.3.1.56|4.2.1.80|1.13.11.39|1.14.12.18|1.14.12|1.14.12.22|4.1.3.17|4.1.3.39|4.1.2.52|4.1.3.43|1.13.11|3.7.1|3.7.1.8|1.3.1.56|1.13.11.39|1.18.1.3|1.14.12.18|1.18.1.3|1.14.12.18|1.18.1.3|1.14.12.18|5.3.2.6|1.14.12.22|1.14.12.18,3.7.1|3.7.1|4.1.1|3.7.1|1.13.11|1.14.12|5.3.2|3.7.1|1.14.12|1.14.12|1.13.11|1.2.1|1.14.13|4.5.1|1.14.12|1.3.1|4.2.1|1.13.11|1.14.12|1.14.12|1.14.12|4.1.3|4.1.3|4.1.2|4.1.3|1.13.11|3.7.1|3.7.1|1.3.1|1.13.11|1.18.1|1.14.12|1.18.1|1.14.12|1.18.1|1.14.12|5.3.2|1.14.12|1.14.12,2702
2951.0,ME.2951,kegg,rn00622,,Xylene degradation,51174|51138|51139|51140|51141|51142|51143|51144|51145|51146|51147|51149|51149|51149|51149|51149|51150|51151|51151|51152|51153|51154|51154|51154|51154|51155|51155|51155|51156|51157|51159|51160|51160|51161|51162|51163|51164|51165|51165|51167|51169|51170|51171|51171|51172|51172|51173|51174|51175|51176|51148|51166|51168|51158,4.2.1.132|1.3.1.58|1.3.1.68|1.2.1.10|1.2.1.87|1.14.12.25|1.14.15.25|1.14.15.26|1.14.15.26|1.1.1.90|1.1.1.90|1.13.11.56|1.13.11.2|1.13.11|1.13.11.16|1.13.11.39|1.3.1.67|1.3.1.25|1.3.1.67|1.1.1.90|4.2.1.80|4.1.3.17|4.1.3.39|4.1.2.52|4.1.3.43|4.1.3.43|4.1.3.39|4.1.2.52|1.14.15.26|1.2.1.29|3.7.1.25|1.2.1.28|1.2.1.7|1.14.12.10|1.14.12.10|1.13.11.2|1.3.1.25|1.2.1.32|1.2.1.85|4.1.1.77|5.3.2.6|1.14.12.10|1.2.1.28|1.2.1.7|1.2.1.28|1.2.1.7|1.14.12.10|4.2.1.80|3.7.1.9|1.13.11.2,4.2.1|1.3.1|1.3.1|1.2.1|1.2.1|1.14.12|1.14.15|1.14.15|1.14.15|1.1.1|1.1.1|1.13.11|1.13.11|1.13.11|1.13.11|1.13.11|1.3.1|1.3.1|1.3.1|1.1.1|4.2.1|4.1.3|4.1.3|4.1.2|4.1.3|4.1.3|4.1.3|4.1.2|1.14.15|1.2.1|3.7.1|1.2.1|1.2.1|1.14.12|1.14.12|1.13.11|1.3.1|1.2.1|1.2.1|4.1.1|5.3.2|1.14.12|1.2.1|1.2.1|1.2.1|1.2.1|1.14.12|4.2.1|3.7.1|1.13.11,3530
2953.0,ME.2953,kegg,rn00430,,Taurine and hypotaurine metabolism,33416|33426|33423|33422|33421|33424|33420|33419|33405|33406|33407|33408|33409|33410|33411|33412|33413|33414|33414|33415|33417|33418|33425|33427,1.1.1.313|2.3.2.2|2.1.4.1|2.7.3.4|1.13.11.19|1.8.1.3|4.1.1.29|1.14.11.17|1.4.1.1|4.4.1.10|1.4.1.2|1.13.11.20|2.3.1.8|2.6.1.55|2.3.3.15|2.6.1.77|2.7.2.1|2.7.2.15|1.2.1.73|4.1.1.29|2.3.1.65,1.1.1|2.3.2|2.1.4|2.7.3|1.13.11|1.8.1|4.1.1|1.14.11|1.4.1|4.4.1|1.4.1|1.13.11|2.3.1|2.6.1|2.3.3|2.6.1|2.7.2|2.7.2|1.2.1|4.1.1|2.3.1,600
2954.0,ME.2954,kegg,rn00410,,beta-Alanine metabolism,48989|49001|49001|49001|49003|49001|49001|48990|49001|49007|48990|49006|49005|49005|49004|49002|49000|48999|48998|48997|48996|48986|48992|48996|48995|48995|48994|48985|48984|48983|48990|48982|48981|48980|48988|48987|48993|48988|48991|49016|49015|49014|49013|49012|49011|49010|49010|49009|49008,1.2.1.19|1.2.1.5|1.2.1.3|1.2.1.24|1.2.1.8|1.2.1.19|1.2.1.15|1.2.1|1.3.1.1|1.2.1.79|3.1.2.4|3.4.13.5|3.4.13.20|3.4.13.20|1.4.3.22|6.3.2.36|4.2.1.116|1.5.3.14|1.5.3.17|1.5.3.17|1.1.1.59|4.1.1.9|1.5.3.16|2.1.3.10|2.8.3.3|4.2.1.27|4.1.1.11|3.5.2.2|3.5.1.6|1.2.1.16|3.5.1.21|6.3.2.11|6.3.2.1|1.2.1.18|1.2.1.18|2.6.1.18|1.2.1.27|1.2.1.15|1.3.8.1|6.3.2.11|3.4.13.4|6.3.2.11|3.4.13.4|1.3.3.6|6.3.2.11|6.3.2.49|4.3.1.6|1.3.1.2,1.2.1|1.2.1|1.2.1|1.2.1|1.2.1|1.2.1|1.2.1|1.2.1|1.3.1|1.2.1|3.1.2|3.4.13|3.4.13|3.4.13|1.4.3|6.3.2|4.2.1|1.5.3|1.5.3|1.5.3|1.1.1|4.1.1|1.5.3|2.1.3|2.8.3|4.2.1|4.1.1|3.5.2|3.5.1|1.2.1|3.5.1|6.3.2|6.3.2|1.2.1|1.2.1|2.6.1|1.2.1|1.2.1|1.3.8|6.3.2|3.4.13|6.3.2|3.4.13|1.3.3|6.3.2|6.3.2|4.3.1|1.3.1,3279
2957.0,ME.2957,kegg,rn00072,,Synthesis and degradation of ketone bodies,32630|32632|32627|32631|32630|32629|32628,2.3.1.16|2.8.3.5|1.1.1.30|2.3.3.10|2.3.1.9|4.1.3.4|4.1.1.4,2.3.1|2.8.3|1.1.1|2.3.3|2.3.1|4.1.3|4.1.1,474
2958.0,ME.2958,kegg,rn00280,,"Valine, leucine and isoleucine degradation",42239|42260|42259|42258|42257|42256|42255|42254|42253|42252|42252|42252|42250|42249|42248|42248|42247|42247|42247|42246|42245|42244|42243|42243|42242|42242|42242|42242|42241|42241|42240|42238|42237|42236|42235|42234|42233|42232|42231|42230|42229|42228|42227|42226|42262|42225|42225|42224|42223|42223|42222|42221|42221|42221|42220|42219|42218|42217|42216|42215|42251|42261,2.6.1.40|1.2.4.4|1.2.4.4|1.2.4.4|1.2.4.4|1.2.4.4|1.2.4.4|2.3.1.168|1.2.3.1|1.2.1.47|1.2.1.31|1.2.1.3|2.3.1.168|1.4.3.2|4.2.1.17|1.1.1.35|3.1.2.4|3.1.2.17|3.1.2.20|2.6.1|4.2.1.150|2.6.1.22|1.3.8.7|1.3.8.4|1.3.99|1.3.8.5|1.3.8.7|1.3.8.1|1.2.1.27|1.2.1.18|2.3.1.168|1.8.1.4|4.2.1.150|2.3.1.16|3.1.2.4|2.8.3.5|1.2.7.7|2.6.1.42|2.6.1.42|1.1.1.31|6.2.1.16|1.4.1.23|1.2.7.7|3.1.2.17|2.6.1.6|2.6.1.42|2.3.3.10|2.3.1.16|2.3.1.9|4.1.3.4|1.3.8.5|1.3.8.7|1.3.8.1|4.2.1.18|1.4.1.9|1.1.1.178|5.4.99.2|6.4.1.4|6.4.1.3|1.2.7.7,2.6.1|1.2.4|1.2.4|1.2.4|1.2.4|1.2.4|1.2.4|2.3.1|1.2.3|1.2.1|1.2.1|1.2.1|2.3.1|1.4.3|4.2.1|1.1.1|3.1.2|3.1.2|3.1.2|2.6.1|4.2.1|2.6.1|1.3.8|1.3.8|1.3.99|1.3.8|1.3.8|1.3.8|1.2.1|1.2.1|2.3.1|1.8.1|4.2.1|2.3.1|3.1.2|2.8.3|1.2.7|2.6.1|2.6.1|1.1.1|6.2.1|1.4.1|1.2.7|3.1.2|2.6.1|2.6.1|2.3.3|2.3.1|2.3.1|4.1.3|1.3.8|1.3.8|1.3.8|4.2.1|1.4.1|1.1.1|5.4.99|6.4.1|6.4.1|1.2.7,2097
2962.0,ME.2962,kegg,rn00332,,Carbapenem biosynthesis,48047|48054|48049|48063|48062|48061|48058|48043|48052|48053|48046|48056|48048|48042|48050|48041|48045|48051|48057|48060|48036|48059|48037|48038|48039|48055|48040|48041|48044|48041,1.5|1.2.1.41|2.7.2.11|1.14.20.3|2.3.1.226|6.3.3.6|1.5.8|1.5.5.2,1.5|1.2.1|2.7.2|1.14.20|2.3.1|6.3.3|1.5.8|1.5.5,3132
2963.0,ME.2963,kegg,rn00471,,D-Glutamine and D-glutamate metabolism,50162|50165|50162|50155|50163|50156|50157|50157|50158|50158|50158|50159|50160|50164|50161|50161|50161,1.4.3.7|2.3.2.1|1.4.3.15|6.3.2.8|5.1.1.23|6.3.2.9|3.5.1.38|3.5.1.2|3.5.1.38|3.5.1.35|3.5.1.2|4.2.1.48|1.4.1.2|6.3.2.53|1.4.1.3|1.4.1.13|1.4.1.4,1.4.3|2.3.2|1.4.3|6.3.2|5.1.1|6.3.2|3.5.1|3.5.1|3.5.1|3.5.1|3.5.1|4.2.1|1.4.1|6.3.2|1.4.1|1.4.1|1.4.1,3475
2965.0,ME.2965,kegg,rn00300,,Lysine biosynthesis,33712|33713|33714|33715|33716|33717|33718|33719|33720|33721|33722|33731|33742|33743|33733|33741|33740|33739|33738|33737|33736|33735|33734|33732|33730|33729|33728|33728|33728|33727|33726|33726|33725|33706|33707|33724|33708|33709|33723|33709|33710|33711,4.3.3.7|1.2.1.11|1.17.1.8|1.17.1.8|1.4.1.16|1.5.1.7|1.5.1.10|4.2.1.36|2.3.1.117|2.3.1.89|2.3.3.14|3.5.1.130|2.6.1.118|1.2.1.103|2.7.2.17|1.2.1.95|1.2.1.95|1.2.1.95|6.3.2.10|3.5.99|6.3.2.43|5.4.99.58|4.2.1.114|4.2.1|4.2.1.36|2.6.1.83|1.1.1.286|1.1.1.87|2.7.2.4|6.3.2.13|3.5.1.47|2.6.1.39|1.1.1.3|1.1.1.3|2.6.1.17|2.7.2.4|3.5.1.18|4.1.1.20,4.3.3|1.2.1|1.17.1|1.17.1|1.4.1|1.5.1|1.5.1|4.2.1|2.3.1|2.3.1|2.3.3|3.5.1|2.6.1|1.2.1|2.7.2|1.2.1|1.2.1|1.2.1|6.3.2|3.5.99|6.3.2|5.4.99|4.2.1|4.2.1|4.2.1|2.6.1|1.1.1|1.1.1|2.7.2|6.3.2|3.5.1|2.6.1|1.1.1|1.1.1|2.6.1|2.7.2|3.5.1|4.1.1,637
2967.0,ME.2967,kegg,rn00561,,Glycerolipid metabolism,50864|50864|50844|50843|50863|50830|50831|50862|50832|50833|50834|50835|50836|50862|50842|50837|50838|50839|50840|50841|50861|50860|50859|50858|50857|50856|50855|50854|50853|50852|50852|50878|50875|50851|50850|50849|50877|50848|50876|50847|50846|50845|50844|50866|50844|50844|50844|50844|50844|50844|50844|50874|50873|50872|50844|50871|50870|50844|50869|50869|50868|50867|50865|50864,1.2.1.3|1.2.1.5|1.1.1.21|2.4.99.5|2.3.1.22|3.1.3.21|3.1.3.4|1.1.1.72|1.1.1|1.1.1|4.2.1.30|1.1.1.202|2.3.1.158|1.1.1.21|2.4.1.46|3.13.1.1|2.3.1.15|2.3.1.20|2.3.1.51|2.4.1.208|2.3.1.274|2.4.1.315|2.3.1.134|3.1.1.79|3.1.1.79|3.1.3.106|2.3.1.275|2.7.1.165|2.4.1.241|2.7.7.9|2.7.7.64|2.3.1.141|2.7.1.94|2.7.1.31|2.7.1.30|2.3.1.274|2.7.1.29|2.4.1.315|2.7.1.121|2.7.1.107|2.4.1.336|1.1.1.202|1.1.1.287|1.1.1.11|1.1.1.156|1.1.1.9|1.1.1.6|1.1.1|1.1.1.1|2.7.8.20|2.7.8.20|2.3.1.141|1.1.1.14|2.4.1.184|3.2.1.22|1.1.99.22|2.3.1.20|2.3.1.22|3.1.1.3|3.1.1.34|3.1.1.26|1.2.1.89,1.2.1|1.2.1|1.1.1|2.4.99|2.3.1|3.1.3|3.1.3|1.1.1|1.1.1|1.1.1|4.2.1|1.1.1|2.3.1|1.1.1|2.4.1|3.13.1|2.3.1|2.3.1|2.3.1|2.4.1|2.3.1|2.4.1|2.3.1|3.1.1|3.1.1|3.1.3|2.3.1|2.7.1|2.4.1|2.7.7|2.7.7|2.3.1|2.7.1|2.7.1|2.7.1|2.3.1|2.7.1|2.4.1|2.7.1|2.7.1|2.4.1|1.1.1|1.1.1|1.1.1|1.1.1|1.1.1|1.1.1|1.1.1|1.1.1|2.7.8|2.7.8|2.3.1|1.1.1|2.4.1|3.2.1|1.1.99|2.3.1|2.3.1|3.1.1|3.1.1|3.1.1|1.2.1,3525
2969.0,ME.2969,kegg,rn00521,,Streptomycin biosynthesis,31330|31335|31334|31333|31328|31327|31326|31325|31324|31317|31316|31323|31322|31321|31320|31319|31318|31317|31317|31338|31337|31317|31332|31336|31331|31330|31317|31329|31328,2.7.1|2.7.1.2|2.6.1.56|2.6.1.50|2.4.2.27|2.7.1.65|5.4.2.3|3.1.3.40|2.1.4.2|4.2.1.46|1.1.1.18|1.1.1.133|5.5.1.4|3.1.3.25|5.4.2.10|5.4.2.2|5.4.2.8|2.7.1.72|3.1.3.39|2.7.1.65|5.4.2.5|2.7.7.24|2.7.1.1,2.7.1|2.7.1|2.6.1|2.6.1|2.4.2|2.7.1|5.4.2|3.1.3|2.1.4|4.2.1|1.1.1|1.1.1|5.5.1|3.1.3|5.4.2|5.4.2|5.4.2|2.7.1|3.1.3|2.7.1|5.4.2|2.7.7|2.7.1,220
2972.0,ME.2972,kegg,rn00440,,Phosphonate and phosphinate metabolism,48665|48654|48656|48643|48632|48641|48637|48659|48649|48638|48660|48662|48646|48647|48650|48647|48644|48653|48633|48610|48645|48648|48611|48612|48613|48633|48614|48615|48634|48661|48630|48624|48616|48617|48625|48655|48618|48635|48626|48627|48619|48620|48636|48621|48663|48639|48628|48629|48658|48622|48640|48631|48642|48651|48623|48657|48666|48652|48664,1.13.11.72|2.3.1.280|4.7.1.1|2.7.8.2|2.7.8.1|2.1.1.326|1.13.11.89|3.11.1.2|2.7.8.1|3.11.1.1|2.6.1.37|2.7.8.23|1.13.11.72|5.4.2.9|4.1.1.82|1.1.1.309|2.3.3.19|1.14.11.46|3.11.1.3|2.3.1.183|3.1.4.57|2.1.1.326|1.1.1.309|2.3.1.183|3.1.4.57|4.2.1.166|1.13.11.73|2.7.8.37|3.1.1|3.6.1.63|2.7.7.15|2.7.7.93|2.3.3.18|3.1.4.55|1.2.1|2.7.7.14|1.13.11.78,1.13.11|2.3.1|4.7.1|2.7.8|2.7.8|2.1.1|1.13.11|3.11.1|2.7.8|3.11.1|2.6.1|2.7.8|1.13.11|5.4.2|4.1.1|1.1.1|2.3.3|1.14.11|3.11.1|2.3.1|3.1.4|2.1.1|1.1.1|2.3.1|3.1.4|4.2.1|1.13.11|2.7.8|3.1.1|3.6.1|2.7.7|2.7.7|2.3.3|3.1.4|1.2.1|2.7.7|1.13.11,3225
2973.0,ME.2973,kegg,rn00062,,Fatty acid elongation,36694|36688|36687|36686|36685|36695|36696|36684|36684|36683|36697|36697|36682|36681|36697|36680|36697|36679|36678|36677|36676|36675|36698|36698|36674|36673|36672|36698|36671|36671|36705|36699|36699|36700|36700|36700|36700|36701|36701|36702|36702|36702|36703|36704|36704|36706|36706|36706|36706|36689|36690|36691|36692|36693|36694|36694,1.1.1.36|4.2.1.150|2.3.1.16|2.3.1.16|2.3.1.16|1.1.1.330|2.3.1.199|2.3.1.16|2.3.1.9|1.1.1.35|1.3.1.44|1.3.1.10|1.1.1.35|1.1.1.35|1.3.1.8|1.1.1.211|1.3.1.38|4.2.1.134|1.3.1.93|4.2.1.119|3.1.2.2|4.2.1.17|1.3.1.10|1.3.1.8|2.3.1.16|1.3.1.8|4.2.1.17|1.3.1.38|2.3.1.16|2.3.1.155|1.3.1.8|1.3.1.38|1.3.1.10|1.3.1.8|1.3.1.38|1.3.1.39|1.3.1.8|1.3.1.38|1.1.1.35|4.2.1.17|1.1.1.211|2.3.1.16|1.1.1.35|1.1.1.211|4.2.1.134|4.2.1.17|4.2.1.74|4.2.1.119|4.2.1.17|4.2.1.17|4.2.1.17|4.2.1.17|1.3.1.8|1.1.1.35|1.1.1.211,1.1.1|4.2.1|2.3.1|2.3.1|2.3.1|1.1.1|2.3.1|2.3.1|2.3.1|1.1.1|1.3.1|1.3.1|1.1.1|1.1.1|1.3.1|1.1.1|1.3.1|4.2.1|1.3.1|4.2.1|3.1.2|4.2.1|1.3.1|1.3.1|2.3.1|1.3.1|4.2.1|1.3.1|2.3.1|2.3.1|1.3.1|1.3.1|1.3.1|1.3.1|1.3.1|1.3.1|1.3.1|1.3.1|1.1.1|4.2.1|1.1.1|2.3.1|1.1.1|1.1.1|4.2.1|4.2.1|4.2.1|4.2.1|4.2.1|4.2.1|4.2.1|4.2.1|1.3.1|1.1.1|1.1.1,1118
2975.0,ME.2975,kegg,rn00473,,D-Alanine metabolism,49841|49845|49844|49843|49842,6.3.2.16|2.6.1.21|2.6.1.21|6.1.1.13|6.3.2.4,6.3.2|2.6.1|2.6.1|6.1.1|6.3.2,3425
2977.0,ME.2977,kegg,rn00261,,Monobactam biosynthesis,50244|50254|50246|50242|50253|50235|50250|50230|50231|50236|50237|50238|50239|50240|50241|50248|50232|50247|50229|50249|50233|50243|50252|50245|50251|50234,2.7.7.4|1.17.1.8|1.17.1.8|1.1.3.46|2.5.1.38|1.13.11.46|2.6.1.103|3.4.11|2.3.1|2.3.1.89|4.3.3.7|2.5.1.38|2.7.2.4,2.7.7|1.17.1|1.17.1|1.1.3|2.5.1|1.13.11|2.6.1|3.4.11|2.3.1|2.3.1|4.3.3|2.5.1|2.7.2,3485
2979.0,ME.2979,kegg,rn00472,,D-Arginine and D-ornithine metabolism,37559|37560|37566|37561|37562|37556|37558|37564|37565|37555|37567|37554|37553|37557|37563,1.4.1.25|4.1.1.116|1.4.3.3|1.4.3.3|1.4.1.26|1.4.1.25|3.5.3.7|2.6.1.21|1.4.1.12|2.6.1.21|5.4.3.5|3.5.3.10|1.4.99.6,1.4.1|4.1.1|1.4.3|1.4.3|1.4.1|1.4.1|3.5.3|2.6.1|1.4.1|2.6.1|5.4.3|3.5.3|1.4.99,1262
2980.0,ME.2980,kegg,rn00997,,Biosynthesis of various secondary metabolites - part 3,35813|35816|35817|35790|35791|35792|35793|35818|35794|35795|35796|35797|35798|35799|35800|35801|35802|35821|35803|35820|35804|35805|35806|35807|35808|35809|35810|35811|35812|35814|35815|35819,6.3.2.57|2.3.1.30|2.1.1.343|2.1.1.343|2.6.99.3|3.5.3.25|4.1.99.20|6.3.3.5|4.1.2.56|1.10.3.15|6.3.2.46|6.3.2.47|6.3.2.47|6.3.2.47|1.5.1.51|2.5.1.140|2.6.1.114|2.6.1.114|2.6.1.114|2.7.1.225|4.1.1.117|6.3.2.54|6.3.2.55|6.3.2.56|6.3.2.58|3.1.3,6.3.2|2.3.1|2.1.1|2.1.1|2.6.99|3.5.3|4.1.99|6.3.3|4.1.2|1.10.3|6.3.2|6.3.2|6.3.2|6.3.2|1.5.1|2.5.1|2.6.1|2.6.1|2.6.1|2.7.1|4.1.1|6.3.2|6.3.2|6.3.2|6.3.2|3.1.3,977
2981.0,ME.2981,kegg,rn00625,,Chloroalkane and chloroalkene degradation,47936|47938|47931|47952|47939|47940|47943|47950|47953|47931|47953|47953|47954|47954|47930|47954|47957|47930|47946|47963|47930|47958|47937|47929|47929|47928|47942|47955|47928|47927|47927|47926|47960|47925|47925|47949|47962|47925|47924|47947|47923|47922|47921|47920|47919|47918|47917|47916|47951|47916|47915|47914|47941|47944|47959|47956|47948|47961|47945|47932|47933|47934|47935|47931,3.8.1.5|1.21.99.5|1.2.1.10|1.21.99.5|1.21.99.5|1.1.2.7|1.14.13.25|1.14.12.3|1.1.1.284|1.18.1.3|1.14.12.11|1.14.12.3|1.18.1.3|1.1.1.1|1.14.12.11|1.14.99.39|1.2.1.10|1.1.2.7|1.1.1.284|5.3.2.1|3.8.1|5.3.2.1|3.8.1|3.3.2.10|3.3.2.9|1.18.6.1|1.14.13.25|1.14.13.69|1.14.13|3.8.1.5|1.2.98.1|1.2.1.46|4.4.1.23|1.14.13.69|1.2.1.4|1.14.13.69|3.8.1.3|4.1.1|4.2.1.155|4.2.1.112|4.5.1.3|1.2.1.3|1.2.1.3|1.1.2.8|3.8.1.5|1.1.1.1,3.8.1|1.21.99|1.2.1|1.21.99|1.21.99|1.1.2|1.14.13|1.14.12|1.1.1|1.18.1|1.14.12|1.14.12|1.18.1|1.1.1|1.14.12|1.14.99|1.2.1|1.1.2|1.1.1|5.3.2|3.8.1|5.3.2|3.8.1|3.3.2|3.3.2|1.18.6|1.14.13|1.14.13|1.14.13|3.8.1|1.2.98|1.2.1|4.4.1|1.14.13|1.2.1|1.14.13|3.8.1|4.1.1|4.2.1|4.2.1|4.5.1|1.2.1|1.2.1|1.1.2|3.8.1|1.1.1,3109
2982.0,ME.2982,kegg,rn00550,,Peptidoglycan biosynthesis,45801|45802|45804|45796|45803|45797|45805|45817|45806|45807|45808|45809|45818|45810|45811|45812|45813|45814|45798|45799|45815|45816|45800,3.6.1.27|1.3.1.98|6.3.2.10|2.4.1.227|6.3.2.13|2.5.1.7|2.7.1.66|2.7.8.13|2.7.8.13|6.3.2.4|2.4.1.227|6.3.2.10|1.3.1.98|6.3.5.13|2.4.1.227|2.3.2.17|6.3.2.7|6.3.2.8|2.3.2.18|2.3.2.10|6.3.2.9,3.6.1|1.3.1|6.3.2|2.4.1|6.3.2|2.5.1|2.7.1|2.7.8|2.7.8|6.3.2|2.4.1|6.3.2|1.3.1|6.3.5|2.4.1|2.3.2|6.3.2|6.3.2|2.3.2|2.3.2|6.3.2,2717
2984.0,ME.2984,kegg,rn00400,,"Phenylalanine, tyrosine and tryptophan biosynthesis",46315|46296|46294|46294|46315|46314|46313|46312|46311|46310|46309|46331|46308|46294|46295|46307|46306|46336|46305|46304|46303|46302|46333|46318|46319|46317|46320|46301|46294|46332|46316|46315|46301|46301|46300|46301|46321|46322|46323|46324|46325|46299|46326|46327|46328|46329|46329|46330|46298|46293|46292|46337|46297|46334|46291|46290|46335|46289,2.6.1.1|4.2.1.20|1.3.1.78|1.3.1.79|2.6.1.57|1.4.3.2|1.4.3.2|1.4.1.24|2.2.1.11|2.2.1.11|2.2.1.10|1.1.5.8|4.2.1.118|1.3.1.43|4.2.1.10|1.3.1.78|5.3.1.24|1.1.5.8|4.2.1.91|1.1.1.24|1.1.1.282|2.7.1.71|2.3.3|5.4.99.5|4.1.3.27|4.2.3.5|4.2.1.51|2.6.1.5|1.3.1.12|4.1.3.27|2.6.1.58|2.6.1.27|2.6.1.27|2.6.1.1|2.5.1.54|2.6.1.57|1.3.1.12|1.3.1.13|2.6.1.78|2.6.1.79|4.1.2.8|2.4.2.18|4.2.1.122|3.3.2.13|4.1.3.45|1.4.1.20|1.4.1.5|4.2.1.96|2.5.1.19|1.4.1.20|4.1.1.48|2.6.1.58|4.2.1|1.1.1.25|1.1.1.24|1.1.1|4.2.3.4,2.6.1|4.2.1|1.3.1|1.3.1|2.6.1|1.4.3|1.4.3|1.4.1|2.2.1|2.2.1|2.2.1|1.1.5|4.2.1|1.3.1|4.2.1|1.3.1|5.3.1|1.1.5|4.2.1|1.1.1|1.1.1|2.7.1|2.3.3|5.4.99|4.1.3|4.2.3|4.2.1|2.6.1|1.3.1|4.1.3|2.6.1|2.6.1|2.6.1|2.6.1|2.5.1|2.6.1|1.3.1|1.3.1|2.6.1|2.6.1|4.1.2|2.4.2|4.2.1|3.3.2|4.1.3|1.4.1|1.4.1|4.2.1|2.5.1|1.4.1|4.1.1|2.6.1|4.2.1|1.1.1|1.1.1|1.1.1|4.2.3,2799
2985.0,ME.2985,kegg,rn00901,,Indole alkaloid biosynthesis,44449|44450|44454|44484|44453|44460|44480|44472|44467|44481|44457|44461|44473|44455|44468|44462|44469|44474|44482|44478|44479|44470|44452|44483|44477|44451|44459|44464|44471|44463|44465|44466|44476|44475|44414|44415|44416|44417|44418|44419|44420|44421|44422|44423|44424|44425|44426|44485|44427|44428|44429|44430|44431|44432|44458|44433|44434|44434|44435|44436|44437|44438|44439|44440|44456|44441|44442|44443|44444|44445|44446|44447|44448,1.14.99.59|1.3.1.36|4.1.1.105|3.2.1.105|1.14.11.20|1.3.1.73|2.1.1.99|2.5.1.34|4.3.3.2|3.1.1.80|3.1.1.80|1.1.1.332|1.5.1.44|2.1.1.261|2.3.1.205|2.5.1.100|3.2.1.125|1.5.1.46|1.3.1.100|1.1.99.41|1.1.99.41|2.1.1.345|2.1.1.345|2.5.1.34|2.7.1.222|4.1.1.105|4.1.1.28|2.7.1.222|1.5.1.32|1.14.14.103|1.1.1.273|1.14.14.104|2.1.1.94|2.1.1|2.3.1.107|2.3.1.160|2.4.1.219|3.1.1.78|3.2.1.125|1.14.14.136|1.14.14.50|1.14.14.50,1.14.99|1.3.1|4.1.1|3.2.1|1.14.11|1.3.1|2.1.1|2.5.1|4.3.3|3.1.1|3.1.1|1.1.1|1.5.1|2.1.1|2.3.1|2.5.1|3.2.1|1.5.1|1.3.1|1.1.99|1.1.99|2.1.1|2.1.1|2.5.1|2.7.1|4.1.1|4.1.1|2.7.1|1.5.1|1.14.14|1.1.1|1.14.14|2.1.1|2.1.1|2.3.1|2.3.1|2.4.1|3.1.1|3.2.1|1.14.14|1.14.14|1.14.14,2488
2989.0,ME.2989,kegg,rn00909,,Sesquiterpenoid and triterpenoid biosynthesis,35238|35239|35240|35241|35242|35213|35243|35244|35245|35247|35246|35212|35188|35211|35181|35248|35210|35209|35208|35249|35187|35207|35182|35206|35205|35204|35203|35202|35194|35195|35201|35185|35200|35186|35191|35199|35192|35198|35197|35183|35180|35179|35178|35196|35177|35176|35175|35189|35174|35173|35172|35171|35250|35170|35215|35169|35216|35168|35217|35167|35166|35218|35219|35220|35221|35222|35223|35224|35190|35225|35226|35227|35228|35229|35230|35184|35214|35231|35193|35232|35233|35234|35235|35236|35214|35237|35237|35237|35237,1.14.14.149|1.14.14.150|1.14.14.151|1.14.14.151|1.14.14.134|5.4.99.40|4.2.1.123|5.4.99.34|5.4.99.37|1.14.14.95|1.14.14.95|5.4.99.38|4.2.3.48|4.2.1.128|4.2.3.39|4.2.3.76|4.2.3.75|5.4.99.36|3.1.7.6|5.4.99.35|4.2.3.40|5.4.99.33|5.4.99.32|5.4.99.31|4.2.1.124|4.2.3.73|5.5.1.17|4.1.99.16|4.2.3.71|4.2.3.55|4.2.3.70|4.2.3.59|4.2.3.57|4.2.3.69|4.2.3.58|4.2.3.67|4.2.3.66|4.2.3.46|4.2.3.38|4.2.3.37|1.14.13.106|4.2.3.61|1.14.13.106|1.14.13.106|1.14.13.106|4.2.3.50|5.4.99.41|5.4.99.39|4.2.1.125|4.2.3.24|4.2.3.22|4.2.3.86|4.2.3.7|4.2.3.78|4.2.3.21|4.2.3.79|4.2.3.97|4.2.3.6|5.4.99.57|5.4.99.47|2.5.1.103|1.14.15.32|4.2.1.138|4.2.3.89|4.2.3.198|4.2.3.56|5.4.99.48|5.4.99.52|5.4.99.53|5.4.99.54|4.2.3.96|4.2.3.104|4.2.3.47|1.1.1.354|4.2.3.137|4.2.3.60|4.2.3.23|1.14.14.17|5.4.99.17|4.2.1.129|4.2.3.9|1.1.1.347|1.3.1.96|1.3.1.97|2.5.1.103|2.5.1.21,1.14.14|1.14.14|1.14.14|1.14.14|1.14.14|5.4.99|4.2.1|5.4.99|5.4.99|1.14.14|1.14.14|5.4.99|4.2.3|4.2.1|4.2.3|4.2.3|4.2.3|5.4.99|3.1.7|5.4.99|4.2.3|5.4.99|5.4.99|5.4.99|4.2.1|4.2.3|5.5.1|4.1.99|4.2.3|4.2.3|4.2.3|4.2.3|4.2.3|4.2.3|4.2.3|4.2.3|4.2.3|4.2.3|4.2.3|4.2.3|1.14.13|4.2.3|1.14.13|1.14.13|1.14.13|4.2.3|5.4.99|5.4.99|4.2.1|4.2.3|4.2.3|4.2.3|4.2.3|4.2.3|4.2.3|4.2.3|4.2.3|4.2.3|5.4.99|5.4.99|2.5.1|1.14.15|4.2.1|4.2.3|4.2.3|4.2.3|5.4.99|5.4.99|5.4.99|5.4.99|4.2.3|4.2.3|4.2.3|1.1.1|4.2.3|4.2.3|4.2.3|1.14.14|5.4.99|4.2.1|4.2.3|1.1.1|1.3.1|1.3.1|2.5.1|2.5.1,889
2991.0,ME.2991,kegg,rn00965,,Betalain biosynthesis,41981|41980|41992|41983|41975|41993|41989|41991|41990|41987|41984|41968|41969|41982|41970|41970|41971|41994|41972|41973|41973|41976|41977|41978|41988|41985|41995|41996|41974|41986|41979,2.4.1|4.1.1.28|1.13.11.29|1.10.3.1|1.14.18.1|1.10.3|2.1.1.6|1.10.3.1|1.14.18.1|2.4.1|2.4.1|2.4.1|1.10.3|2.3.1|2.3.1,2.4.1|4.1.1|1.13.11|1.10.3|1.14.18|1.10.3|2.1.1|1.10.3|1.14.18|2.4.1|2.4.1|2.4.1|1.10.3|2.3.1|2.3.1,2061
2993.0,ME.2993,kegg,rn00401,,Novobiocin biosynthesis,39914|39903|39911|39889|39898|39912|39889|39889|39889|39890|39906|39891|39900|39892|39893|39899|39894|39895|39896|39902|39901|39915|39909|39908|39907|39918|39905|39918|39917|39916|39897|39913|39911|39904|39910,2.1.1.285|2.4.1.302|2.6.1.57|1.3.1.12|2.6.1.1|2.6.1.27|2.6.1.5|2.1.1.284|2.1.1.285|6.2.1.53|2.1.3.12|2.4.1.302|1.3.8.14|2.5.1.111|6.3.1.15|1.13.11.83|2.1.1.284|6.3.1.15|6.3.1.15|6.3.1.15|1.13.12.23|2.4.1.302|2.1.1.285,2.1.1|2.4.1|2.6.1|1.3.1|2.6.1|2.6.1|2.6.1|2.1.1|2.1.1|6.2.1|2.1.3|2.4.1|1.3.8|2.5.1|6.3.1|1.13.11|2.1.1|6.3.1|6.3.1|6.3.1|1.13.12|2.4.1|2.1.1,1701
2994.0,ME.2994,kegg,rn00254,,Aflatoxin biosynthesis,40203|40210|40199|40192|40212|40193|40216|40215|40213|40211|40189|40209|40204|40191|40197|40198|40190|40194|40206|40214|40188|40196|40200|40202|40195|40205|40201|40208|40207,2.3.1.221|6.4.1.2|1.1.1.353|1.1.1.353|1.1.1.349|1.1.1.353|1.1.1.352|4.2.1.142|4.2.1.143|1.1.1.352|2.1.1.110|1.14.14.116|1.13.12.20|3.1.1.94|2.1.1.109|2.1.1.110|3.1.1.94|1.14.14.116|2.1.1.109|1.14.14.117|1.14.14.117,2.3.1|6.4.1|1.1.1|1.1.1|1.1.1|1.1.1|1.1.1|4.2.1|4.2.1|1.1.1|2.1.1|1.14.14|1.13.12|3.1.1|2.1.1|2.1.1|3.1.1|1.14.14|2.1.1|1.14.14|1.14.14,1751
3003.0,ME.3003,kegg,rn00405,,Phenazine biosynthesis,49778|49769|49770|49789|49768|49787|49777|49776|49790|49791|49797|49775|49785|49783|49792|49788|49786|49779|49774|49780|49781|49782|49784|49794|49795|49796|49773|49793|49772|49771,1.10.3.16|3.3.2.15|5.3.3.17|6.2.1.32|1.10.3.16|1.10.3.16|3.1.2.32|2.3.1.230|2.1.1.327|4.1.3.27|2.6.1.86|1.10.3.16|1.14.13.218|2.3.1.230|2.3.1.262|2.3.1.262|1.14.13.218|2.5.1.121|1.14.13.182,1.10.3|3.3.2|5.3.3|6.2.1|1.10.3|1.10.3|3.1.2|2.3.1|2.1.1|4.1.3|2.6.1|1.10.3|1.14.13|2.3.1|2.3.1|2.3.1|1.14.13|2.5.1|1.14.13,3411
3004.0,ME.3004,kegg,rn01058,,Acridone alkaloid biosynthesis,42448|42447,6.2.1|2.1.1.111,6.2.1|2.1.1,2132
3005.0,ME.3005,kegg,rn00510,,N-Glycan biosynthesis,32414|32416|32417|32418|32413|32419|32415|32421|32420|32412,2.4.1.117|2.4.1.142|2.4.1.141|2.7.1.108|3.6.1.43|2.7.8.15|2.4.1.83|1.3.1.94|3.1.4.48|3.1.3.51,2.4.1|2.4.1|2.4.1|2.7.1|3.6.1|2.7.8|2.4.1|1.3.1|3.1.4|3.1.3,427
3006.0,ME.3006,kegg,rn00364,,Fluorobenzoate degradation,35311|35299|35292|35293|35312|35290|35295|35300|35294|35301|35277|35278|35279|35280|35280|35281|35282|35283|35284|35284|35284|35284|35285|35286|35287|35288|35291|35296|35297|35302|35303|35304|35305|35306|35307|35308|35309|35298|35289|35310,1.21.1.2|3.8.1.7|1.14.12.13|3.5.5.1|3.5.5.6|6.2.1.33|5.5.1.1|3.8.1.7|6.2.1.32|6.2.1.27|6.2.1.25|6.2.1.33|1.3.1.32|1.13.11.1|1.14.13.50|3.1.1.45|4.2.1.84|1.14.12.10|1.14.12.10|1.14.12.10|1.14.12.10|1.14.12.10|1.3.1.25|1.3.1.25|1.3.1.25|5.5.1.7|3.1.1.45,1.21.1|3.8.1|1.14.12|3.5.5|3.5.5|6.2.1|5.5.1|3.8.1|6.2.1|6.2.1|6.2.1|6.2.1|1.3.1|1.13.11|1.14.13|3.1.1|4.2.1|1.14.12|1.14.12|1.14.12|1.14.12|1.14.12|1.3.1|1.3.1|1.3.1|5.5.1|3.1.1,898
3007.0,ME.3007,kegg,rn00780,,Biotin metabolism,35098|35109|35109|35108|35108|35107|35099|35102|35091|35110|35092|35104|35106|35103|35103|35100|35103|35107|35103|35101|35093|35087|35094|35088|35095|35096|35096|35096|35096|35105|35096|35089|35090|35097|35113|35112|35112|35111|35111|35104,1.1.1.100|1.3.1.9|1.3.1.10|2.3.1.179|2.3.1.41|1.3.1.9|4.2.1.59|1.14.14.46|2.6.1.105|2.3.1.41|6.3.4.11|6.3.4.15|2.8.1.6|6.3.4.10|1.3.1.10|6.3.4.9|6.2.1.11|6.2.1.14|6.3.3.3|3.5.1.12|2.6.1.62|2.3.1.47|6.3.4.10|6.2.1.11|6.3.4.15|6.3.4.11|1.1.1.100|6.3.4.9|2.1.1.197|3.1.1.85|2.3.1.47|2.3.1.47|2.3.1.179|2.3.1.41|2.3.1.179|2.3.1.41|2.3.1.179,1.1.1|1.3.1|1.3.1|2.3.1|2.3.1|1.3.1|4.2.1|1.14.14|2.6.1|2.3.1|6.3.4|6.3.4|2.8.1|6.3.4|1.3.1|6.3.4|6.2.1|6.2.1|6.3.3|3.5.1|2.6.1|2.3.1|6.3.4|6.2.1|6.3.4|6.3.4|1.1.1|6.3.4|2.1.1|3.1.1|2.3.1|2.3.1|2.3.1|2.3.1|2.3.1|2.3.1|2.3.1,876
3009.0,ME.3009,kegg,rn00908,,Zeatin biosynthesis,34092|34099|34100|34101|34096|34101|34108|34110|34124|34124|34096|34095|34094|34121|34093|34122|34098|34091|34106|34113|34123|34103|34115|34114|34117|34118|34105|34112|34102|34107|34120|34111|34116|34109|34104|34119|34097,2.4.1.215|2.5.1.112|2.5.1.24|3.2.2.7|2.4.1.203|3.2.2.3|2.4.1|2.5.1.75|2.4.1|2.4.1.118|2.4.2.40|2.4.1.203|2.5.1.27|1.3.1.69|2.5.1.112|1.5.99.12|2.5.1.50,2.4.1|2.5.1|2.5.1|3.2.2|2.4.1|3.2.2|2.4.1|2.5.1|2.4.1|2.4.1|2.4.2|2.4.1|2.5.1|1.3.1|2.5.1|1.5.99|2.5.1,704
3011.0,ME.3011,kegg,rn00600,,Sphingolipid metabolism,38596|38595|38594|38593|38592|38591|38590|38589|38613|38621|38588|38587|38586|38585|38584|38583|38606|38582|38606|38581|38580|38606|38609|38610|38611|38606|38612|38614|38607|38615|38607|38618|38616|38617|38604|38603|38602|38619|38601|38601|38601|38601|38600|38599|38598|38598|38605|38597|38620|38606|38608,2.4.1.80|2.4.1.47|3.5.1.23|2.7.8.27|2.8.2.11|2.7.8.3|2.7.8.10|2.7.1.138|2.3.1.24|2.7.1.91|2.4.1.23|2.3.1.50|2.3.1.24|4.1.2.27|1.1.1.102|2.3.1.291|3.1.6.8|2.3.1.299|3.1.4.41|3.1.4.12|2.3.1.24|3.5.1.23|2.4.1.241|2.8.2.11|2.3.1.297|1.14.18.5|2.3.1.24|3.1.3|3.2.1.23|3.1.3.4|3.2.1.18|3.2.1.22|1.14.18.5|2.4.1.274|3.2.1.46|2.3.1.24|3.2.1.45|3.2.1.62|3.2.1.21|3.2.1.104|4.3.2|3.1.3|3.1.3.4|3.1.3|1.14.19.17|2.7.1.91|1.14.19.17|2.3.1.298|3.5.1.23,2.4.1|2.4.1|3.5.1|2.7.8|2.8.2|2.7.8|2.7.8|2.7.1|2.3.1|2.7.1|2.4.1|2.3.1|2.3.1|4.1.2|1.1.1|2.3.1|3.1.6|2.3.1|3.1.4|3.1.4|2.3.1|3.5.1|2.4.1|2.8.2|2.3.1|1.14.18|2.3.1|3.1.3|3.2.1|3.1.3|3.2.1|3.2.1|1.14.18|2.4.1|3.2.1|2.3.1|3.2.1|3.2.1|3.2.1|3.2.1|4.3.2|3.1.3|3.1.3|3.1.3|1.14.19|2.7.1|1.14.19|2.3.1|3.5.1,1464
3013.0,ME.3013,kegg,rn00363,,Bisphenol degradation,35955|35963|35966|35961|35962|35964|35972|35958|35967|35969|35973|35971|35965|35957|35954|35953|35952|35951|35970|35960|35968|35959|35956,4.2.1|1.13.11.41|1.1.1|3.1.1|1.14.13.84,4.2.1|1.13.11|1.1.1|3.1.1|1.14.13,1004
3014.0,ME.3014,kegg,rn00643,,Styrene degradation,31211|31197|31195|31198|31199|31200|31200|31200|31201|31201|31202|31204|31205|31216|31206|31206|31206|31206|31207|31208|31208|31209|31210|31212|31213|31203|31214|31196|31215,1.13.11.5|3.7.1.2|1.14.14.11|1.14.13.63|3.5.1.11|3.5.1.86|3.5.1.4|4.2.1.54|4.2.1|5.3.99|1.14.14.54|3.5.1.4|3.5.5.1|4.2.1.84|3.5.5.7|3.5.5.5|3.5.5.7|2.8.3.1|2.8.3.12|4.2.1.84|4.2.1.84|2.8.3.1|1.3.1.19|3.7.1.9|1.2.1.39|1.13.11.2,1.13.11|3.7.1|1.14.14|1.14.13|3.5.1|3.5.1|3.5.1|4.2.1|4.2.1|5.3.99|1.14.14|3.5.1|3.5.5|4.2.1|3.5.5|3.5.5|3.5.5|2.8.3|2.8.3|4.2.1|4.2.1|2.8.3|1.3.1|3.7.1|1.2.1|1.13.11,198
3015.0,ME.3015,kegg,rn00984,,Steroid degradation,50052|50054|50040|50041|50042|50043|50044|50045|50046|50047|50048|50049|50050|50051|50052|50052|50052|50052|50052|50053|50055|50056|50056|50039,1.1.1.357|1.14.14.12|1.14.15.30|3.7.1.17|6.2.1.41|1.14.15.29|5.3.3.1|1.1.3.6|1.1.1.145|1.3.99.4|1.1.1.239|1.1.1.64|1.14.15.28|1.1.1.51|1.1.1.50|1.1.1.210|1.1.1.145|1.1.1.239|1.3.99.5|5.3.3.1|1.1.1.145|1.13.11.25,1.1.1|1.14.14|1.14.15|3.7.1|6.2.1|1.14.15|5.3.3|1.1.3|1.1.1|1.3.99|1.1.1|1.1.1|1.14.15|1.1.1|1.1.1|1.1.1|1.1.1|1.1.1|1.3.99|5.3.3|1.1.1|1.13.11,3454
3017.0,ME.3017,kegg,rn01053,,Biosynthesis of siderophore group nonribosomal peptides,43968|43965|43969|43966|43967,5.4.4.2|6.3.2.14|4.2.99.21|1.3.1.28|3.3.2.1,5.4.4|6.3.2|4.2.99|1.3.1|3.3.2,2409
3018.0,ME.3018,kegg,rn00540,,Lipopolysaccharide biosynthesis,41265|41262|41253|41259|41258|41245|41246|41257|41261|41254|41255|41238|41267|41268|41243|41269|41242|41270|41273|41263|41244|41239|41246|41251|41237|41247|41236|41235|41234|41233|41252|41271|41232|41248|41249|41241|41250|41272|41231|41240|41264|41260|41230|41266|41256,2.3.1.251|2.3.1.243|2.7.8.43|2.7.8.43|2.3.1.251|2.5.1.55|2.7.8.42|2.3.1.241|5.3.1.28|2.7.7.70|2.3.1.251|3.6.1.54|3.2.1.144|3.5.1.108|2.3.1.243|2.3.1.129|2.3.1.251|2.7.7.71|2.5.1.54|2.7.1.166|2.4.99.13|2.3.1.191|2.4.99.12|2.4.2.43|3.1.3.45|2.7.7.38|2.7.4.29|2.3.1.242|2.7.1.130|2.7.1.167|2.7.1.168|3.1.3.83|2.3.1.129|2.3.1.191|2.4.1.182|3.1.3.82|2.7.8.43|5.3.1.13|2.4.2.43,2.3.1|2.3.1|2.7.8|2.7.8|2.3.1|2.5.1|2.7.8|2.3.1|5.3.1|2.7.7|2.3.1|3.6.1|3.2.1|3.5.1|2.3.1|2.3.1|2.3.1|2.7.7|2.5.1|2.7.1|2.4.99|2.3.1|2.4.99|2.4.2|3.1.3|2.7.7|2.7.4|2.3.1|2.7.1|2.7.1|2.7.1|3.1.3|2.3.1|2.3.1|2.4.1|3.1.3|2.7.8|5.3.1|2.4.2,1941
3020.0,ME.3020,kegg,rn00945,,"Stilbenoid, diarylheptanoid and gingerol biosynthesis",42137|42149|42118|42124|42146|42147|42139|42141|42123|42122|42121|42120|42127|42119|42145|42144|42125|42140|42148|42143|42142|42126|42128|42129|42138|42130|42131|42132|42133|42134|42135|42136|42150,2.4.1|2.1.1.104|2.3.1.217|2.3.1.211|2.1.1.240|2.3.1.146|2.3.1.95|2.3.1.219|2.3.1.133|2.3.1.218|2.3.1.218|2.3.1.219|2.3.1.133|2.3.1|2.3.1|2.3.1.217|1.14.14.96|1.14.14.96|2.1.1|2.4.1|1.14.14.91,2.4.1|2.1.1|2.3.1|2.3.1|2.1.1|2.3.1|2.3.1|2.3.1|2.3.1|2.3.1|2.3.1|2.3.1|2.3.1|2.3.1|2.3.1|2.3.1|1.14.14|1.14.14|2.1.1|2.4.1|1.14.14,2085
3021.0,ME.3021,kegg,rn00073,,"Cutin, suberine and wax biosynthesis",34578|34568|34560|34579|34571|34579|34569|34559|34558|34557|34565|34577|34570|34556|34560|34555|34566|34560|34575|34567|34574|34563|34564|34562|34561|34572|34576|34561|34573|34561,1.2.1.84|1.14.14.80|2.3.1.20|2.3.1.75|2.3.1.75|3.1.1.50|3.3.2|1.2.1.42|1.14|2.3.1.188|1.14.14.78|1.11.2.3|1.11.2.3|4.1.99|3.3.2|1.14.14.129|1.14.14.78|1.14.14.80,1.2.1|1.14.14|2.3.1|2.3.1|2.3.1|3.1.1|3.3.2|1.2.1|1.14|2.3.1|1.14.14|1.11.2|1.11.2|4.1.99|3.3.2|1.14.14|1.14.14|1.14.14,782
3022.0,ME.3022,kegg,rn00902,,Monoterpenoid biosynthesis,50480|50505|50451|50452|50453|50454|50455|50456|50457|50458|50459|50502|50504|50460|50461|50462|50463|50464|50465|50466|50467|50498|50468|50446|50469|50447|50470|50471|50472|50473|50474|50475|50476|50477|50478|50479|50448|50481|50482|50483|50484|50485|50486|50487|50488|50449|50489|50490|50491|50492|50493|50494|50495|50496|50497|50499|50500|50501|50503|50507|50508|50506|50450,1.14.14.99|1.1.1.241|1.1.1.243|1.1.1.207|1.1.1.208|1.14.13.51|4.2.3.20|1.1.1.275|4.2.3.10|4.2.3.11|4.2.3.25|4.2.3.26|1.14.13.105|1.3.1.81|1.3.1.81|1.3.1.82|4.2.1.127|5.4.4.4|1.1.1.324|4.2.3.15|3.1.7.11|4.2.3.16|4.2.3.111|4.2.3.116|4.2.3.117|4.2.3.119|4.2.3.120|2.4.1.323|1.1.1.386|1.1.1.386|3.6.1.68|3.1.3|5.5.1.8|1.14.14.51|1.14.14.52|1.14.19.62|1.14.14.85|2.1.1.50|1.14.14.53|1.14.14.143|1.14.14.84|1.1.1.198|1.14.14.84|1.14.14.1|2.4.1.324|1.14.14.31|1.14.14.161|1.14.14.161|1.14.14.161|1.14.14.85|2.1.1.50|3.1.3|1.14.14.133|5.3.3|1.14.19.62|4.2.3.108|1.14.14.84|1.1.1.223,1.14.14|1.1.1|1.1.1|1.1.1|1.1.1|1.14.13|4.2.3|1.1.1|4.2.3|4.2.3|4.2.3|4.2.3|1.14.13|1.3.1|1.3.1|1.3.1|4.2.1|5.4.4|1.1.1|4.2.3|3.1.7|4.2.3|4.2.3|4.2.3|4.2.3|4.2.3|4.2.3|2.4.1|1.1.1|1.1.1|3.6.1|3.1.3|5.5.1|1.14.14|1.14.14|1.14.19|1.14.14|2.1.1|1.14.14|1.14.14|1.14.14|1.1.1|1.14.14|1.14.14|2.4.1|1.14.14|1.14.14|1.14.14|1.14.14|1.14.14|2.1.1|3.1.3|1.14.14|5.3.3|1.14.19|4.2.3|1.14.14|1.1.1,3520
3024.0,ME.3024,kegg,rn00944,,Flavone and flavonol biosynthesis,49292|49301|49318|49293|49294|49295|49296|49317|49316|49315|49314|49314|49313|49313|49312|49323|49311|49310|49309|49308|49307|49306|49322|49291|49305|49328|49324|49325|49290|49289|49326|49288|49298|49287|49286|49321|49330|49332|49331|49304|49299|49297|49285|49284|49320|49283|49303|49302|49319|49329|49327|49300,2.4.1.81|2.1.1.42|2.4.2.35|2.4.2.25|2.8.2.25|2.8.2.27|2.8.2.26|2.4.1.240|2.3.1.116|2.3.1.115|1.14.14.81|1.14.14.82|1.14.14.81|1.14.14.82|2.4.1.159|2.4.1.236|2.1.1.267|2.1.1.267|2.4.1|2.4.1.240|2.4.1.239|2.4.1.239|2.4.1|2.4.1.191|2.8.2.28|2.4.1|2.3.1.173|2.4.1.190|2.4.1.189|2.4.2.35|2.4.1.106|2.1.1.153|2.4.1.105|2.1.1.83|2.4.1.236|3.2.1.31|1.14.14.81|2.4.1.91|2.1.1.155|2.8.2.28|2.1.1.82|2.1.1.42|2.4.1|2.1.1.75|2.4.1.91|2.4.1.81|2.4.1.159|2.4.1.234,2.4.1|2.1.1|2.4.2|2.4.2|2.8.2|2.8.2|2.8.2|2.4.1|2.3.1|2.3.1|1.14.14|1.14.14|1.14.14|1.14.14|2.4.1|2.4.1|2.1.1|2.1.1|2.4.1|2.4.1|2.4.1|2.4.1|2.4.1|2.4.1|2.8.2|2.4.1|2.3.1|2.4.1|2.4.1|2.4.2|2.4.1|2.1.1|2.4.1|2.1.1|2.4.1|3.2.1|1.14.14|2.4.1|2.1.1|2.8.2|2.1.1|2.1.1|2.4.1|2.1.1|2.4.1|2.4.1|2.4.1|2.4.1,3332
3025.0,ME.3025,kegg,rn00311,,Penicillin and cephalosporin biosynthesis,38875|38869|38873|38864|38865|38870|38872|38874|38865|38860|38866|38867|38871|38868|38861|38862|38863,3.5.1.11|2.6.1.74|3.5.1.11|1.4.3.3|2.3.1.164|3.5.1.93|3.1.1.41|2.3.1.175|1.14.11.26|3.5.2.6|2.1.3.7|6.3.2.26|1.21.3.1|1.14.20.1,3.5.1|2.6.1|3.5.1|1.4.3|2.3.1|3.5.1|3.1.1|2.3.1|1.14.11|3.5.2|2.1.3|6.3.2|1.21.3|1.14.20,1511
3026.0,ME.3026,kegg,rn00999,,Biosynthesis of various secondary metabolites - part 1,37862|37869|37897|37870|37861|37875|37876|37878|37871|37884|37874|37882|37888|37885|37881|37872|37877|37873|37898|37880|37886|37887|37895|37890|37889|37893|37896|37879|37868|37894|37883|37867|37866|37892|37891|37865|37864|37863,4.2.3.36|1.14.19.8|1.14.11.35|4.2.3.7|1.21.3.7|1.21.3.8|2.5.1.102|1.14.11.36|1.13.11.84|1.14.15.11|2.4.1.330|1.13.11.84|2.4.1.330|1.14.13.170|2.3.1.206|1.14.13.171|1.14.14.124|1.14.14.124|1.14.14.125|2.3.1.244|2.3.1.161|3.1.2.31|4.4.1.26|1.1.1.340|2.4.1.330|1.14.15.32|2.4.1.271|2.4.1.271|2.4.1.271|5.5.1.15,4.2.3|1.14.19|1.14.11|4.2.3|1.21.3|1.21.3|2.5.1|1.14.11|1.13.11|1.14.15|2.4.1|1.13.11|2.4.1|1.14.13|2.3.1|1.14.13|1.14.14|1.14.14|1.14.14|2.3.1|2.3.1|3.1.2|4.4.1|1.1.1|2.4.1|1.14.15|2.4.1|2.4.1|2.4.1|5.5.1,1321
3028.0,ME.3028,kegg,rn00525,,Acarbose and validamycin biosynthesis,36419|36424|36425|36421|36418|36413|36408|36428|36407|36406|36411|36415|36405|36398|36397|36412|36404|36403|36402|36401|36400|36399|36416|36417|36426|36422|36420|36423|36409|36427|36414|36410,2.7.7.91|2.7.7.91|2.5.1.135|2.7.7.91|2.7.1.214|3.1.3.101|2.6.1.33|4.2.1.46|2.4.1.338|1.14.11.52|4.2.3.152|2.7.1.187|2.7.1.188|2.7.7.24,2.7.7|2.7.7|2.5.1|2.7.7|2.7.1|3.1.3|2.6.1|4.2.1|2.4.1|1.14.11|4.2.3|2.7.1|2.7.1|2.7.7,1091
3029.0,ME.3029,kegg,rn00402,,Benzoxazinoid biosynthesis,33778|33777|33776|33779|33775|33780|33774|33781,1.14.14.153|4.1.2.8|2.4.1.202|1.14.14.157|2.1.1.241|1.14.14.109|1.14.11.59|1.14.14.110,1.14.14|4.1.2|2.4.1|1.14.14|2.1.1|1.14.14|1.14.11|1.14.14,647
3030.0,ME.3030,kegg,rn00981,,Insect hormone biosynthesis,36448|36459|36462|36473|36464|36472|36461|36471|36467|36458|36456|36444|36445|36446|36447|36466|36465|36460|36451|36470|36452|36449|36469|36463|36453|36454|36455|36450|36468|36457,1.14.19.21|3.1.1.59|1.1.1.216|1.1.3.16|1.2.1.94|2.1.1.325|1.14.99.22|1.14.19.21|1.14.14.127|1.14.14.128|1.1.1|2.1.1.325|3.1.1.59,1.14.19|3.1.1|1.1.1|1.1.3|1.2.1|2.1.1|1.14.99|1.14.19|1.14.14|1.14.14|1.1.1|2.1.1|3.1.1,1095
3031.0,ME.3031,kegg,rn00943,,Isoflavonoid biosynthesis,50907|50950|50931|50879|50880|50881|50882|50883|50884|50885|50886|50887|50888|50889|50890|50891|50892|50893|50894|50895|50941|50896|50897|50898|50899|50900|50901|50902|50902|50903|50904|50905|50906|50952|50947|50940|50939|50930|50948|50908|50923|50909|50946|50944|50910|50935|50911|50934|50912|50913|50914|50915|50916|50916|50917|50917|50918|50918|50919|50920|50921|50922|50933|50949|50924|50925|50926|50927|50929|50938|50945|50951|50937|50936|50943|50932|50942|50928,4.2.1.105|1.14.14.87|1.3.1.51|2.3.1.115|2.5.1.36|2.5.1.36|2.1.1.270|4.2.1.105|1.3.1.45|2.1.1.46|2.1.1.46|2.3.1.115|2.3.1.115|2.3.1.115|2.3.1.115|2.4.1.170|2.4.1.170|2.4.1.170|2.4.1.170|1.14.20.5|4.2.1.105|2.1.1.150|2.1.1.150|1.1.1.348|1.14.14.88|1.14.14.90|1.14.14.89|1.14.14.93|1.3.1.45|1.3.1.46|1.14.14.135|2.1.1.212|1.14.19.63|1.14.19.63|1.14.14.90|2.1.1.212|2.3.1.115|1.14.14.87|2.4.1.170|1.14.14.87|1.14.14.135|1.14.14.135|1.14.14.88|1.14.14.90|1.14.14.89|1.14.14.90|1.14.14.89|1.14.14.90|1.14.14.89|1.14.20.5|4.2.1.139|1.14.19.76|1.14.19.76|1.3.1|2.4.1.170|2.3.1.115|2.4.1.170|1.14.14.135|1.3.1.45|4.2.1.105,4.2.1|1.14.14|1.3.1|2.3.1|2.5.1|2.5.1|2.1.1|4.2.1|1.3.1|2.1.1|2.1.1|2.3.1|2.3.1|2.3.1|2.3.1|2.4.1|2.4.1|2.4.1|2.4.1|1.14.20|4.2.1|2.1.1|2.1.1|1.1.1|1.14.14|1.14.14|1.14.14|1.14.14|1.3.1|1.3.1|1.14.14|2.1.1|1.14.19|1.14.19|1.14.14|2.1.1|2.3.1|1.14.14|2.4.1|1.14.14|1.14.14|1.14.14|1.14.14|1.14.14|1.14.14|1.14.14|1.14.14|1.14.14|1.14.14|1.14.20|4.2.1|1.14.19|1.14.19|1.3.1|2.4.1|2.3.1|2.4.1|1.14.14|1.3.1|4.2.1,3526
3033.0,ME.3033,kegg,rn00565,,Ether lipid metabolism,38717|38699|38708|38728|38721|38707|38702|38705|38706|38727|38727|38708|38720|38700|38726|38712|38722|38725|38716|38713|38720|38724|38714|38719|38709|38711|38727|38730|38723|38710|38729|38718|38701|38731|38703|38720|38704|38715,2.3.1.105|2.3.1.125|2.3.1.63|3.1.4.39|2.3.1.121|2.7.8.22|3.3.2.2|1.14.19.77|3.1.1.3|3.1.1.4|2.3.1.23|3.1.1.4|2.3.1.25|2.7.8.2|3.1.4.4|3.1.3.59|2.7.8.1|3.1.1.32|2.7.8.1|2.7.8.2|2.3.1.67|2.5.1.26|3.1.1.32|2.8.2.11|3.3.2.2|2.4.1.47|3.1.3.4|2.7.1.93|1.1.1.101|3.1.1.3|3.1.1.47|3.1.4.3,2.3.1|2.3.1|2.3.1|3.1.4|2.3.1|2.7.8|3.3.2|1.14.19|3.1.1|3.1.1|2.3.1|3.1.1|2.3.1|2.7.8|3.1.4|3.1.3|2.7.8|3.1.1|2.7.8|2.7.8|2.3.1|2.5.1|3.1.1|2.8.2|3.3.2|2.4.1|3.1.3|2.7.1|1.1.1|3.1.1|3.1.1|3.1.4,1482
3034.0,ME.3034,kegg,rn00970,,Aminoacyl-tRNA biosynthesis,43857|43858|43859|43860|43861|43862|43863|43864|43864|43865|43866|43866|43867|43868|43868|43869|43870|43871|43872|43873|43874|43874|43875|43876|43876|43876|43876|43877|43878|43879|43880|43880|43881|43882|43883|43884|43884|43885|43886|43887,6.1.1.10|6.1.1.11|6.3.5.7|6.1.1.16|6.1.1.18|2.9.1.1|6.1.1.1|6.3.5.7|6.3.5.6|6.1.1.14|6.1.1.15|6.1.1.17|6.1.1.26|6.1.1.6|6.1.1.19|6.1.1.20|6.1.1.21|3.1.1.29|6.1.1.3|6.1.1.4|6.1.1.5|6.1.1.9|6.1.1.6|6.1.1.6|6.1.1.20|6.1.1.15|6.1.1.7|6.1.1.9|6.1.1.11|6.1.1.2|6.1.1.12|6.1.1.23|6.1.1.24|6.1.1.23|2.1.2.9|6.1.1.24|6.1.1.17|2.7.1.164|2.9.1.2|6.1.1.27,6.1.1|6.1.1|6.3.5|6.1.1|6.1.1|2.9.1|6.1.1|6.3.5|6.3.5|6.1.1|6.1.1|6.1.1|6.1.1|6.1.1|6.1.1|6.1.1|6.1.1|3.1.1|6.1.1|6.1.1|6.1.1|6.1.1|6.1.1|6.1.1|6.1.1|6.1.1|6.1.1|6.1.1|6.1.1|6.1.1|6.1.1|6.1.1|6.1.1|6.1.1|2.1.2|6.1.1|6.1.1|2.7.1|2.9.1|6.1.1,2394
3035.0,ME.3035,kegg,rn00515,,Mannose type O-glycan biosynthesis,49074,2.7.7.40,2.7.7,3288
3036.0,ME.3036,kegg,rn00365,,Furfural degradation,37145|37147|37144|37148|37149|37142|37150|37143|37146,1.2.3.1|6.2.1.31|3.1.2|1.3.99.8|1.1.3.47|1.1.1,1.2.3|6.2.1|3.1.2|1.3.99|1.1.3|1.1.1,1203
3037.0,ME.3037,kegg,rn00514,,Other types of O-glycan biosynthesis,47629|47628|47630|47631,2.4.1.50|2.4.1.122|2.4.1.66,2.4.1|2.4.1|2.4.1,3045
3038.0,ME.3038,kegg,rn00592,,alpha-Linolenic acid metabolism,34912|34890|34922|34911|34914|34891|34915|34892|34893|34894|34895|34896|34897|34910|34898|34898|34899|34906|34916|34914|34920|34900|34917|34901|34904|34920|34902|34903|34916|34905|34907|34917|34917|34918|34908|34921|34919|34919|34920|34908|34914|34908|34913|34909|34913,1.3.3.6|5.3.99.6|1.1.1.211|1.3.1.42|1.3.3.6|2.1.1.141|4.2.1.92|2.3.1.195|1.13.11.12|4.2.1.121|1.13.11.58|1.14.19.3|1.14.19|6.2.1|4.2.1.17|4.2.1.17|4.2.1.17|2.3.1.16|1.1.1.35|2.3.1.16|1.1.1.211|2.3.1.16|3.1.2.20|4.2.1.74|1.1.1.1|4.2.1.92|4.2.1.17|1.1.1.211|1.3.3.6|3.1.1.3|4.2.1.74|4.2.1.17|1.1.1.35|3.1.1.4|1.1.1.35|3.1.1.32|4.2.1.74|3.1.1.32|4.2.1.17,1.3.3|5.3.99|1.1.1|1.3.1|1.3.3|2.1.1|4.2.1|2.3.1|1.13.11|4.2.1|1.13.11|1.14.19|1.14.19|6.2.1|4.2.1|4.2.1|4.2.1|2.3.1|1.1.1|2.3.1|1.1.1|2.3.1|3.1.2|4.2.1|1.1.1|4.2.1|4.2.1|1.1.1|1.3.3|3.1.1|4.2.1|4.2.1|1.1.1|3.1.1|1.1.1|3.1.1|4.2.1|3.1.1|4.2.1,837
3039.0,ME.3039,kegg,rn00281,,Geraniol degradation,33966|33975|33975|33976|33977|33982|33979|33981|33986|33978|33985|33983|33980|33967|33968|33969|33970|33971|33972|33973|33984|33974|33975,6.4.1.5|1.1.1.324|1.1.1.183|1.1.1.183|1.1.1.183|1.1.1.35|1.1.1.183|4.1.3.26|4.2.1.57|1.2.1.86|1.1.1.347|4.2.1|2.3.1|2.3.1|1.1.1.216,6.4.1|1.1.1|1.1.1|1.1.1|1.1.1|1.1.1|1.1.1|4.1.3|4.2.1|1.2.1|1.1.1|4.2.1|2.3.1|2.3.1|1.1.1,687
3040.0,ME.3040,kegg,rn00450,,Selenocompound metabolism,48205|48198|48198|48200|48209|48208|48207|48206|48204|48203|48202|48199|48201|48200|48200|48214|48192|48193|48194|48195|48196|48210|48197|48198|48211|48212|48213,4.4.1.11|4.4.1.1|4.4.1.13|2.7.1.164|2.5.1.48|2.5.1.48|1.8.1.9|2.1.1.14|4.4.1.13|2.7.7.4|2.1.1.280|6.1.1.10|4.4.1.1|4.4.1.11|2.6.1.7|2.7.9.3|2.1.1.12|2.9.1.1|4.4.1.16|1.8.1.9|2.9.1.2|2.1.1.96|4.4.1.13,4.4.1|4.4.1|4.4.1|2.7.1|2.5.1|2.5.1|1.8.1|2.1.1|4.4.1|2.7.7|2.1.1|6.1.1|4.4.1|4.4.1|2.6.1|2.7.9|2.1.1|2.9.1|4.4.1|1.8.1|2.9.1|2.1.1|4.4.1,3149
3041.0,ME.3041,kegg,rn00591,,Linoleic acid metabolism,33575|33584|33585|33585|33585|33583|33583|33583|33582|33582|33582|33581|33580|33579|33578|33577|33577|33576|33586|33574|33573|33572|33571,1.13.11.60|3.1.1.32|3.1.1.4|3.1.1.3|1.14.13.32|1.14.14.1|1.14.14.51|1.14.13.32|1.14.14.1|1.14.14.51|1.14.19.39|3.3.2.10|1.14.19.3|5.4.4.6|4.2.1.92|5.4.4.5|1.13.11.62|1.13.11.58|1.13.11.12|1.13.11.45|5.2.1.5,1.13.11|3.1.1|3.1.1|3.1.1|1.14.13|1.14.14|1.14.14|1.14.13|1.14.14|1.14.14|1.14.19|3.3.2|1.14.19|5.4.4|4.2.1|5.4.4|1.13.11|1.13.11|1.13.11|1.13.11|5.2.1,627
3042.0,ME.3042,kegg,rn00982,,Drug metabolism - cytochrome P450,40418|40423|40381|40392|40424|40425|40435|40436|40437|40438|40439|40439|40439|40440|40441|40442|40445|40443|40444|40433|40402|40399|40426|40428|40391|40429|40403|40401|40407|40382|40400|40432|40412|40421|40430|40387|40415|40431|40395|40420|40404|40422|40419|40427|40414|40362|40363|40364|40365|40366|40410|40367|40367|40368|40368|40369|40370|40371|40372|40372|40373|40374|40375|40376|40377|40378|40379|40380|40383|40417|40383|40384|40384|40385|40386|40394|40388|40388|40389|40389|40393|40390|40434|40390|40396|40396|40397|40397|40398|40405|40406|40408|40408|40409|40411|40411|40413|40416,1.14.13.32|1.14.14.51|1.14.14.51|1.14.14.51|1.14.13.32|1.14.13.32|1.14.13.32|1.14.13.32|1.14.14.51|1.14.14.1|1.14.13.32|1.14.14.1|1.14.14.1|1.4.3.4|1.2.3.1|1.4.3.4|1.4.3.4|2.4.1.17|2.4.1.17|2.4.1.17|1.14.13.8|3.1.1.1|1.14.14.51|1.14.13.32|1.14.14.1|1.14.13.32|1.14.14.1|1.14.13.32|1.14.14.1|1.14.14.51|1.14.14.1|1.14.13.32|1.14.13.32|1.14.14.1|1.14.13.32|1.14.13.32|1.14.13.32|1.14.13.32|1.14.13.32|2.5.1.18|5.3.99.2|1.1.1.284|1.1.1.1|1.2.1.5|1.2.1.5|1.14.14.51|1.14.13.32|1.14.14.1|1.14.13.32|1.14.14.1|1.14.13.32|1.14.14.1|1.14.13.32|1.14.14.1|1.14.13.32|3.1.1.1|1.14.13.32|1.14.13.32|1.1.1.284|1.1.1.1|1.2.1.5|1.1.1.284|1.1.1.1|1.14.13.32,1.14.13|1.14.14|1.14.14|1.14.14|1.14.13|1.14.13|1.14.13|1.14.13|1.14.14|1.14.14|1.14.13|1.14.14|1.14.14|1.4.3|1.2.3|1.4.3|1.4.3|2.4.1|2.4.1|2.4.1|1.14.13|3.1.1|1.14.14|1.14.13|1.14.14|1.14.13|1.14.14|1.14.13|1.14.14|1.14.14|1.14.14|1.14.13|1.14.13|1.14.14|1.14.13|1.14.13|1.14.13|1.14.13|1.14.13|2.5.1|5.3.99|1.1.1|1.1.1|1.2.1|1.2.1|1.14.14|1.14.13|1.14.14|1.14.13|1.14.14|1.14.13|1.14.14|1.14.13|1.14.14|1.14.13|3.1.1|1.14.13|1.14.13|1.1.1|1.1.1|1.2.1|1.1.1|1.1.1|1.14.13,1779
3043.0,ME.3043,kegg,rn00333,,Prodigiosin biosynthesis,34654|34653|34651|34645|34641|34642|34652|34642|34643|34644|34655|34646|34647|34648|34650|34649|34656,2.2.1.12|3.1.2.21|3.1.2.14|1.3.8.14|1.1.1|2.1.1|6.4.1|6.4.1|6.2.1.53|3.1.2.21,2.2.1|3.1.2|3.1.2|1.3.8|1.1.1|2.1.1|6.4.1|6.4.1|6.2.1|3.1.2,796
3044.0,ME.3044,kegg,rn00253,,Tetracycline biosynthesis,33965|33962|33948|33958|33955|33960|33951|33952|33950|33961|33947|33957|33953|33946|33949|33954|33959|33959|33963|33964|33956,1.14.13.231|1.14.13.231|1.14.13.234|1.14.19.49|1.14.13.233|1.3.98.4|2.1.1.335|1.14.13.38|1.14.13.232|1.3.98.4|1.14.13.233|1.14.13.232|2.3.1.260|1.14.13.231,1.14.13|1.14.13|1.14.13|1.14.19|1.14.13|1.3.98|2.1.1|1.14.13|1.14.13|1.3.98|1.14.13|1.14.13|2.3.1|1.14.13,686
3046.0,ME.3046,kegg,rn00532,,Glycosaminoglycan biosynthesis - chondroitin sulfate / dermatan sulfate,48558|48559,2.4.1.135|2.4.2.26,2.4.1|2.4.2,3211
3047.0,ME.3047,kegg,rn00642,,Ethylbenzene degradation,50346|50349|50337|50338|50339|50340|50344|50341|50341|50343|50345|50345|50342|50346|50347|50347|50348|50348,1.18.1.7|1.3.1.66|1.1.1.311|6.4.1.8|1.17.99.2|1.13.11.16|1.13.11|2.3.1.16|1.18.1.7|1.14.12.12|1.14.12.12|1.18.1.7|1.14.12.12|1.18.1.7|1.14.12.12,1.18.1|1.3.1|1.1.1|6.4.1|1.17.99|1.13.11|1.13.11|2.3.1|1.18.1|1.14.12|1.14.12|1.18.1|1.14.12|1.18.1|1.14.12,3501
3048.0,ME.3048,kegg,rn00331,,Clavulanic acid biosynthesis,50173|50177|50172|50171|50176|50175|50178|50174,2.5.1.66|1.14.11.21|6.3.3.4|1.14.11.21|1.14.11.21|3.5.3.22,2.5.1|1.14.11|6.3.3|1.14.11|1.14.11|3.5.3,3477
3049.0,ME.3049,kegg,rn01055,,Biosynthesis of vancomycin group antibiotics,38564|38568|38565|38567|38566|38574|38573|38572|38571|38570|38569|38563,2.6.1.103|4.2.1.159|1.1.3.46|2.3.1.246|1.13.11.80|2.6.1|2.1.1|1.1.1|2.6.1.103|1.13.11.46|4.2.1.46,2.6.1|4.2.1|1.1.3|2.3.1|1.13.11|2.6.1|2.1.1|1.1.1|2.6.1|1.13.11|4.2.1,1462
3050.0,ME.3050,kegg,rn00404,,Staurosporine biosynthesis,45420|45421|45424|45422|45423|45449|45448|45430|45445|45429|45443|45425|45436|45447|45446|45435|45440|45441|45444|45450|45439|45437|45438|45434|45433|45432|45442|45405|45406|45407|45408|45409|45410|45411|45412|45431|45413|45414|45415|45416|45428|45417|45427|45418|45419|45426,1.4.3.23|1.14.14.118|1.21.98.2|1.14.14.119|1.14.19.71|2.1.1|2.1.1|2.5.1|2.1.1.139|1.14.19.9|1.4.3.23|1.13.12.17|2.1.1.164|4.3.3.5|2.5.1.106|2.5.1.107|2.5.1|1.14.11.38|2.5.1.110|2.1.1.293|1.14.13.224|1.14.13|1.14.13.224|1.14.19|1.14.13.224|1.14.13.224|2.4.1,1.4.3|1.14.14|1.21.98|1.14.14|1.14.19|2.1.1|2.1.1|2.5.1|2.1.1|1.14.19|1.4.3|1.13.12|2.1.1|4.3.3|2.5.1|2.5.1|2.5.1|1.14.11|2.5.1|2.1.1|1.14.13|1.14.13|1.14.13|1.14.19|1.14.13|1.14.13|2.4.1,2652
3051.0,ME.3051,kegg,rn00603,,Glycosphingolipid biosynthesis - globo and isoglobo series,42783|42782|42788|42787|42786|42785|42784|42781,3.2.1.22|2.4.1.79|2.4.1|2.4.99.4|2.4.1|2.4.1.88|3.2.1.49|2.4.1.228,3.2.1|2.4.1|2.4.1|2.4.99|2.4.1|2.4.1|3.2.1|2.4.1,2194
3052.0,ME.3052,kegg,rn00512,,Mucin type O-glycan biosynthesis,33348|33349|33347|33346|33345|33344|33350|33347,2.4.1.147|2.4.99.3|2.4.1.102|2.4.1.122|2.4.99.4|2.4.1.148|2.4.1.146,2.4.1|2.4.99|2.4.1|2.4.1|2.4.99|2.4.1|2.4.1,586
3053.0,ME.3053,kegg,rn00563,,Glycosylphosphatidylinositol (GPI)-anchor biosynthesis,32920|32917|32918|32919,,,519
3054.0,ME.3054,kegg,rn00534,,Glycosaminoglycan biosynthesis - heparan sulfate / heparin,37191|37193|37192,2.4.1.135|2.4.2.26|2.4.1.223,2.4.1|2.4.2|2.4.1,1212
3055.0,ME.3055,kegg,rn00604,,Glycosphingolipid biosynthesis - ganglio series,45847|45848|45849|45850|45851|45852|45854|45855|45853,2.4.99.9|2.4.1.62|2.4.1.92|2.4.99.2|2.4.99.8|2.4.1.62|3.2.1.52|3.2.1.23,2.4.99|2.4.1|2.4.1|2.4.99|2.4.99|2.4.1|3.2.1|3.2.1,2722
3056.0,ME.3056,kegg,rn00513,,Various types of N-glycan biosynthesis,40635|40636,2.4.1.142|2.4.1.141,2.4.1|2.4.1,1821
3057.0,ME.3057,kegg,rn00601,,Glycosphingolipid biosynthesis - lacto and neolacto series,30762|30759|30760|30758|30761|30763|30764,2.4.1.275|2.4.99.6|2.4.1.206|2.4.1.149,2.4.1|2.4.99|2.4.1|2.4.1,106
3058.0,ME.3058,kegg,rn00942,,Anthocyanin biosynthesis,37208|37254|37259|37252|37247|37253|37255|37258|37197|37198|37199|37200|37200|37201|37202|37203|37204|37205|37206|37207|37209|37210|37211|37212|37213|37214|37215|37216|37217|37218|37219|37220|37221|37222|37223|37224|37225|37226|37227|37228|37229|37230|37231|37232|37233|37234|37235|37236|37237|37238|37239|37240|37241|37242|37243|37244|37245|37246|37250|37264|37265|37266|37267|37256|37263|37260|37257|37251|37261|37248|37249|37262,2.3.1.171|2.4.1.116|2.3.1.172|2.4.1.238|2.4.1.249|2.4.1.238|2.4.1.254|2.3.1.214|2.4.1.299|2.4.1.300|2.4.1.115|2.4.1.115|2.4.1.115|2.3.1.171|2.3.1.171|2.3.1.172|2.4.1.298|2.4.1.298|2.4.1|2.4.1|2.4.1.298|2.4.1|2.4.2.51|2.4.2.51|2.4.2.51|2.4.1.300|2.4.1.300|2.3.1|2.3.1.215|2.3.1.215|2.3.1|2.4.1.295|2.4.1.295|2.4.1|2.4.1|2.4.1|2.3.1.153|2.4.1.249|2.4.1.116|2.4.1.254|2.3.1.215|2.3.1.215|2.3.1.153|2.3.1.153|2.3.1.153|2.3.1|2.4.1|2.4.1|2.3.1|2.3.1|2.4.1|2.3.1.153|2.3.1.153|2.4.1.295|2.4.1.299|2.4.1.299,2.3.1|2.4.1|2.3.1|2.4.1|2.4.1|2.4.1|2.4.1|2.3.1|2.4.1|2.4.1|2.4.1|2.4.1|2.4.1|2.3.1|2.3.1|2.3.1|2.4.1|2.4.1|2.4.1|2.4.1|2.4.1|2.4.1|2.4.2|2.4.2|2.4.2|2.4.1|2.4.1|2.3.1|2.3.1|2.3.1|2.3.1|2.4.1|2.4.1|2.4.1|2.4.1|2.4.1|2.3.1|2.4.1|2.4.1|2.4.1|2.3.1|2.3.1|2.3.1|2.3.1|2.3.1|2.3.1|2.4.1|2.4.1|2.3.1|2.3.1|2.4.1|2.3.1|2.3.1|2.4.1|2.4.1|2.4.1,1214
3059.0,ME.3059,kegg,rn01051,,Biosynthesis of ansamycins,35384|35382|35398|35380|35396|35379|35404|35378|35407|35381|35397|35406|35394|35403|35402|35401|35400|35399|35393|35405|35389|35392|35390|35387|35395|35391|35385|35388|35386|35383,5.3.1.14|2.1.1.315|4.2.1.144|2.7.1.179|2.2.1.1|4.2.1.144|2.3.1|2.5.1,5.3.1|2.1.1|4.2.1|2.7.1|2.2.1|4.2.1|2.3.1|2.5.1,909
3060.0,ME.3060,kegg,rn01056,,Biosynthesis of type II polyketide backbone,36723|36729|36725|36721|36734|36727|36724|36731|36736|36732|36735|36720|36718|36733|36728|36730|36717|36719|36722|36726,2.3.1.260|2.3.1.235|2.3.1.235,2.3.1|2.3.1|2.3.1,1121
3061.0,ME.3061,kegg,rn00980,,Metabolism of xenobiotics by cytochrome P450,50802|50740|50741|50741|50742|50742|50822|50743|50743|50744|50819|50744|50745|50751|50751|50752|50752|50753|50820|50754|50761|50761|50761|50709|50762|50762|50762|50763|50763|50763|50764|50764|50765|50765|50767|50767|50767|50771|50786|50771|50772|50710|50772|50773|50773|50774|50774|50710|50778|50778|50779|50780|50780|50784|50784|50785|50788|50788|50791|50791|50798|50799|50800|50800|50801|50807|50808|50809|50735|50810|50811|50811|50812|50813|50814|50710|50815|50828|50829|50789|50776|50804|50794|50826|50730|50805|50770|50724|50750|50766|50769|50787|50738|50726|50746|50757|50711|50725|50734|50729|50775|50796|50795|50711|50797|50758|50816|50827|50783|50825|50818|50777|50728|50760|50806|50768|50823|50803|50737|50748|50711|50759|50792|50781|50712|50824|50731|50736|50782|50727|50756|50793|50747|50712|50712|50713|50821|50714|50714|50715|50749|50715|50716|50717|50717|50717|50718|50719|50817|50719|50720|50790|50720|50721|50721|50722|50755|50722|50723|50723|50732|50733|50739,1.14.14.1|2.5.1.18|5.3.99.2|2.5.1.18|5.3.99.2|2.5.1.18|5.3.99.2|2.5.1.18|5.3.99.2|3.3.2.9|2.5.1.18|5.3.99.2|2.5.1.18|5.3.99.2|3.3.2.9|3.3.2.9|1.14.14.51|1.14.14.1|1.14.13.32|1.2.1.83|1.14.14.51|1.14.14.1|1.14.13.32|1.14.14.51|1.14.14.1|1.14.13.32|2.5.1.18|5.3.99.2|2.5.1.18|5.3.99.2|1.14.14.51|1.14.14.1|1.14.13.32|2.5.1.18|5.3.99.2|2.5.1.18|1.3.1.20|5.3.99.2|2.5.1.18|5.3.99.2|2.5.1.18|5.3.99.2|1.1.1.209|1.14.14.1|1.14.13.25|1.14.14.1|2.5.1.18|5.3.99.2|1.1.1.284|1.1.1.1|2.4.1.17|2.5.1.18|5.3.99.2|2.5.1.18|5.3.99.2|1.14.14.1|1.14.14.1|2.5.1.18|5.3.99.2|3.3.2.9|1.14.14.1|3.3.2.9|1.14.14.1|1.14.14.1|1.14.14.1|1.14.13.32|1.14.14.1|1.14.14.1|2.4.1.17|1.1.1.50|2.4.1.17|1.14.14.1|3.3.2.9|2.8.2.2|2.8.2.14|2.8.2.1|1.3.1.20|1.1.1.146|1.1.1.184|3.3.2.9|1.14.14.1|1.14.13.32|1.14.14.1|1.14.13.32|1.14.14.1|1.14.14.51|1.14.14.1|1.14.13.32|1.2.1.5|1.14.14.1|1.14.13.32|1.14.14.1|1.14.13.32|2.5.1.18|5.3.99.2|2.5.1.18|5.3.99.2|2.5.1.18|5.3.99.2|3.3.2.9|3.3.2.9|1.14.14.1,1.14.14|2.5.1|5.3.99|2.5.1|5.3.99|2.5.1|5.3.99|2.5.1|5.3.99|3.3.2|2.5.1|5.3.99|2.5.1|5.3.99|3.3.2|3.3.2|1.14.14|1.14.14|1.14.13|1.2.1|1.14.14|1.14.14|1.14.13|1.14.14|1.14.14|1.14.13|2.5.1|5.3.99|2.5.1|5.3.99|1.14.14|1.14.14|1.14.13|2.5.1|5.3.99|2.5.1|1.3.1|5.3.99|2.5.1|5.3.99|2.5.1|5.3.99|1.1.1|1.14.14|1.14.13|1.14.14|2.5.1|5.3.99|1.1.1|1.1.1|2.4.1|2.5.1|5.3.99|2.5.1|5.3.99|1.14.14|1.14.14|2.5.1|5.3.99|3.3.2|1.14.14|3.3.2|1.14.14|1.14.14|1.14.14|1.14.13|1.14.14|1.14.14|2.4.1|1.1.1|2.4.1|1.14.14|3.3.2|2.8.2|2.8.2|2.8.2|1.3.1|1.1.1|1.1.1|3.3.2|1.14.14|1.14.13|1.14.14|1.14.13|1.14.14|1.14.14|1.14.14|1.14.13|1.2.1|1.14.14|1.14.13|1.14.14|1.14.13|2.5.1|5.3.99|2.5.1|5.3.99|2.5.1|5.3.99|3.3.2|3.3.2|1.14.14,3524
3062.0,ME.3062,kegg,rn01059,,Biosynthesis of enediyne antibiotics,31788|31769|31770|31771|31772|31773|31774|31775|31776|31777|31796|31780|31804|31779|31807|31798|31802|31784|31783|31790|31782|31778|31797|31785|31791|31805|31809|31801|31808|31806|31795|31781|31786|31787|31793|31794|31792|31800|31803|31810|31799|31789,2.3.1.165|1.3.8.16|2.1.1.303|6.2.1.43|1.14.15.31|2.3.1.237|2.6.1.86|5.4.3.6|1.14.14.15,2.3.1|1.3.8|2.1.1|6.2.1|1.14.15|2.3.1|2.6.1|5.4.3|1.14.14,293
3063.0,ME.3063,kegg,rn00905,,Brassinosteroid biosynthesis,51098|51100|51102|51090|51108|51101|51093|51111|51096|51109|51094|51091|51089|51088|51092|51105|51113|51114|51110|51115|51087|51104|51086|51085|51084|51083|51082|51081|51080|51107|51095|51079|51078|51099|51116|51112|51103|51106|51097,1.14.14.147|1.14.14.147|1.14.99|1.3.1|1.1.1.357|5.3.3.1|1.3.1|1.14.14.147|1.14.14.147|1.14.13|1.14.13|1.14.13|1.14.14.147|1.14.14.147,1.14.14|1.14.14|1.14.99|1.3.1|1.1.1|5.3.3|1.3.1|1.14.14|1.14.14|1.14.13|1.14.13|1.14.13|1.14.14|1.14.14,3528
3064.0,ME.3064,kegg,rn00785,,Lipoic acid metabolism,46672|46673|46674|46679|46676|46677|46680|46681|46682|46678|46684|46675|46671|46672|46672|46683|46672,2.3.1|2.8.1.8|2.8.1.8|2.3.1.181|6.3.1.20|6.3.1.20|6.3.1.20|6.3.1.20|2.8.3|6.3.1.20|2.3.1.38|2.3.1.85|2.8.3,2.3.1|2.8.1|2.8.1|2.3.1|6.3.1|6.3.1|6.3.1|6.3.1|2.8.3|6.3.1|2.3.1|2.3.1|2.8.3,2867
3065.0,ME.3065,kegg,rn00531,,Glycosaminoglycan degradation,44946,2.3.1.78,2.3.1,2580
3066.0,ME.3066,kegg,rn00232,,Caffeine metabolism,43344|43363|43339|43350|43339|43338|43351|43351|43338|43337|43336|43335|43334|43333|43352|43353|43353|43354|43355|43357|43359|43360|43364|43332|43331|43330|43329|43328|43327|43326|43325|43324|43356|43358|43361|43348|43347|43349|43346|43345|43362|43350|43343|43342|43341|43365|43340,1.17.5.2|1.14.13.128|1.14.13.128|1.14.13.179|1.14.13.128|1.13.12|1.14.13.128|1.14.13.179|1.17.3.2|1.17.3.2|1.14.13.212|1.14.13.179|1.14.13.179|1.14.13.128|1.17.1.4|1.17.3.2|1.14.13.179|1.14.13.178|2.3.1.5|1.14.14.1|1.14.14.1|1.7.3.3|1.14.13.178|1.14.13.178|1.14.13.178|1.14.13.178|1.14.13.128|1.14.13.128|2.1.1.160|2.1.1.160|2.1.1.159|1.14.13.179|1.14.13.179|1.17.3.2|1.14.13.178|1.14.13.178|1.13.12|2.1.1.158|3.2.2.25|1.14.13.178|1.14.13.179,1.17.5|1.14.13|1.14.13|1.14.13|1.14.13|1.13.12|1.14.13|1.14.13|1.17.3|1.17.3|1.14.13|1.14.13|1.14.13|1.14.13|1.17.1|1.17.3|1.14.13|1.14.13|2.3.1|1.14.14|1.14.14|1.7.3|1.14.13|1.14.13|1.14.13|1.14.13|1.14.13|1.14.13|2.1.1|2.1.1|2.1.1|1.14.13|1.14.13|1.17.3|1.14.13|1.14.13|1.13.12|2.1.1|3.2.2|1.14.13|1.14.13,2305
3067.0,ME.3067,kegg,rn00633,,Nitrotoluene degradation,48295|48313|48286|48303|48287|48296|48301|48317|48310|48289|48319|48302|48294|48306|48293|48287|48314|48318|48290|48297|48288|48322|48309|48321|48312|48305|48315|48311|48284|48298|48320|48291|48307|48299|48300|48292|48308|48316|48285|48304,1.14.13.210|1|2.3.1.5|1.13.11|1.7.1|1.14.12.24|1.14.13.210,1.14.13|1|2.3.1|1.13.11|1.7.1|1.14.12|1.14.13,3161
3068.0,ME.3068,kegg,rn00983,,Drug metabolism - other enzymes,33596|33638|33614|33637|33631|33608|33635|33622|33616|33615|33587|33588|33588|33589|33589|33590|33591|33591|33592|33592|33593|33593|33594|33595|33595|33595|33596|33596|33597|33597|33598|33599|33600|33601|33602|33603|33604|33604|33605|33606|33607|33609|33610|33612|33613|33617|33618|33619|33620|33624|33625|33626|33627|33629|33630|33632|33633|33634|33636|33628|33611|33623|33621,2.4.2.3|2.1.1.67|3.5.1|3.5.1.4|1.3.1.2|1.3.1.1|2.1.1.67|2.3.1.118|2.3.1.5|2.7.1.145|2.7.1.21|2.4.2.10|2.4.2.9|2.4.2.8|2.4.2.2|2.4.2.3|2.4.2.4|2.4.2.2|2.4.2.4|2.4.2.3|2.4.2.4|2.7.1.48|2.4.1.17|1.17.3.2|2.4.2.8|2.1.1.67|3.6.1.23|1.11.1.21|1.11.2.2|3.1.1.1|3.1.1.1|3.5.4.5|3.5.2.2|3.5.1.6|2.4.2.8|1.1.1.205|6.3.5.2|3.1.1.1|2.3.1.5|3.1.1.1|1.14.13.32|1.14.13.32|3.1.1.1|3.2.1.31|2.7.4.14|2.7.4.14|2.7.4.6|2.7.4.6|2.3.1.5|2.5.1.18,2.4.2|2.1.1|3.5.1|3.5.1|1.3.1|1.3.1|2.1.1|2.3.1|2.3.1|2.7.1|2.7.1|2.4.2|2.4.2|2.4.2|2.4.2|2.4.2|2.4.2|2.4.2|2.4.2|2.4.2|2.4.2|2.7.1|2.4.1|1.17.3|2.4.2|2.1.1|3.6.1|1.11.1|1.11.2|3.1.1|3.1.1|3.5.4|3.5.2|3.5.1|2.4.2|1.1.1|6.3.5|3.1.1|2.3.1|3.1.1|1.14.13|1.14.13|3.1.1|3.2.1|2.7.4|2.7.4|2.7.4|2.7.4|2.3.1|2.5.1,628
3069.0,ME.3069,kegg,rn00403,,Indole diterpene alkaloid biosynthesis,36476|36502|36498|36507|36494|36495|36500|36486|36475|36479|36480|36481|36482|36483|36484|36485|36493|36505|36490|36492|36503|36504|36496|36499|36508|36489|36509|36506|36477|36488|36487|36478|36474|36501|36491|36497,1.14.13|1.14.13|2.5.1|2.5.1|2.5.1|2.5.1|2.5.1|2.5.1|2.5.1,1.14.13|1.14.13|2.5.1|2.5.1|2.5.1|2.5.1|2.5.1|2.5.1|2.5.1,1096
3070.0,ME.3070,kegg,rn00571,,Lipoarabinomannan (LAM) biosynthesis,39186|39188|39187|39189|39190|39184|39185,2.3.1.265|2.4.1.346|2.3.1.265|2.4.1.345|2.4.1.346,2.3.1|2.4.1|2.3.1|2.4.1|2.4.1,1564
3071.0,ME.3071,kegg,rn00572,,Arabinogalactan biosynthesis - Mycobacterium,41966|41967,2.7.8.35|2.4.1.289,2.7.8|2.4.1,2060
3072.0,ME.3072,brenda,pw_cellulose-degradation,,cellulose degradation,42367|42369|42369|42368|42369|42370,3.2.1.21|3.2.1.4|3.2.1.91|3.2.1.91|3.2.1.176|3.2.1.74,3.2.1|3.2.1|3.2.1|3.2.1|3.2.1|3.2.1,2117
3073.0,ME.3073,brenda,pw_NAD-metabolism,,NAD metabolism,33053|33055|33056|33056|33057|33039|33040|33041|33041|33042|33043|33044|33045|33046|33047|33048|33049|33050|33051|33052|33054,6.3.1.5|3.1.3.108|2.4.2.30|2.4.2.31|1.4.1.21|6.3.5.1|3.2.2.5|3.2.2.6|3.2.2.14|3.5.1.42|3.6.1.22|7.1.1.1|6.3.4.21|2.4.2.19|2.7.1.22|2.7.1.23|2.7.7.1|2.7.7.18|2.5.1.72|3.6.1.22|3.1.3.5,6.3.1|3.1.3|2.4.2|2.4.2|1.4.1|6.3.5|3.2.2|3.2.2|3.2.2|3.5.1|3.6.1|7.1.1|6.3.4|2.4.2|2.7.1|2.7.1|2.7.7|2.7.7|2.5.1|3.6.1|3.1.3,531
3074.0,ME.3074,brenda,pw_degradation-of-sugar-alcohols,,degradation of sugar alcohols,38993|38993|38993|38993|39007|39008|39006|39005|39004|39003|39002|39001|39000|38999|38998|38997|38996|38995|38994|38993|38993,1.1.1.10|1.1.1.9|1.1.1.14|1.1.1.15|3.1.1.5|1.1.1.9|1.1.1.287|1.1.1.140|1.1.1|1.1.1.14|1.1.1.251|1.1.1.140|2.7.1.17|2.7.1.30|4.1.2.40|1.1.1.17|1.1.1.56|1.1.1.11|1.1.1.250|1.1.1.287,1.1.1|1.1.1|1.1.1|1.1.1|3.1.1|1.1.1|1.1.1|1.1.1|1.1.1|1.1.1|1.1.1|1.1.1|2.7.1|2.7.1|4.1.2|1.1.1|1.1.1|1.1.1|1.1.1|1.1.1,1524
3075.0,ME.3075,brenda,pw_tetrahydrofolate-metabolism,,tetrahydrofolate metabolism,47459|47449|47450|47451|47452|47453|47454|47455|47456|47457|47458|47460|47461|47462|47463|47464,1.5.1.20|6.3.2.12|1.5.1.3|2.5.1.15|6.3.4.20|4.1.2.50|4.3.99.3|1.5.1.50|5.1.99.7|3.5.1.10|3.5.4.16|4.1.3.38|2.6.1.85|1.5.1.3|3.5.1.10|6.3.3.2,1.5.1|6.3.2|1.5.1|2.5.1|6.3.4|4.1.2|4.3.99|1.5.1|5.1.99|3.5.1|3.5.4|4.1.3|2.6.1|1.5.1|3.5.1|6.3.3,3013
3077.0,ME.3077,brenda,pw_carnitine-metabolism,,carnitine metabolism,49410|49409|49406|49404|49405|49407|49403|49402|49401|49408,1.1.1.254|2.8.3.21|4.2.1.149|1.14.11.8|1.14.11.1|1.2.1.47|1.1.1.108,1.1.1|2.8.3|4.2.1|1.14.11|1.14.11|1.2.1|1.1.1,3345
3078.0,ME.3078,brenda,pw_pyrimidine-metabolism,,pyrimidine metabolism,39342|39343|39343|39344|39344|39345|39346|39346|39347|39347|39347|39348|39349|39350|39350|39351|39352|39353|39354|39355|39355|39356|39357|39358|39359|39360|39360|39361|39362|39363|39364|39365|39365|39365|39365|39366|39367|39368|39368|39369|39369|39370|39371|39371|39372|39372|39372|39372|39373|39374|39375|39376|39377|39379|39380|39381|39382|39383|39378|39336|39337|39338|39338|39338|39339|39339|39340|39341,2.1.3.2|2.4.2.2|2.4.2.4|2.7.1.145|2.7.1.21|2.7.4.16|2.7.4.22|2.7.4.14|2.7.4.9|2.7.4.13|2.7.4.12|3.5.4.30|6.3.4.2|3.6.1.9|3.6.1.65|3.5.2.2|1.3.1.2|1.17.4.1|1.17.4.1|2.7.1.145|2.7.1.21|2.7.4.6|2.7.4.6|2.7.4.6|2.7.4.6|2.7.4.14|2.7.4.25|3.5.1.6|2.7.4.6|3.5.4.1|3.5.4.5|3.2.2.1|3.2.2.7|3.2.2.3|3.2.2.8|2.1.1.45|2.4.2.10|2.4.2.3|2.4.2.2|2.4.2.3|2.4.2.2|2.6.1.40|3.1.3.91|3.1.3.5|3.2.2.1|3.2.2.7|3.2.2.3|3.2.2.8|2.7.1.48|2.7.1.48|1.1.98.6|1.1.98.6|3.2.2.3|3.2.2.3|1.3.1.14|2.1.1.45|1.3.1.2|3.5.2.3|2.1.1.45|3.5.4.13|3.5.4.5|3.6.1.9|3.6.1.65|3.6.1.12|3.6.1.9|3.6.1.23|4.1.1.23|3.5.4.12,2.1.3|2.4.2|2.4.2|2.7.1|2.7.1|2.7.4|2.7.4|2.7.4|2.7.4|2.7.4|2.7.4|3.5.4|6.3.4|3.6.1|3.6.1|3.5.2|1.3.1|1.17.4|1.17.4|2.7.1|2.7.1|2.7.4|2.7.4|2.7.4|2.7.4|2.7.4|2.7.4|3.5.1|2.7.4|3.5.4|3.5.4|3.2.2|3.2.2|3.2.2|3.2.2|2.1.1|2.4.2|2.4.2|2.4.2|2.4.2|2.4.2|2.6.1|3.1.3|3.1.3|3.2.2|3.2.2|3.2.2|3.2.2|2.7.1|2.7.1|1.1.98|1.1.98|3.2.2|3.2.2|1.3.1|2.1.1|1.3.1|3.5.2|2.1.1|3.5.4|3.5.4|3.6.1|3.6.1|3.6.1|3.6.1|3.6.1|4.1.1|3.5.4,1598
3079.0,ME.3079,brenda,pw_vitamin-B12-metabolism,,vitamin B12 metabolism,50542|50544|50545|50546|50547|50549|50550|50551|50548|50519|50520|50521|50522|50523|50524|50552|50525|50526|50527|50528|50529|50530|50531|50532|50533|50534|50535|50536|50537|50538|50539|50540|50541|50543,2.1.1.271|1.3.1.106|5.4.99.60|2.7.8.26|2.1.1.131|2.5.1.17|2.5.1.17|1.3.1.54|2.1.1.130|2.1.1.131|2.1.1.132|5.4.99.61|1.5.1.38|1.13.11.79|2.4.2.21|1.14.13.83|2.1.1.152|2.1.1.151|2.7.7.62|2.7.8.26|3.1.3.73|4.99.1.3|6.3.5.10|6.3.1.10|6.3.5.9|6.6.1.2|2.1.1.195|2.1.1.196|3.7.1.12|6.3.5.11|3.1.3.73|2.1.1.289,2.1.1|1.3.1|5.4.99|2.7.8|2.1.1|2.5.1|2.5.1|1.3.1|2.1.1|2.1.1|2.1.1|5.4.99|1.5.1|1.13.11|2.4.2|1.14.13|2.1.1|2.1.1|2.7.7|2.7.8|3.1.3|4.99.1|6.3.5|6.3.1|6.3.5|6.6.1|2.1.1|2.1.1|3.7.1|6.3.5|3.1.3|2.1.1,3522
3080.0,ME.3080,brenda,pw_non-pathway-related,,non-pathway related,48154|48129|48130|48131|48123|48132|48124|48133|48134|48134|48135|48128|48125|48136|48118|48137|48125|48126|48127|48138|48119|48139|48140|48141|48153|48153|48153|48153|48153|48153|48153|48121|48122|48142|48143|48144|48145|48120|48145|48145|48146|48148|48147|48147|48149|48150|48151|48152|48153,1.19.6.1|3.6.1.64|1.6.3.2|3.6.1.66|1.14.14.5|3.1.1.2|2.8.1.1|3.2.1.115|3.6.1.9|3.6.1.66|2.4.1.13|3.1.6.19|3.8.1.2|1.20.4.1|7.1.3.1|2.7.4.6|3.8.1.10|1.1.1.1|1.13.11.73|2.1.1.64|3.6.1.25|2.1.1.64|1.13.11.49|1.2.1.46|1.6.5.6|1.6.5.5|1.1.1.328|1.1.1.50|1.6.5.10|1.6.5.2|1.7.1.6|1.6.5.6|1.18.1.4|1.8.1.9|1.8.5.2|1.1.1.359|2.7.4.3|1.1.1.22|2.7.7.4|2.7.4.1|2.7.99.1|1.6.5.10|1.6.5.2|2.1.1.64|3.5.1.116|3.5.1.44|3.5.1.44|1.8.1.9,1.19.6|3.6.1|1.6.3|3.6.1|1.14.14|3.1.1|2.8.1|3.2.1|3.6.1|3.6.1|2.4.1|3.1.6|3.8.1|1.20.4|7.1.3|2.7.4|3.8.1|1.1.1|1.13.11|2.1.1|3.6.1|2.1.1|1.13.11|1.2.1|1.6.5|1.6.5|1.1.1|1.1.1|1.6.5|1.6.5|1.7.1|1.6.5|1.18.1|1.8.1|1.8.5|1.1.1|2.7.4|1.1.1|2.7.7|2.7.4|2.7.99|1.6.5|1.6.5|2.1.1|3.5.1|3.5.1|3.5.1|1.8.1,3143
3081.0,ME.3081,brenda,pw_isoleucine-metabolism,,isoleucine metabolism,45892|45893|45898|45894|45899|45895|45896|45896|45897,5.4.99.1|4.2.1.35|2.2.1.6|2.6.1.42|1.1.1.86|4.1.1.112|6.1.1.5|6.1.1.9|2.6.1,5.4.99|4.2.1|2.2.1|2.6.1|1.1.1|4.1.1|6.1.1|6.1.1|2.6.1,2733
3082.0,ME.3082,brenda,pw_oxidative-phosphorylation,,oxidative phosphorylation,39955|39954|39953|39952|39951|39950|39949|39948|39947|39945|39967|39944|39930|39944|39943|39930|39942|39941|39941|39940|39940|39939|39933|39998|39930|39931|40002|40003|39997|39938|39937|39936|39935|39932|39928|39966|39933|40004|39933|39934|39946|39930|40007|40006|40005|39929|40001|40000|39999|39996|39995|39994|39993|39992|39991|39990|39989|39988|39987|39986|39985|39984|39983|39982|39981|39980|39979|39979|39978|39977|39976|39975|39975|39974|39973|39972|39970|39930|39969|39971|39968|39965|39964|39963|39962|39962|39962|39961|39960|39959|39958|39957|39956,7.4.2.2|7.4.2.1|7.3.2.3|7.4.2.1|7.4.2.1|7.4.2.1|7.4.2|7.4.2.1|7.5.2.1|7.2.2.18|7.4.2.1|7.2.2.1|7.6.2.9|7.6.2.11|7.2.2.3|7.6.2.16|7.2.2.8|7.2.2.9|1.18.1.3|1.18.1.7|2.7.7.53|7.2.2.12|7.2.2.13|7.2.2.10|7.6.2.5|7.2.2.14|5.6.1.6|7.2.2.12|7.2.2.6|7.1.2.2|7.2.2.21|7.2.2.2|7.2.2.9|7.1.2.2|7.2.2.15|7.4.2.12|7.6.2.10|7.3.2.7|7.5.2.1|7.5.2.1|7.5.2.9|7.6.2.13|7.4.2.11|7.5.2.9|7.3.2.2|7.5.2.6|7.6.2.2|7.2.1.1|7.5.2|7.5.2|7.5.2|7.5.2|7.5.2|7.6.2.9|7.5.2.2|7.4.2.9|7.6.2.14|7.5.2.8|7.5.2.10|7.5.2.13|7.6.2.15|7.3.2.1|7.3.2.2|7.5.2.12|7.5.2.13|7.4.2.2|7.2.2.17|3.6.4.6|5.6.1.2|7.2.2.4|5.6.1.8|3.6.4.7|7.3.2.2|7.4.2.6|7.6.2.1|1.18.1.2|1.18.1.6|1.18.1.3|7.4.2.6|7.4.2.2|7.4.2.1|7.4.2.11|7.4.2.1|7.4.2,7.4.2|7.4.2|7.3.2|7.4.2|7.4.2|7.4.2|7.4.2|7.4.2|7.5.2|7.2.2|7.4.2|7.2.2|7.6.2|7.6.2|7.2.2|7.6.2|7.2.2|7.2.2|1.18.1|1.18.1|2.7.7|7.2.2|7.2.2|7.2.2|7.6.2|7.2.2|5.6.1|7.2.2|7.2.2|7.1.2|7.2.2|7.2.2|7.2.2|7.1.2|7.2.2|7.4.2|7.6.2|7.3.2|7.5.2|7.5.2|7.5.2|7.6.2|7.4.2|7.5.2|7.3.2|7.5.2|7.6.2|7.2.1|7.5.2|7.5.2|7.5.2|7.5.2|7.5.2|7.6.2|7.5.2|7.4.2|7.6.2|7.5.2|7.5.2|7.5.2|7.6.2|7.3.2|7.3.2|7.5.2|7.5.2|7.4.2|7.2.2|3.6.4|5.6.1|7.2.2|5.6.1|3.6.4|7.3.2|7.4.2|7.6.2|1.18.1|1.18.1|1.18.1|7.4.2|7.4.2|7.4.2|7.4.2|7.4.2|7.4.2,1704
3083.0,ME.3083,brenda,pw_ubiquinone-biosynthesis,,ubiquinone biosynthesis,44909|44908|44910|44911|44912|44913,2.1.1.222|2.5.1.90|2.1.1.64|4.1.3.40|4.1.1.98|2.1.1.163,2.1.1|2.5.1|2.1.1|4.1.3|4.1.1|2.1.1,2570
3084.0,ME.3084,brenda,pw_elloramycin-biosynthesis,,elloramycin biosynthesis,46597|46596|46598|46595|46594,2.4.1.331|2.1.1.306|1.14.13.200|2.1.1.305|1.13.12.21,2.4.1|2.1.1|1.14.13|2.1.1|1.13.12,2849
3085.0,ME.3085,brenda,pw_propionate-fermentation,,propionate fermentation,31953|31952|31955|31949|31951|31954|31957|31950|31956|31956|31948,4.2.1.99|4.2.1.79|7.2.4.3|2.1.3.1|1.3.5.4|4.1.3.30|1.3.5.4|1.3.5.1|5.4.99.2,4.2.1|4.2.1|7.2.4|2.1.3|1.3.5|4.1.3|1.3.5|1.3.5|5.4.99,329
3086.0,ME.3086,brenda,pw_carotenoid-biosynthesis,,carotenoid biosynthesis,34843|34844|34845|34846|34847|34834|34849|34850|34830|34848|34839|34832|34835|34840|34841|34835|34835|34836|34836|34836|34837|34833|34838|34831|34842,5.5.1.19|5.5.1.19|1.3.5.5|1.3.5.5|1.3.5.6|1.14.15.21|1.14.14.158|1.3.5.6|2.5.1.32|1.14.99|1.3.99.37|1.23.5.1|1.14.15.24|1.3.99.37|5.5.1.18|1.14.13|1.14|1.14.15.24|1.14.13|1.14|4.2.1.161|1.14.15.21|4.2.1.161|1.23.5.1|5.5.1.19,5.5.1|5.5.1|1.3.5|1.3.5|1.3.5|1.14.15|1.14.14|1.3.5|2.5.1|1.14.99|1.3.99|1.23.5|1.14.15|1.3.99|5.5.1|1.14.13|1.14|1.14.15|1.14.13|1.14|4.2.1|1.14.15|4.2.1|1.23.5|5.5.1,830
3087.0,ME.3087,brenda,pw_degradation-of-pentoses,,degradation of pentoses,45319|45319|45318|45317|45316|45315|45314|45313|45312|45319|45311|45310|45309|45308|45307|45306|45305|45304|45303|45319|45319|45320|45321|45321|45322|45322|45322|45323|45323|45323|45323|45323|45323|45323|45324|45325|45325|45325|45325|45326|45327|45328,5.3.1.6|5.3.1.5|1.1.1.77|4.1.2.17|5.1.3|3.1.3.18|5.4.99.62|4.2.1.141|2.7.1.47|5.3.1.15|2.7.1.53|4.2.1.5|4.2.1.25|1.2.1.21|4.1.2.18|4.2.1.43|1.2.1.26|3.1.1.30|3.1.1.15|5.3.1.20|5.3.1.14|5.3.1.3|5.3.1.5|5.3.1.4|1.1.1.116|1.1.1.117|1.1.1.122|1.1.1.113|1.1.1.117|1.1.1|1.1.1.120|1.3.1.20|1.1.1.116|1.1.1.122|2.7.1.15|1.1.1.376|1.1.1.179|1.1.1.120|1.1.1.46|2.7.1.16|5.3.1.4,5.3.1|5.3.1|1.1.1|4.1.2|5.1.3|3.1.3|5.4.99|4.2.1|2.7.1|5.3.1|2.7.1|4.2.1|4.2.1|1.2.1|4.1.2|4.2.1|1.2.1|3.1.1|3.1.1|5.3.1|5.3.1|5.3.1|5.3.1|5.3.1|1.1.1|1.1.1|1.1.1|1.1.1|1.1.1|1.1.1|1.1.1|1.3.1|1.1.1|1.1.1|2.7.1|1.1.1|1.1.1|1.1.1|1.1.1|2.7.1|5.3.1,2640
3088.0,ME.3088,brenda,pw_gluconeogenesis,,gluconeogenesis,41080|41081|41082|41083|41084|41085|41085|41086|41078|41079,1.1.1.39|1.1.1.40|4.1.1.49|4.1.3.16|2.7.9.2|4.1.3.16|4.1.3.42|4.1.1.49|4.1.1.112|4.1.1.32,1.1.1|1.1.1|4.1.1|4.1.3|2.7.9|4.1.3|4.1.3|4.1.1|4.1.1|4.1.1,1908
3089.0,ME.3089,brenda,pw_C4-and-CAM-carbon-fixation,,C4 and CAM-carbon fixation,33563|33565|33566|33567|33568|33569|33570|33564,1.1.1.39|1.1.1.299|4.1.1.49|2.6.1.1|2.7.1.40|2.7.9.1|4.1.1.49|1.1.1.40,1.1.1|1.1.1|4.1.1|2.6.1|2.7.1|2.7.9|4.1.1|1.1.1,626
3090.0,ME.3090,brenda,pw_androgen-and-estrogen-metabolism,,androgen and estrogen metabolism,47314|47308|47312|47309|47311|47310|47307|47306|47305|47304|47303|47302|47301|47316|47317|47313|47309|47309|47315,1.14.14.32|6.2.1.41|1.14.14.32|5.3.3.1|1.1.1.64|1.1.1.239|4.1.3.43|1.2.1.87|3.7.1.17|1.14.15.30|1.14.14.12|1.13.11.25|1.14.15.6|1.1.1.270|1.1.1.357|1.1.1.51|1.1.1.145|4.2.1.132,1.14.14|6.2.1|1.14.14|5.3.3|1.1.1|1.1.1|4.1.3|1.2.1|3.7.1|1.14.15|1.14.14|1.13.11|1.14.15|1.1.1|1.1.1|1.1.1|1.1.1|4.2.1,2987
3091.0,ME.3091,brenda,pw_chlorophyll-metabolism,,chlorophyll metabolism,44989|44994|44986|44993|44992|44991|44988|44990|44987|44982|44983|44984|44985,1.1.1.294|3.1.1.14|1.14.13.81|2.5.1.62|2.7.1.182|1.14.13.122|3.1.1.14|1.3.1.75|1.14.13.81|1.14.13.81|2.5.1.62|1.14.13.122|1.14.13.81,1.1.1|3.1.1|1.14.13|2.5.1|2.7.1|1.14.13|3.1.1|1.3.1|1.14.13|1.14.13|2.5.1|1.14.13|1.14.13,2588
3092.0,ME.3092,brenda,pw_CO2-fixation-in-Crenarchaeota,,CO2 fixation in Crenarchaeota,38104|38105|38110|38109|38108|38107|38106|38103|38102,1.2.1.75|1.3.1.84|1.1.1.35|6.4.1.2|4.2.1.150|4.2.1.120|1.1.1.298|6.4.1.3,1.2.1|1.3.1|1.1.1|6.4.1|4.2.1|4.2.1|1.1.1|6.4.1,1360
3093.0,ME.3093,brenda,pw_leucine-metabolism,,leucine metabolism,31902|31905|31891|31895|31896|31893|31892|31906|31904|31897|31898|31899|31894|31899|31900|31901|31902|31903,1.3.8.7|6.4.1.4|4.2.1.18|4.1.3.4|5.4.3.7|1.1.1.1|4.2.1.33|1.1.1.85|2.6.1.42|1.4.1.9|2.6.1.6|4.1.1.72|6.1.1.4|1.3.8.4|1.1.1.85,1.3.8|6.4.1|4.2.1|4.1.3|5.4.3|1.1.1|4.2.1|1.1.1|2.6.1|1.4.1|2.6.1|4.1.1|6.1.1|1.3.8|1.1.1,315
3094.0,ME.3094,brenda,pw_degradation-of-sugar-acids,,degradation of sugar acids,46583|46592|46567|46568|46569|46570|46573|46573|46574|46575|46575|46576|46577|46578|46579|46579|46580|46580|46581|46591|46590|46589|46589|46589|46589|46589|46588|46587|46586|46585|46584|46582|46571|46572,4.1.2.54|5.3.1.12|1.1.1|1.1.1.57|1.1.1.58|4.2.1.6|4.2.1.140|4.2.1.7|4.1.2.21|4.1.2.55|4.2.1.41|4.2.1.42|4.2.1.8|2.7.1.45|2.7.1.178|2.7.1.178|2.7.1.58|4.2.1.146|1.1.1.203|1.1.1.203|1.1.1.203|1.1.1.365|1.1.1|1.1.1.2|1.1.1.21|5.3.1.12|3.2.1.31|4.1.2.20|5.5.1.27|5.4.1.4|2.7.1.165|1.1.1.60|4.2.1.40,4.1.2|5.3.1|1.1.1|1.1.1|1.1.1|4.2.1|4.2.1|4.2.1|4.1.2|4.1.2|4.2.1|4.2.1|4.2.1|2.7.1|2.7.1|2.7.1|2.7.1|4.2.1|1.1.1|1.1.1|1.1.1|1.1.1|1.1.1|1.1.1|1.1.1|5.3.1|3.2.1|4.1.2|5.5.1|5.4.1|2.7.1|1.1.1|4.2.1,2847
3095.0,ME.3095,brenda,pw_ascorbate-metabolism,,ascorbate metabolism,31526|31525|31524|31528|31537|31528|31523|31538|31526|31522|31521|31520|31532|31527|31531|31530|31536|31529|31528|31540|31539|31535|31528|31528|31534|31533,1.1.1.316|1.3.2.3|3.1.1.17|1.1.1.2|1.1.1.21|2.7.7.69|1.1.1.122|4.1.1.85|1.1.1.19|1.1.1.130|3.1.1.17|3.1.3.93|1.3.2.3|2.7.1.53|3.1.1|1.1.1.203|1.1.1.2|2.7.7|1.3.2.3|1.1.1.365|1.1.1|2.4.1.17|2.7.1.194,1.1.1|1.3.2|3.1.1|1.1.1|1.1.1|2.7.7|1.1.1|4.1.1|1.1.1|1.1.1|3.1.1|3.1.3|1.3.2|2.7.1|3.1.1|1.1.1|1.1.1|2.7.7|1.3.2|1.1.1|1.1.1|2.4.1|2.7.1,246
3096.0,ME.3096,brenda,"pw_bile-acid-biosynthesis,-neutral-pathway",,"bile acid biosynthesis, neutral pathway",44328|44331|44330|44328|44327|44326|44325|44324|44323|44322|44321|44320|44319|44318|44317|44316|44329,1.14.14.139|1.1.1.357|1.14.14.23|1.14.18.8|1.1.1|1.14.15.15|1.14.14.23|1.1.1.213|1.1.1.213|1.3.1.3|1.3.1.3|1.14.15.15|1.14.15.15|4.2.1.107|1.1.1.181|3.5.1.24,1.14.14|1.1.1|1.14.14|1.14.18|1.1.1|1.14.15|1.14.14|1.1.1|1.1.1|1.3.1|1.3.1|1.14.15|1.14.15|4.2.1|1.1.1|3.5.1,2469
3097.0,ME.3097,brenda,pw_glutamate-and-glutamine-metabolism,,glutamate and glutamine metabolism,35669|35670|35658|35657|35656|35655|35654|35653|35652|35660|35661|35662|35662|35664|35665|35648|35649|35650|35666|35651|35663|35646|35646|35647|35652|35652|35659|35667|35667|35668|35669,6.1.1.17|1.1.1.290|4.3.1.1|2.6.1.15|2.6.1.19|6.3.5.7|4.2.1.34|1.4.7.1|1.4.1.4|4.3.1.2|2.6.1.96|3.5.1.3|3.5.1.111|4.2.1.167|1.1.1.399|1.2.1.24|4.1.3.22|1.4.1.13|6.3.1.2|1.4.1.14|3.5.1.38|3.5.1.2|1.2.1.79|1.4.1.13|1.4.1.3|7.2.4.5|2.8.3.1|2.8.3.8|6.1.1.24|6.1.1.24,6.1.1|1.1.1|4.3.1|2.6.1|2.6.1|6.3.5|4.2.1|1.4.7|1.4.1|4.3.1|2.6.1|3.5.1|3.5.1|4.2.1|1.1.1|1.2.1|4.1.3|1.4.1|6.3.1|1.4.1|3.5.1|3.5.1|1.2.1|1.4.1|1.4.1|7.2.4|2.8.3|2.8.3|6.1.1|6.1.1,961
3098.0,ME.3098,brenda,pw_daunorubicin-biosynthesis,,daunorubicin biosynthesis,44266|44271|44262|44270|44265|44267|44268|44269|44263|44264,1.14.13.181|1.14.13.181|2.4.1|2.1.1.292|1.14.13.181|2.1.1.292|2.1.1.292|1.14.13.181|1.14.13.180,1.14.13|1.14.13|2.4.1|2.1.1|1.14.13|2.1.1|2.1.1|1.14.13|1.14.13,2459
3099.0,ME.3099,brenda,pw_coenzyme-M-biosynthesis,,coenzyme M biosynthesis,35158|35153|35157|35156|35156|35155|35150|35154|35156|35151|35159|35152,1.8.98.1|4.1.1.79|2.6.1.1|1.1.1.337|1.1.1.375|1.1.1.375|2.8.4.1|2.5.1.76|1.1.1.37|3.1.3.71|1.12.98.3|4.4.1.19,1.8.98|4.1.1|2.6.1|1.1.1|1.1.1|1.1.1|2.8.4|2.5.1|1.1.1|3.1.3|1.12.98|4.4.1,886
3100.0,ME.3100,brenda,pw_ginsenoside-metabolism,,ginsenoside metabolism,33198|33211|33199|33200|33197|33198|33198|33198|33208|33210|33201|33196|33195|33209|33203|33204|33205|33205|33206|33207|33202,3.2.1.194|2.4.1.363|2.4.1.314|3.2.1.193|3.2.1.195|3.2.1.192|3.2.1.195|3.2.1.193|1.14.14.120|1.14.14.121|3.2.1.191|5.4.99.39|4.2.1.125|1.14.14.120|1.14.14.121|1.14.14.126|1.14.14.115|1.14.14.126|3.2.1.195|3.2.1.193,3.2.1|2.4.1|2.4.1|3.2.1|3.2.1|3.2.1|3.2.1|3.2.1|1.14.14|1.14.14|3.2.1|5.4.99|4.2.1|1.14.14|1.14.14|1.14.14|1.14.14|1.14.14|3.2.1|3.2.1,556
3101.0,ME.3101,brenda,pw_glycogen-metabolism,,glycogen metabolism,40723|40722|40719|40721|40721|40720|40720,3.2.1.3|2.4.1.1|2.7.7.27|2.7.1.1|2.7.1.2|3.2.1.10|3.2.1.3,3.2.1|2.4.1|2.7.7|2.7.1|2.7.1|3.2.1|3.2.1,1836
3102.0,ME.3102,brenda,pw_4-hydroxyphenylacetate-degradation,,4-hydroxyphenylacetate degradation,38476|38477|38478|38479|38480|38480|38481|38482|38473|38474|38475,1.13.11.15|4.1.1.83|4.1.2.52|4.1.1.68|1.14.14.9|1.14.12.9|4.1.1.68|5.3.3.10|1.2.1.60|1.14.14.9,1.13.11|4.1.1|4.1.2|4.1.1|1.14.14|1.14.12|4.1.1|5.3.3|1.2.1|1.14.14,1443
3103.0,ME.3103,brenda,pw_cholesterol-biosynthesis,,cholesterol biosynthesis,48809|48809|48809|48809|48810|48811|48815|48812|48813|48805|48806|48807|48808|48801|48802|48814|48803|48804,1.3.1.96|1.3.1.97|2.5.1.103|2.5.1.21|1.14.14.154|1.14.14.154|2.5.1.103|1.1.1.270|5.3.3.5|1.1.1.170|5.4.99.7|1.3.1.70|1.3.1.72|1.3.1.21,1.3.1|1.3.1|2.5.1|2.5.1|1.14.14|1.14.14|2.5.1|1.1.1|5.3.3|1.1.1|5.4.99|1.3.1|1.3.1|1.3.1,3251
3104.0,ME.3104,brenda,pw_O-antigen-biosynthesis,,O-antigen biosynthesis,32422|32423|32424|32425,2.4.1.309|2.4.1.306|2.4.1.308|2.4.1.122,2.4.1|2.4.1|2.4.1|2.4.1,428
3105.0,ME.3105,brenda,pw_lipid-A-biosynthesis,,lipid A biosynthesis,36174|36178|36174|36173|36174|36177|36174|36174|36176|36175|36180|36174|36174|36179|36174|36174|36174|36174,1.1.1.77|1.1.1.265|1.1.1|1.1.1|2.3.1.191|1.1.1.2|1.1.1.21|3.5.1.108|2.7.1.130|3.6.1.54|1.1.1.202|1.1.1.112|2.3.1.191|1.1.1.307|1.1.1.78|1.1.1.406|1.1.1.6,1.1.1|1.1.1|1.1.1|1.1.1|2.3.1|1.1.1|1.1.1|3.5.1|2.7.1|3.6.1|1.1.1|1.1.1|2.3.1|1.1.1|1.1.1|1.1.1|1.1.1,1050
3106.0,ME.3106,brenda,pw_lipid-metabolism,,lipid metabolism,32930|32931|32932|32933|32934|32935|32936|32936|32936|32936|32937|32938|32938|32938|32939|32940|32940|32941|32942|32942|32942|32942|32942|32943|32944|32944|32950|32953|32927|32951|32954|32954|32954|32954|32952|32949|32948|32947|32946|32946|32921|32922|32945|32922|32922|32922|32922|32923|32924|32925|32926|32928|32929,1.3.1.101|2.7.8.38|1.1.1.100|3.1.1.79|3.1.1.4|2.7.8.39|3.1.1.3|3.1.1.34|3.1.1.13|3.1.1.79|3.1.4.14|1.1.1.35|1.1.1.211|1.1.1.36|2.1.1.79|2.7.8.7|2.7.8|5.3.3.14|4.2.1.59|2.3.1.85|4.2.1|2.3.1.86|2.3.1|1.3.7.11|3.1.1.34|3.1.1.79|4.2.1.119|4.2.1.74|4.2.1.17|4.2.1.134|2.5.1.41|2.7.7.67|2.7.8.7|3.1.4.14|3.1.1.79|3.1.1.23|1.1.1.94|1.1.1.21|4.2.1.17|1.1.1.2|1.3.1.20|1.1.1.177|1.1.1.149|4.2.1.17|2.5.1.41|2.5.1.42|2.7.7.67|4.2.1.119|2.7.8.38,1.3.1|2.7.8|1.1.1|3.1.1|3.1.1|2.7.8|3.1.1|3.1.1|3.1.1|3.1.1|3.1.4|1.1.1|1.1.1|1.1.1|2.1.1|2.7.8|2.7.8|5.3.3|4.2.1|2.3.1|4.2.1|2.3.1|2.3.1|1.3.7|3.1.1|3.1.1|4.2.1|4.2.1|4.2.1|4.2.1|2.5.1|2.7.7|2.7.8|3.1.4|3.1.1|3.1.1|1.1.1|1.1.1|4.2.1|1.1.1|1.3.1|1.1.1|1.1.1|4.2.1|2.5.1|2.5.1|2.7.7|4.2.1|2.7.8,520
3107.0,ME.3107,brenda,pw_alanine-metabolism,,alanine metabolism,45133|45143|45134|45144|45142|45127|45126|45125|45129|45135|45139|45140|45141|45128|45145|45146|45147|45148|45132|45131|45136|45148|45148|45148|45149|45150|45151|45130|45137|45138,4.2.1.54|2.6.1.42|1.4.1.2|2.8.3.1|4.1.1.11|3.5.2.2|3.5.1.6|1.1.1.28|2.6.1.18|2.8.3.1|4.2.1.116|1.3.1.95|4.1.1.12|1.2.1.8|1.3.1.2|2.6.1.21|6.1.1.6|1.4.1.1|1.2.1.19|2.6.1.41|6.1.1.20|6.1.1.15|6.1.1.7|1.3.8.1|1.4.1.23|1.3.1.2|1.1.1.59|2.6.1.2|2.6.1.66,4.2.1|2.6.1|1.4.1|2.8.3|4.1.1|3.5.2|3.5.1|1.1.1|2.6.1|2.8.3|4.2.1|1.3.1|4.1.1|1.2.1|1.3.1|2.6.1|6.1.1|1.4.1|1.2.1|2.6.1|6.1.1|6.1.1|6.1.1|1.3.8|1.4.1|1.3.1|1.1.1|2.6.1|2.6.1,2615
3108.0,ME.3108,brenda,pw_gallate-degradation,,gallate degradation,35118|35117|35116|35114|35115|35116,3.1.1.57|5.3.3.10|4.2.1.80|4.1.3.17|1.13.11|4.2.1.83,3.1.1|5.3.3|4.2.1|4.1.3|1.13.11|4.2.1,877
3109.0,ME.3109,brenda,pw_phenylpropanoid-biosynthesis,,phenylpropanoid biosynthesis,46356|46368|46366|46365|46364|46363|46362|46361|46360|46359|46358|46357|46357|46356|46367,4.3.1.24|1.14.14.92|1.14.14.91|1.14.14|2.1.1.68|1.1.1.195|1.14.14.91|1.1.1.318|1.1.1.195|1.1.1.319|2.1.1.104|1.1.1.194|1.1.1.195|4.3.1.25,4.3.1|1.14.14|1.14.14|1.14.14|2.1.1|1.1.1|1.14.14|1.1.1|1.1.1|1.1.1|2.1.1|1.1.1|1.1.1|4.3.1,2805
3110.0,ME.3110,brenda,pw_adipate-degradation,,adipate degradation,47722|47723,1.1.1.35,1.1.1,3063
3111.0,ME.3111,brenda,pw_sphingosine-metabolism,,sphingosine metabolism,50062|50058|50059|50057|50061|50060|50061,4.3.2|2.7.1.91|3.5.1.23|1.3.1.27|3.1.3|2.7.1.91|3.1.3.4,4.3.2|2.7.1|3.5.1|1.3.1|3.1.3|2.7.1|3.1.3,3455
3112.0,ME.3112,brenda,pw_3-phenylpropionate-degradation,,3-phenylpropionate degradation,47032|47033|47034|47034|47034|47034|47035|47036|47024|47037|47025|47026|47027|47028|47029|47030|47031,3.7.1|1.14.13.58|4.1.3.17|4.1.3.39|4.1.2.52|4.1.3.43|3.7.1.14|1.14.13.24|1.13.11.4|1.13.11.16|4.2.1.80|1.14.12.19|4.1.3.39|1.3.1.87|1.14.13.127|3.1.1.91,3.7.1|1.14.13|4.1.3|4.1.3|4.1.2|4.1.3|3.7.1|1.14.13|1.13.11|1.13.11|4.2.1|1.14.12|4.1.3|1.3.1|1.14.13|3.1.1,2937
3114.0,ME.3114,brenda,pw_citric-acid-cycle,,citric acid cycle,34386|34375|34375|34375|34375|34375|34375|34375|34375|34375|34375|34375|34375|34376|34377|34378|34379|34380|34381|34381|34382|34383|34384|34385|34386|34387,1.3.1.6|1.1.1.337|1.1.1.27|1.1.1.85|1.1.1.299|1.1.1.375|1.1.1.38|1.1.1.81|1.1.1.28|1.1.1.37|1.1.1.96|1.1.1.95|1.1.1.82|1.1.1.42|1.1.1.299|4.1.3.1|4.1.3.34|4.2.1.2|4.2.1.3|4.2.1.117|2.8.3.10|2.8.3.18|4.2.1.3|2.8.3.5|1.3.5.1|1.3.5.1,1.3.1|1.1.1|1.1.1|1.1.1|1.1.1|1.1.1|1.1.1|1.1.1|1.1.1|1.1.1|1.1.1|1.1.1|1.1.1|1.1.1|1.1.1|4.1.3|4.1.3|4.2.1|4.2.1|4.2.1|2.8.3|2.8.3|4.2.1|2.8.3|1.3.5|1.3.5,745
3115.0,ME.3115,brenda,pw_lysine-metabolism,,lysine metabolism,34020|34022|34023|34024|34024|34025|34026|34027|34028|34029|34030|34031|34058|34055|34060|34053|34054|34059|34018|34019|34021|34056|34052|34051|34050|34049|34048|34048|34047|34046|34045|34044|34043|34042|34042|34042|34041|34041|34040|34039|34038|34037|34036|34035|34034|34057|34033|34032,5.4.3.2|5.4.3.3|4.1.1.20|1.2.1.88|1.2.1.20|1.2.1.31|4.3.3.7|1.17.1.8|1.4.1.16|1.4.1.18|1.5.1.1|1.5.1.8|6.3.2.43|1.17.1.8|1.2.1.103|4.3.3.7|3.5.1.30|3.5.1.47|3.5.1.18|3.5.99|1.1.1|6.1.1.6|6.3.2.43|1.2.1.31|1.4.1.18|2.6.1|3.5.1|1.2.1.31|4.1.1.18|2.3.1.247|4.2.1.114|4.2.1|4.2.1.36|1.1.1.286|1.1.1.87|2.6.1.48|2.6.1.39|2.6.1.36|2.6.1.17|4.2.1.36|1.13.12.2|1.5.1.10|1.5.1.7|1.5.1.9,5.4.3|5.4.3|4.1.1|1.2.1|1.2.1|1.2.1|4.3.3|1.17.1|1.4.1|1.4.1|1.5.1|1.5.1|6.3.2|1.17.1|1.2.1|4.3.3|3.5.1|3.5.1|3.5.1|3.5.99|1.1.1|6.1.1|6.3.2|1.2.1|1.4.1|2.6.1|3.5.1|1.2.1|4.1.1|2.3.1|4.2.1|4.2.1|4.2.1|1.1.1|1.1.1|2.6.1|2.6.1|2.6.1|2.6.1|4.2.1|1.13.12|1.5.1|1.5.1|1.5.1,698
3116.0,ME.3116,brenda,pw_molybdenum-cofactor-biosynthesis,,molybdenum cofactor biosynthesis,47336|47337|47338|47339|47342|47339|47340|47341|47335,2.7.7.76|2.7.7.75|2.7.7.77|4.6.1.17|2.8.1.9|4.1.99.22|2.7.7.80|2.8.1.12|2.10.1.1,2.7.7|2.7.7|2.7.7|4.6.1|2.8.1|4.1.99|2.7.7|2.8.1|2.10.1,2993
3117.0,ME.3117,brenda,pw_peptidoglycan-biosynthesis,,peptidoglycan biosynthesis,33545|33538|33539|33540|33541|33542|33543|33544|33537|33546|33547|33548,2.7.8.13|6.3.2.7|6.3.2.8|6.3.2.9|3.6.1.27|1.3.1.98|2.4.1.227|2.5.1.7|6.3.2.13|6.3.2.4|3.4.13.22|6.3.2.10,2.7.8|6.3.2|6.3.2|6.3.2|3.6.1|1.3.1|2.4.1|2.5.1|6.3.2|6.3.2|3.4.13|6.3.2,622
3118.0,ME.3118,brenda,pw_hydrogen-production,,hydrogen production,36931|36931|36931|36931|36930,1.12.1.2|1.12.7.2|1.12.99.6|1.12.1.5|1.12.1.5,1.12.1|1.12.7|1.12.99|1.12.1|1.12.1,1159
3119.0,ME.3119,brenda,pw_sulfate-reduction,,sulfate reduction,49984|49983|49982|49989|49988|49987|49986|49985,2.3.3.15|1.8.1.2|1.8.4.9|1.8.4.8|1.8.1.18|2.7.7.5|2.7.7.4|2.7.1.25,2.3.3|1.8.1|1.8.4|1.8.4|1.8.1|2.7.7|2.7.7|2.7.1,3450
3120.0,ME.3120,brenda,pw_d-mannose-degradation,,d-mannose degradation,36939|36939|36938|36938|36938|36937|36937|36936|36935|36934|36933|36932|36939|36939|36939|36939|36940,2.7.1.4|2.7.1.60|5.4.2.8|5.4.2.2|5.4.2.10|5.3.1.9|5.3.1.8|3.6.1|2.6.1.102|2.7.7.22|2.7.7.13|4.2.1.47|2.7.1.2|2.7.1.1|2.7.1.55|2.7.1.7|3.2.1.24,2.7.1|2.7.1|5.4.2|5.4.2|5.4.2|5.3.1|5.3.1|3.6.1|2.6.1|2.7.7|2.7.7|4.2.1|2.7.1|2.7.1|2.7.1|2.7.1|3.2.1,1160
3121.0,ME.3121,brenda,pw_propanol-degradation,,propanol degradation,31407|31409|31408|31407|31407|31407|31407|31407|31407|31407|31407|31407|31407|31407|31407|31407|31407|31407|31407|31407|31407|31407|31407|31407|31407|31406|31405|31404|31403,1.2.1.47|1.1.1.2|2.8.3.9|1.2.1.21|1.2.1.22|1.2.1.8|1.2.1.32|1.2.1.88|1.2.1.31|1.2.1.48|1.17.1.4|1.2.1.24|1.2.1.4|1.2.1.39|1.2.1.69|1.2.1.5|1.2.1.28|1.2.1.19|1.2.1.99|1.2.1.65|1.2.1.3|1.2.1.46|1.2.1.36|1.2.1.26|1.2.1.85|1.1.1.1|2.8.3.1|6.4.1.6|1.1.1.80,1.2.1|1.1.1|2.8.3|1.2.1|1.2.1|1.2.1|1.2.1|1.2.1|1.2.1|1.2.1|1.17.1|1.2.1|1.2.1|1.2.1|1.2.1|1.2.1|1.2.1|1.2.1|1.2.1|1.2.1|1.2.1|1.2.1|1.2.1|1.2.1|1.2.1|1.1.1|2.8.3|6.4.1|1.1.1,231
3122.0,ME.3122,brenda,pw_arachidonic-acid-metabolism,,arachidonic acid metabolism,48471|48457|48459|48460|48456|48461|48462|48463|48464|48465|48455|48465|48465|48465|48454|48466|48466|48467|48468|48458|48469|48469|48470|48471|48471,1.1.1.189|1.13.11.33|5.3.99.3|5.3.99.4|1.13.11.31|5.3.99.2|1.13.11.40|4.4.1.20|3.4.19.14|1.1.1.62|1.1.1.189|1.3.1.20|1.1.1.188|1.1.1.239|1.1.1.232|3.3.2.9|3.3.2.10|1.11.1.9|3.3.2.7|3.3.2.7|1.11.1.9|5.3.99.3|3.4.13.19|1.1.1.231|1.1.1.196,1.1.1|1.13.11|5.3.99|5.3.99|1.13.11|5.3.99|1.13.11|4.4.1|3.4.19|1.1.1|1.1.1|1.3.1|1.1.1|1.1.1|1.1.1|3.3.2|3.3.2|1.11.1|3.3.2|3.3.2|1.11.1|5.3.99|3.4.13|1.1.1|1.1.1,3187
3123.0,ME.3123,brenda,pw_L-lactaldehyde-degradation,,L-lactaldehyde degradation,49492|49490|49491,1.2.1|1.2.1.22|1.1.1.77,1.2.1|1.2.1|1.1.1,3363
3124.0,ME.3124,brenda,pw_d-xylose-degradation,,d-xylose degradation,32439|32439|32443|32437|32438|32438|32438|32438|32439|32439|32439|32439|32439|32439|32439|32444|32442|32441|32440|32440|32440|32440,1.1.1.121|1.1.1.122|3.2.1.177|5.3.1.5|5.3.1.26|5.3.1.4|5.3.1.3|1.1.1.47|1.1.1.424|1.1.1.376|1.1.1.18|1.1.1.175|1.1.1.359|1.1.1.179|5.3.1.5|1.1.1.359|3.1.1.110|1.1.1.359|1.1.1.179|1.1.1.376|1.1.1.47,1.1.1|1.1.1|3.2.1|5.3.1|5.3.1|5.3.1|5.3.1|1.1.1|1.1.1|1.1.1|1.1.1|1.1.1|1.1.1|1.1.1|5.3.1|1.1.1|3.1.1|1.1.1|1.1.1|1.1.1|1.1.1,431
3125.0,ME.3125,brenda,pw_biotin-biosynthesis,,biotin biosynthesis,33157|33158|33159|33160|33161,6.3.3.3|2.6.1.62|2.3.1.47|2.3.1.47|2.8.1.6,6.3.3|2.6.1|2.3.1|2.3.1|2.8.1,547
3126.0,ME.3126,brenda,pw_glycine-metabolism,,glycine metabolism,38227|38230|38232|38233|38234|38234|38234|38235|38236|38228|38238|38229|38231|38237,2.1.1.2|2.6.1.4|1.4.2.1|2.1.2.1|2.1.2.10|1.4.4.2|1.8.1.4|1.4.1.27|1.4.2.1|2.1.4.1|1.13.12.15|2.6.1.45|2.6.1.44|2.1.2.1,2.1.1|2.6.1|1.4.2|2.1.2|2.1.2|1.4.4|1.8.1|1.4.1|1.4.2|2.1.4|1.13.12|2.6.1|2.6.1|2.1.2,1389
3127.0,ME.3127,brenda,pw_starch-degradation,,starch degradation,39166|39169|39170|39167|39170|39168|39165,3.2.1.20|2.4.1.25|3.2.1.41|3.2.1.141|3.2.1.1|2.4.1.25|3.2.1.28,3.2.1|2.4.1|3.2.1|3.2.1|3.2.1|2.4.1|3.2.1,1558
3128.0,ME.3128,brenda,pw_metabolism-of-disaccharids,,metabolism of disaccharids,39037|39036|39035|39035|39034|39033|39032|39031|39030|39029|39028|39039|39038|39037,2.7.1.1|3.2.1.85|3.2.1.26|3.2.1.122|5.3.1.26|2.7.1.4|2.4.1.7|5.4.99.15|4.1.2.40|5.4.99.16|3.1.3.12|2.4.1.15|2.7.1.4,2.7.1|3.2.1|3.2.1|3.2.1|5.3.1|2.7.1|2.4.1|5.4.99|4.1.2|5.4.99|3.1.3|2.4.1|2.7.1,1530
3129.0,ME.3129,brenda,pw_proline-metabolism,,proline metabolism,36340|36340|36344|36343|36345|36342|36334|36334|36335|36336|36342|36342|36341|36337|36338|36341|36339,1.2.1.3|1.2.1.88|1.5.5.2|1.5|3.5.1.6|3.5.1.20|1.2.1.41|1.5.1.21|1.5.5.2|1.5.8|6.1.1.17|1.5.1.2|2.6.1.8|6.1.1.15|2.7.2.11,1.2.1|1.2.1|1.5.5|1.5|3.5.1|3.5.1|1.2.1|1.5.1|1.5.5|1.5.8|6.1.1|1.5.1|2.6.1|6.1.1|2.7.2,1078
3130.0,ME.3130,brenda,pw_metabolism-of-amino-sugars-and-derivatives,,metabolism of amino sugars and derivatives,43424|43421|43423|43422,3.5.99.6|3.5.1.25|2.7.7.43|1.1.1.336,3.5.99|3.5.1|2.7.7|1.1.1,2320
3131.0,ME.3131,brenda,pw_selenocysteine-biosynthesis,,selenocysteine biosynthesis,42081|42082|42080|42083,2.9.1.1|2.1.1.280|2.7.9.3|6.1.1.11,2.9.1|2.1.1|2.7.9|6.1.1,2079
3132.0,ME.3132,brenda,pw_arachidonate-biosynthesis,,arachidonate biosynthesis,37643|37643|37643|37642|37641|37641|37641|37641|37640|37645|37649|37649|37649|37648|37647|37646|37644,3.1.2.14|3.1.2.21|2.3.1.85|1.14.14.129|3.1.2.20|3.1.2.14|3.1.2.21|3.1.2.2|1.14.19.2|1.14.14.129|3.1.2.14|3.1.2.21|2.3.1.85|3.1.2.14|3.1.2.14|3.1.2.14|3.1.2.14,3.1.2|3.1.2|2.3.1|1.14.14|3.1.2|3.1.2|3.1.2|3.1.2|1.14.19|1.14.14|3.1.2|3.1.2|2.3.1|3.1.2|3.1.2|3.1.2|3.1.2,1280
3133.0,ME.3133,brenda,pw_phenylmercury-acetate-degradation,,phenylmercury acetate degradation,35139|35140,1.16.1.1|4.99.1.2,1.16.1|4.99.1,883
3134.0,ME.3134,brenda,"pw_degradation-of-aromatic,-nitrogen-containing-compounds",,"degradation of aromatic, nitrogen containing compounds",39756|39763|39764|39755|39754|39762|39753|39761|39760|39759|39758|39757,3.8.1.8|4.2.1.84|4.2.1.84|3.5.1.19|3.5.4.43|4.2.1|3.1.3.41|4.2.1.84|3.5.5.7|3.5.1.4|3.5.4.42|3.1.8.1,3.8.1|4.2.1|4.2.1|3.5.1|3.5.4|4.2.1|3.1.3|4.2.1|3.5.5|3.5.1|3.5.4|3.1.8,1673
3135.0,ME.3135,brenda,pw_lipoate-biosynthesis,,lipoate biosynthesis,39655|39655|39654|39653|39652|39651,6.2.1.20|6.2.1.47|2.8.1.8|6.2.1.47|6.3.1.20|6.3.1.20,6.2.1|6.2.1|2.8.1|6.2.1|6.3.1|6.3.1,1649
3136.0,ME.3136,brenda,pw_phenol-degradation,,phenol degradation,44203|44198|44187|44188|44189|44190|44191|44192|44193|44194|44195|44196|44197|44197|44199|44200|44201|44202|44202|44202|44202|44203|44203|44203|44203|44204|44206|44205|44207|44208,3.1.3.26|5.3.3.4|5.5.1.1|4.1.1.61|1.13.11.1|1.14.13.7|1.13.11.2|4.2.1.80|4.1.3.39|5.3.2.6|1.2.1.85|6.4.1|4.1.1.61|3.7.1.9|1.1.7.1|1.14.13.1|4.1.3.17|4.1.3.39|4.1.2.52|4.1.3.43|3.1.3.1|3.1.3.48|3.1.3.8|3.1.3.2|3.7.1.9|4.1.1.77|5.3.2.6|4.1.1.77,3.1.3|5.3.3|5.5.1|4.1.1|1.13.11|1.14.13|1.13.11|4.2.1|4.1.3|5.3.2|1.2.1|6.4.1|4.1.1|3.7.1|1.1.7|1.14.13|4.1.3|4.1.3|4.1.2|4.1.3|3.1.3|3.1.3|3.1.3|3.1.3|3.7.1|4.1.1|5.3.2|4.1.1,2450
3137.0,ME.3137,brenda,pw_acetoin-degradation,,acetoin degradation,45763|45762|45761,4.1.1.5|1.1.1.303|1.1.1.4,4.1.1|1.1.1|1.1.1,2709
3138.0,ME.3138,brenda,pw_vitamin-B6-metabolism,,vitamin B6 metabolism,42332|42336|42340|42335|42334|42333|42338|42339|42337|42342|42341,1.1.1.262|2.6.1.52|4.3.3.6|2.6.99.2|1.2.1.72|1.1.1.290|2.7.1.35|2.7.1.35|2.7.1.35|1.1.1.262|1.1.1.262,1.1.1|2.6.1|4.3.3|2.6.99|1.2.1|1.1.1|2.7.1|2.7.1|2.7.1|1.1.1|1.1.1,2111
3139.0,ME.3139,brenda,pw_quinate-degradation,,quinate degradation,42608|42609,4.2.1.118|1.1.5.8,4.2.1|1.1.5,2154
3140.0,ME.3140,brenda,pw_histidine-metabolism,,histidine metabolism,50205|50203|50202|50201|50200|50199|50212|50213|50210|50209|50208|50207|50207|50206|50204|50211|50183|50184|50185|50186|50187|50187|50188|50189|50190|50191|50192|50193|50194|50195|50196|50197|50198,1.1.1.23|1.1.1.23|4.3.2.10|2.7.6.1|2.6.1.38|2.4.2.17|2.1.2.5|1.2.1.3|6.1.1.21|2.1.2.5|3.5.1.8|3.5.1.15|3.5.1.68|2.6.1.58|3.1.3.15|3.5.2.7|5.3.1.16|3.5.3.13|3.5.3.5|3.5.3.13|3.5.4.9|3.6.1.31|3.5.3.8|4.1.1.22|1.1.1.111|4.3.1.3|4.3.1.4|1.14.13.5|4.2.1.19|4.2.1.49|2.6.1.9,1.1.1|1.1.1|4.3.2|2.7.6|2.6.1|2.4.2|2.1.2|1.2.1|6.1.1|2.1.2|3.5.1|3.5.1|3.5.1|2.6.1|3.1.3|3.5.2|5.3.1|3.5.3|3.5.3|3.5.3|3.5.4|3.6.1|3.5.3|4.1.1|1.1.1|4.3.1|4.3.1|1.14.13|4.2.1|4.2.1|2.6.1,3479
3141.0,ME.3141,brenda,pw_ketogluconate-metabolism,,ketogluconate metabolism,31715|31709|31714|31713|31712|31711|31710|31716,1.1.1|1.1.1.264|1.1.1|1.1.1.346|2.7.1.12|1.1.1.274|1.1.1.366|1.1.99.3,1.1.1|1.1.1|1.1.1|1.1.1|2.7.1|1.1.1|1.1.1|1.1.99,281
3142.0,ME.3142,brenda,pw_valine-metabolism,,valine metabolism,42897|42898|42899|42893|42892|42891|42894|42895|42895|42896,6.1.1.9|1.1.1.86|1.3.8.5|2.6.1.42|1.1.1.1|2.2.1.6|4.1.1.72|1.1.1.31|1.1.1.59|4.2.1.9,6.1.1|1.1.1|1.3.8|2.6.1|1.1.1|2.2.1|4.1.1|1.1.1|1.1.1|4.2.1,2220
3143.0,ME.3143,brenda,pw_resorcinol-degradation,,resorcinol degradation,47881|47882,1.3.1.32|1.13.11.37,1.3.1|1.13.11,3100
3144.0,ME.3144,brenda,pw_butanoate-fermentation,,butanoate fermentation,30770|30768|30770|30768|30769,2.8.3.1|2.7.2.14|2.8.3.8|2.7.2.7|1.1.1.36,2.8.3|2.7.2|2.8.3|2.7.2|1.1.1,108
3145.0,ME.3145,brenda,pw_urea-cycle,,urea cycle,47138|47139|47140|47140|47129|47130|47131|47133|47132|47134|47135|47136|47136|47136|47137,1.14.13.196|6.3.4.6|6.3.4.16|6.3.5.5|6.3.4.5|3.5.3.1|3.5.1.5|5.4.3.5|3.5.1.54|4.3.2.1|1.4.1.12|3.5.3.12|2.1.3.6|2.1.3.3|2.7.2.2,1.14.13|6.3.4|6.3.4|6.3.5|6.3.4|3.5.3|3.5.1|5.4.3|3.5.1|4.3.2|1.4.1|3.5.3|2.1.3|2.1.3|2.7.2,2960
3146.0,ME.3146,brenda,pw_glutathione-metabolism,,glutathione metabolism,45539|45540|45541|45542|45543|45543|45544|45545|45545|45546|45547|45548|45535|45536|45537|45538,1.8.1.7|4.3.2.9|6.3.1.9|3.4.19.13|6.3.1.8|6.3.1.9|3.4.13.18|2.5.1.18|2.5.1.75|2.3.2.2|1.11.1.15|6.3.2.2|6.3.2.2|6.3.2.3|3.5.2.9|1.8.1.13,1.8.1|4.3.2|6.3.1|3.4.19|6.3.1|6.3.1|3.4.13|2.5.1|2.5.1|2.3.2|1.11.1|6.3.2|6.3.2|6.3.2|3.5.2|1.8.1,2672
3147.0,ME.3147,brenda,pw_serine-metabolism,,serine metabolism,47677|47678|47679|47680|47681|47682|47676,1.1.1|1.1.1.95|2.6.1.51|2.6.1.52|3.1.3.3|4.3.1.18|3.1.3.38,1.1.1|1.1.1|2.6.1|2.6.1|3.1.3|4.3.1|3.1.3,3055
3148.0,ME.3148,brenda,pw_methylglyoxal-degradation,,methylglyoxal degradation,49066|49067|49070|49069|49068,4.2.1.130|4.4.1.5|1.1.2.4|1.1.2.4|3.1.2.6,4.2.1|4.4.1|1.1.2|1.1.2|3.1.2,3285
3149.0,ME.3149,brenda,pw_glycolysis,,glycolysis,46507|46508|46492|46500|46499|46498|46497|46496|46495|46494|46493|46501|46505|46506|46504|46503|46502|46502,1.2.7.6|5.4.2.9|1.2.1.12|2.7.1.146|2.7.1.147|4.1.2.13|4.2.1.11|1.2.1.90|5.3.1.9|5.3.1.1|3.1.3.11|2.7.1.11|2.7.1.90|2.7.2.3|2.7.1.40|2.7.1.29|2.7.1.1|2.7.1.2,1.2.7|5.4.2|1.2.1|2.7.1|2.7.1|4.1.2|4.2.1|1.2.1|5.3.1|5.3.1|3.1.3|2.7.1|2.7.1|2.7.2|2.7.1|2.7.1|2.7.1|2.7.1,2836
3150.0,ME.3150,brenda,pw_IAA-biosynthesis,,IAA biosynthesis,41744|41743|41745,3.5.1.4|1.13.12.3|4.2.1.84,3.5.1|1.13.12|4.2.1,2015
3151.0,ME.3151,brenda,pw_mevalonate-metabolism,,mevalonate metabolism,30613|30608|30607|30609|30610|30611|30612,2.7.4.2|4.1.1.33|5.3.3.2|2.7.4.26|2.5.1.112|2.7.1.185|2.7.1.186,2.7.4|4.1.1|5.3.3|2.7.4|2.5.1|2.7.1|2.7.1,78
3152.0,ME.3152,brenda,pw_ppGpp-biosynthesis,,ppGpp biosynthesis,30691|30690|30689|30688,2.7.6.5|2.7.6.5|3.6.1.40|3.1.7.2,2.7.6|2.7.6|3.6.1|3.1.7,91
3153.0,ME.3153,brenda,pw_arginine-metabolism,,arginine metabolism,30899|30916|30900|30901|30902|30903|30904|30905|30906|30907|30908|30909|30910|30911|30898|30893|30894|30895|30896|30892|30897|30912|30913|30914|30914|30915,4.3.1.12|3.5.3.7|4.3.2.1|1.2.1.38|1.13.12.1|2.3.1.35|2.7.2.8|2.6.1.11|3.5.3.23|2.1.3.9|2.6.1.84|3.5.1.16|1.14.11.41|2.6.1|4.1.1.75|3.5.1.16|3.5.3.1|3.5.3.6|3.5.3.7|6.3.5.5|1.2.1.54|1.2.1.71|3.5.1.96|6.1.1.6|6.1.1.19|3.5.1.4,4.3.1|3.5.3|4.3.2|1.2.1|1.13.12|2.3.1|2.7.2|2.6.1|3.5.3|2.1.3|2.6.1|3.5.1|1.14.11|2.6.1|4.1.1|3.5.1|3.5.3|3.5.3|3.5.3|6.3.5|1.2.1|1.2.1|3.5.1|6.1.1|6.1.1|3.5.1,134
3154.0,ME.3154,brenda,pw_cysteine-metabolism,,cysteine metabolism,33145|33152|33150|33151|33154|33153|33152|33140|33141|33142|33143|33144|33156|33146|33147|33148|33149|33155,4.2.1.22|4.4.1.1|2.5.1.65|4.4.1.25|2.6.1|2.5.1.49|4.4.1.28|4.4.1.1|4.4.1.10|1.8.4.4|1.13.11.20|1.8.1.6|3.13.1|6.1.1.16|2.5.1.47|2.6.1.3|2.8.1.2|4.4.1.15,4.2.1|4.4.1|2.5.1|4.4.1|2.6.1|2.5.1|4.4.1|4.4.1|4.4.1|1.8.4|1.13.11|1.8.1|3.13.1|6.1.1|2.5.1|2.6.1|2.8.1|4.4.1,546
3155.0,ME.3155,brenda,pw_dolichyl-diphosphooligosaccharide-biosynthesis,,dolichyl-diphosphooligosaccharide biosynthesis,45101|45102|45100|45104|45103,2.4.1.83|2.4.1.142|2.4.1.117|2.7.8.15|2.4.1.141,2.4.1|2.4.1|2.4.1|2.7.8|2.4.1,2610
3156.0,ME.3156,brenda,pw_catecholamine-biosynthesis,,catecholamine biosynthesis,41200|41201|41202|41203|41204,4.1.1.28|1.14.16.2|2.1.1.28|1.14.17.1|1.14.17.1,4.1.1|1.14.16|2.1.1|1.14.17|1.14.17,1935
3157.0,ME.3157,brenda,pw_isoprenoid-biosynthesis,,isoprenoid biosynthesis,41332|41331|41330|41329|41328|41327|41326|41325|41324|41323|41322|41321|41320|41319|41318|41317|41316|41316|41315|41314|41313|41312|41311|41310|41335|41334|41334|41334|41333,4.2.3.146|4.2.3.145|1.1.1.347|2.7.1.216|3.1.7.11|2.5.1.91|2.5.1.89|2.5.1.85|2.5.1.84|2.5.1.82|1.3.1.83|2.5.1.81|1.17.7.1|2.5.1|2.5.1.1|2.5.1.10|2.5.1.148|2.5.1.32|2.5.1.30|2.2.1.7|2.7.7.60|2.7.1.148|1.1.1.267|4.6.1.12|2.5.1.87|2.5.1.84|2.5.1.85|2.5.1.10,4.2.3|4.2.3|1.1.1|2.7.1|3.1.7|2.5.1|2.5.1|2.5.1|2.5.1|2.5.1|1.3.1|2.5.1|1.17.7|2.5.1|2.5.1|2.5.1|2.5.1|2.5.1|2.5.1|2.2.1|2.7.7|2.7.1|1.1.1|4.6.1|2.5.1|2.5.1|2.5.1|2.5.1,1951
3158.0,ME.3158,brenda,pw_methionine-metabolism,,methionine metabolism,49032|49031|49030|49029|49046|49035|49045|49044|49021|49021|49022|49023|49024|49025|49026|49028|49027|49043|49042|49034|49041|49041|49040|49039|49038|49037|49020|49036|49033,2.7.1.100|2.5.1.43|2.5.1.6|2.5.1.48|1.1.1.1|4.2.1.109|2.1.1.13|2.1.1.37|3.2.2.9|3.2.2.16|3.2.2.9|5.3.1.23|4.4.1.11|4.4.1.13|6.1.1.10|2.1.1.14|2.1.1.5|1.13.11.54|1.8.4.14|3.1.3.87|2.1.1.14|2.1.1.13|2.5.1.48|2.6.1.28|2.1.1.10|4.1.1.1|3.3.1.1|3.13.1.8|5.3.2.5,2.7.1|2.5.1|2.5.1|2.5.1|1.1.1|4.2.1|2.1.1|2.1.1|3.2.2|3.2.2|3.2.2|5.3.1|4.4.1|4.4.1|6.1.1|2.1.1|2.1.1|1.13.11|1.8.4|3.1.3|2.1.1|2.1.1|2.5.1|2.6.1|2.1.1|4.1.1|3.3.1|3.13.1|5.3.2,3281
3159.0,ME.3159,brenda,pw_tyrosine-metabolism,,tyrosine metabolism,42544|42537|42537|42538|42539|42540|42541|42542|42543|42544|42544|42544|42545|42546|42547|42548|42549,2.6.1.5|4.1.1.25|4.1.1.28|1.2.3.13|3.7.1.2|4.1.99.2|1.13.11.27|1.13.11.5|4.1.1.80|2.6.1.57|2.6.1.1|2.6.1.27|1.3.1.78|2.6.1.58|1.3.1.12|6.1.1.1|2.6.1.79,2.6.1|4.1.1|4.1.1|1.2.3|3.7.1|4.1.99|1.13.11|1.13.11|4.1.1|2.6.1|2.6.1|2.6.1|1.3.1|2.6.1|1.3.1|6.1.1|2.6.1,2144
3160.0,ME.3160,brenda,pw_phenylalanine-metabolism,,phenylalanine metabolism,40979|40980|40981|40981|40978|40981|40982|40983|40984|40985|40978|40977|40976|40975|40974|40973,1.1.1.1|4.2.1.96|2.6.1.57|2.6.1.1|5.4.3.11|2.6.1.27|5.4.99.5|4.2.1.51|2.6.1.79|6.1.1.20|5.4.3.10|4.2.1.91|2.6.1.58|1.2.1.39|4.1.1.43|5.1.1.11,1.1.1|4.2.1|2.6.1|2.6.1|5.4.3|2.6.1|5.4.99|4.2.1|2.6.1|6.1.1|5.4.3|4.2.1|2.6.1|1.2.1|4.1.1|5.1.1,1891
3161.0,ME.3161,brenda,pw_glycogen-biosynthesis,,glycogen biosynthesis,38846|38845|38846|38846|38846|38846|38846,5.4.2.3|2.4.1.186|5.4.2.10|5.4.2.5|5.4.2.2|5.4.2.6|5.4.2.8,5.4.2|2.4.1|5.4.2|5.4.2|5.4.2|5.4.2|5.4.2,1507
3162.0,ME.3162,brenda,pw_palmitate-biosynthesis,,palmitate biosynthesis,37912|37931|37930|37929|37928|37928|37927|37927|37926|37926|37925|37925|37924|37924|37923|37922|37922|37922|37921|37921|37921|37920|37920|37920|37919|37919|37919|37919|37918|37917|37916|37915|37915|37915|37915|37915|37914|37914|37914|37914|37914|37913|37913|37913|37913|37913|37912|37912|37912|37912|37911|37911|37910|37910|37910|37910|37910|37909|37909|37908|37907|37906|37905,2.3.1|1.3.1.9|1.3.1.9|4.2.1.59|2.3.1.179|2.3.1.41|2.3.1.179|2.3.1.41|2.3.1.179|2.3.1.41|2.3.1.179|2.3.1.41|2.3.1.179|2.3.1.41|3.1.2.21|2.3.1.86|2.3.1.85|1.1.1.100|2.3.1.86|2.3.1.85|1.1.1.100|2.3.1.86|2.3.1.85|1.1.1.100|2.3.1.41|2.3.1.86|2.3.1.85|2.3.1.179|1.1.1.100|1.1.1.100|1.1.1.100|2.3.1|2.3.1.41|2.3.1.86|2.3.1.85|2.3.1.179|2.3.1|2.3.1.41|2.3.1.86|2.3.1.85|2.3.1.179|2.3.1|2.3.1.41|2.3.1.86|2.3.1.85|2.3.1.179|2.3.1.41|2.3.1.86|2.3.1.85|2.3.1.179|1.3.1.9|2.3.1|2.3.1|2.3.1.86|4.2.1|2.3.1.85|4.2.1.59|3.1.2.14|3.1.2.21|1.3.1.9|1.3.1.9|1.1.1.100|4.2.1.59,2.3.1|1.3.1|1.3.1|4.2.1|2.3.1|2.3.1|2.3.1|2.3.1|2.3.1|2.3.1|2.3.1|2.3.1|2.3.1|2.3.1|3.1.2|2.3.1|2.3.1|1.1.1|2.3.1|2.3.1|1.1.1|2.3.1|2.3.1|1.1.1|2.3.1|2.3.1|2.3.1|2.3.1|1.1.1|1.1.1|1.1.1|2.3.1|2.3.1|2.3.1|2.3.1|2.3.1|2.3.1|2.3.1|2.3.1|2.3.1|2.3.1|2.3.1|2.3.1|2.3.1|2.3.1|2.3.1|2.3.1|2.3.1|2.3.1|2.3.1|1.3.1|2.3.1|2.3.1|2.3.1|4.2.1|2.3.1|4.2.1|3.1.2|3.1.2|1.3.1|1.3.1|1.1.1|4.2.1,1323
3163.0,ME.3163,brenda,pw_photosynthesis,,photosynthesis,47159|47151|47157|47155|47147|47151|47156|47158|47152|47153|47150|47149|47151|47154|47148,4.1.1.31|1.18.1.2|4.1.2.13|2.7.1.19|1.2.1.59|1.18.1.6|1.18.1.6|2.2.1.1|1.1.1.40|4.1.1.39|5.3.1.6|3.1.3.11|1.18.1.3|4.1.2.13|3.1.3.37,4.1.1|1.18.1|4.1.2|2.7.1|1.2.1|1.18.1|1.18.1|2.2.1|1.1.1|4.1.1|5.3.1|3.1.3|1.18.1|4.1.2|3.1.3,2962
3164.0,ME.3164,brenda,pw_vitamin-E-metabolism,,vitamin E metabolism,49948|49949|49951|49950,5.5.1.24|5.5.1.24|2.1.1.95|2.1.1.295,5.5.1|5.5.1|2.1.1|2.1.1,3445
3165.0,ME.3165,brenda,pw_phosphatidylethanolamine-bioynthesis,,phosphatidylethanolamine bioynthesis,37809|37812|37814|37815|37811|37813|37810|37816|37817|37818|37819|37820|37821,4.1.1.65|2.1.1.71|2.7.1.82|2.7.7.14|2.1.1.17|2.7.1.32|2.7.8.24|2.7.7.15|2.7.8.8|2.7.8.2|2.7.8.1|2.1.1.71|4.1.1,4.1.1|2.1.1|2.7.1|2.7.7|2.1.1|2.7.1|2.7.8|2.7.7|2.7.8|2.7.8|2.7.8|2.1.1|4.1.1,1315
3166.0,ME.3166,brenda,pw_nitrate-assimilation,,nitrate assimilation,45454|45451|45454|45455|45458|45453|45452|45457|45456|45454|45455,1.7.2.2|1.7.7.1|1.7.99.1|1.9.6.1|1.7.2|1.7.7.2|1.18.6.2|1.9.6.1|1.7.2.6|1.7.2.6|1.7.5.1,1.7.2|1.7.7|1.7.99|1.9.6|1.7.2|1.7.7|1.18.6|1.9.6|1.7.2|1.7.2|1.7.5,2653
3167.0,ME.3167,brenda,pw_3-chlorocatechol-degradation,,3-chlorocatechol degradation,38763|38759|38761|38760|38762,5.5.1|3.1.1.45|5.5.1.7|5.5.1.7,5.5.1|3.1.1|5.5.1|5.5.1,1489
3168.0,ME.3168,brenda,pw_acetate-fermentation,,acetate fermentation,33473|33475|33474|33473|33476|33475|33475,2.7.2.1|3.1.3.2|1.2.1.4|2.7.2.15|1.2.5.1|7.6.2.1|3.6.1.7,2.7.2|3.1.3|1.2.1|2.7.2|1.2.5|7.6.2|3.6.1,609
3169.0,ME.3169,brenda,pw_enterobactin-biosynthesis,,enterobactin biosynthesis,41389|41387|41388,3.3.2.1|6.3.2.14|5.4.4.2,3.3.2|6.3.2|5.4.4,1955
3170.0,ME.3170,brenda,pw_tryptophan-metabolism,,tryptophan metabolism,41345|41366|41341|41360|41342|41343|41351|41359|41344|41345|41358|41340|41348|41346|41358|41357|41347|41356|41352|41351|41372|41371|41370|41367|41369|41368|41365|41336|41337|41337|41337|41364|41337|41363|41350|41353|41362|41354|41355|41361|41349|41338|41339|41349,1.13.11.11|4.1.1.48|3.5.1.9|4.1.1.74|1.14.13.9|2.6.1.1|3.7.1.3|1.2.1.32|1.13.11.52|4.1.1.28|4.1.1.45|4.2.1.55|1.13.99.3|4.1.1.105|3.5.99.11|1.13.11.6|2.6.1.99|2.6.1.28|2.6.1.27|1.2.1.5|1.1.1|1.1.1.1|1.3.8.6|1.1.1|4.1.1.77|1.1.1.110|1.1.1.190|1.1.1.21|1.1.1|4.1.99.1|1.1.1.1|4.2.1.122|2.4.2.18|7.2.4.5|4.1.2.8|5.3.1.24|1.14.14.8|4.1.3.27|2.6.1.75|1.1.1|3.7.1.3|2.6.1.7,1.13.11|4.1.1|3.5.1|4.1.1|1.14.13|2.6.1|3.7.1|1.2.1|1.13.11|4.1.1|4.1.1|4.2.1|1.13.99|4.1.1|3.5.99|1.13.11|2.6.1|2.6.1|2.6.1|1.2.1|1.1.1|1.1.1|1.3.8|1.1.1|4.1.1|1.1.1|1.1.1|1.1.1|1.1.1|4.1.99|1.1.1|4.2.1|2.4.2|7.2.4|4.1.2|5.3.1|1.14.14|4.1.3|2.6.1|1.1.1|3.7.1|2.6.1,1952
3171.0,ME.3171,brenda,pw_aspartate-and-asparagine-metabolism,,aspartate and asparagine metabolism,35048|35050|35052|35049|35055|35054|35053|35049|35053|35051,6.3.5.4|6.3.1.1|3.1.1.29|3.5.1.38|2.6.1.14|6.1.1.23|6.1.1.23|3.5.1.1|6.1.1.12|3.5.1.3,6.3.5|6.3.1|3.1.1|3.5.1|2.6.1|6.1.1|6.1.1|3.5.1|6.1.1|3.5.1,868
3172.0,ME.3172,brenda,pw_octane-oxidation,,octane oxidation,41628|41629|41629|41629|41630,1.14.15.3|1.18.1.3|1.18.1.1|1.18.1.4|1.2.1.3,1.14.15|1.18.1|1.18.1|1.18.1|1.2.1,1993
3173.0,ME.3173,brenda,pw_4-hydroxymandelate-degradation,,4-hydroxymandelate degradation,38225|38224|38222|38223|38221|38220|38219|38218,4.1.1.7|1.2.1.67|1.13.11.3|2.8.3.6|1.14.13.2|4.1.1.44|5.5.1.5|3.1.1.24,4.1.1|1.2.1|1.13.11|2.8.3|1.14.13|4.1.1|5.5.1|3.1.1,1387
3174.0,ME.3174,brenda,pw_ethanol-fermentation,,ethanol fermentation,40488|40485|40485|40485|40485|40485|40485|40485|40485|40485|40485|40485|40485|40485|40485|40485|40485|40485|40485|40485|40485|40485|40486|40487|40488|40488|40488|40488|40488|40488|40488|40488|40488|40488|40488|40488|40488|40488|40488|40488|40488|40488|40488|40488,1.1.1.14|1.1.1.71|1.1.1.6|1.1.1.77|1.1.1.244|1.1.1.73|1.1.1.307|1.1.1.21|1.1.1.11|1.1.1.80|1.1.1.1|1.1.1.192|1.1.1.284|1.1.1.245|1.1.1.17|1.1.1.202|1.1.1.14|1.1.1.2|1.1.1.306|1.1.1.184|1.1.1.78|1.1.1.103|1.1.1.1|4.1.1.1|1.1.1.71|1.1.1.6|1.1.1.77|1.1.1.244|1.1.1.73|1.1.1.307|1.1.1.21|1.1.1.11|1.1.1.80|1.1.1.1|1.1.1.192|1.1.1.284|1.1.1.245|1.1.1.17|1.1.1.202|1.1.1.2|1.1.1.306|1.1.1.184|1.1.1.78|1.1.1.103,1.1.1|1.1.1|1.1.1|1.1.1|1.1.1|1.1.1|1.1.1|1.1.1|1.1.1|1.1.1|1.1.1|1.1.1|1.1.1|1.1.1|1.1.1|1.1.1|1.1.1|1.1.1|1.1.1|1.1.1|1.1.1|1.1.1|1.1.1|4.1.1|1.1.1|1.1.1|1.1.1|1.1.1|1.1.1|1.1.1|1.1.1|1.1.1|1.1.1|1.1.1|1.1.1|1.1.1|1.1.1|1.1.1|1.1.1|1.1.1|1.1.1|1.1.1|1.1.1|1.1.1,1787
3175.0,ME.3175,brenda,pw_threonine-metabolism,,threonine metabolism,41890|41889|41889|41888|41887|41886|41886|41885|41884|41890|41891|41883|41882|41890|41890|41881|41889|41889|41889,2.7.2.15|2.1.2.1|4.1.2.42|2.7.2.4|2.7.1.39|4.1.2.48|4.1.2.5|1.2.1.11|2.6.1.76|2.7.2.7|6.1.1.3|1.1.1.3|4.3.1.19|2.7.2.1|2.7.2.14|4.2.3.1|4.1.2.26|4.1.2.48|4.1.2.5,2.7.2|2.1.2|4.1.2|2.7.2|2.7.1|4.1.2|4.1.2|1.2.1|2.6.1|2.7.2|6.1.1|1.1.1|4.3.1|2.7.2|2.7.2|4.2.3|4.1.2|4.1.2|4.1.2,2044
3176.0,ME.3176,brenda,pw_diterpene-phytoalexins-precursors-biosynthesis,,diterpene phytoalexins precursors biosynthesis,44371|44372|44373|44376|44380|44367|44366|44365|44364|44368|44369|44370|44379|44378|44377|44363|44375|44374,1.14.14.76|1.14.14.70|1.14.14.122|4.2.3.33|4.2.3.30|4.2.3.29|4.2.3.28|4.2.3.34|4.2.3.35|4.2.3.103|1.14.14.123|1.14.14.122|1.14.14.70|5.5.1.14|1.14.14.76|1.14.14.123,1.14.14|1.14.14|1.14.14|4.2.3|4.2.3|4.2.3|4.2.3|4.2.3|4.2.3|4.2.3|1.14.14|1.14.14|1.14.14|5.5.1|1.14.14|1.14.14,2481
3177.0,ME.3177,brenda,pw_flavin-biosynthesis,,flavin biosynthesis,45479|45478|45480|45474|45473|45486|45485|45484|45483|45472|45482|45481|45481|45481|45481|45481|45481|45481|45475|45476|45477,1.1.1.302|2.7.1.161|2.5.1.78|1.5.1.41|1.1.1.193|3.5.4.26|3.5.1.102|4.1.99.12|3.5.4.25|3.5.4.26|3.1.3.104|1.18.1.2|1.5.1.41|1.5.1.36|1.5.1.45|1.5.1.30|1.5.1.38|1.14.13.7|3.5.4.29|2.7.1.26|2.7.7.2,1.1.1|2.7.1|2.5.1|1.5.1|1.1.1|3.5.4|3.5.1|4.1.99|3.5.4|3.5.4|3.1.3|1.18.1|1.5.1|1.5.1|1.5.1|1.5.1|1.5.1|1.14.13|3.5.4|2.7.1|2.7.7,2658
3178.0,ME.3178,brenda,pw_vitamin-B1-metabolism,,vitamin B1 metabolism,47515|47522|47523|47525|47521|47520|47527|47519|47519|47519|47518|47517|47513|47514|47516|47526|47524,2.7.1.50|2.5.1.3|3.1.3.100|4.1.99.17|3.5.99.2|2.7.7.73|2.8.1.7|2.7.4.12|2.7.4.13|2.7.4.9|2.7.4.7|2.7.6.2|2.5.1.3|2.7.1.49|2.7.4.16|2.8.1.7,2.7.1|2.5.1|3.1.3|4.1.99|3.5.99|2.7.7|2.8.1|2.7.4|2.7.4|2.7.4|2.7.4|2.7.6|2.5.1|2.7.1|2.7.4|2.8.1,3023
3179.0,ME.3179,brenda,pw_alginate-biosynthesis,,alginate biosynthesis,43306|43307|43305,2.4.1.33|2.4.1.33|1.1.1.132,2.4.1|2.4.1|1.1.1,2298
3180.0,ME.3180,brenda,pw_dTDPLrhamnose-biosynthesis,,dTDPLrhamnose biosynthesis,46759|46756|46758|46757|46754|46755,4.2.1.159|2.7.7.24|1.1.1.384|1.1.1.364|1.1.1.133|4.2.1.46,4.2.1|2.7.7|1.1.1|1.1.1|1.1.1|4.2.1,2880
3181.0,ME.3181,brenda,pw_methanofuran-biosynthesis,,methanofuran biosynthesis,30632|30635|30634|30633|30631|30636,4.2.3.153|2.5.1.131|2.7.4.31|2.6.1.108|6.3.4.24,4.2.3|2.5.1|2.7.4|2.6.1|6.3.4,81
3182.0,ME.3182,brenda,pw_CMP-KDO-biosynthesis,,CMP-KDO biosynthesis,33765|33766|33764|33766|33763,2.6.1.109|2.5.1.54|2.7.7.38|2.5.1.55|5.3.1.13,2.6.1|2.5.1|2.7.7|2.5.1|5.3.1,644
3183.0,ME.3183,brenda,pw_bacilysin-biosynthesis,,bacilysin biosynthesis,45973|45975|45976|45974|45972,5.3.3.19|2.6.1|4.1.1.100|6.3.2.49,5.3.3|2.6.1|4.1.1|6.3.2,2747
3184.0,ME.3184,brenda,pw_heme-metabolism,,heme metabolism,30882|30883|30880|30879|30869|30870|30871|30873|30874|30875|30876|30872|30877|30878|30881,4.1.1.111|1.3.5.3|1.2.1.70|4.99.1.4|4.1.1.37|4.99.1.1|1.3.1.24|4.2.1.75|1.3.1.76|1.3.98.3|2.1.1.107|2.1.1.107|4.2.1.24|2.5.1.61|1.3.5.3,4.1.1|1.3.5|1.2.1|4.99.1|4.1.1|4.99.1|1.3.1|4.2.1|1.3.1|1.3.98|2.1.1|2.1.1|4.2.1|2.5.1|1.3.5,130
3185.0,ME.3185,brenda,pw_6-hydroxymethyl-dihydropterin-diphosphate-biosynthesis,,6-hydroxymethyl-dihydropterin diphosphate biosynthesis,45584|45585|45586|45590|45587|45588|45589|45583,2.7.6.3|3.1.4.56|3.1.4.56|3.6.1|3.6.1.67|3.5.4.39|3.6.1|4.1.2.25,2.7.6|3.1.4|3.1.4|3.6.1|3.6.1|3.5.4|3.6.1|4.1.2,2681
3186.0,ME.3186,brenda,pw_cardiolipin-biosynthesis,,cardiolipin biosynthesis,40844|40842|40841|40838|40839|40840|40843,2.7.8.41|2.7.8.41|2.7.8.41|2.7.8.5|3.1.3.27|2.7.8|3.1.3.27,2.7.8|2.7.8|2.7.8|2.7.8|3.1.3|2.7.8|3.1.3,1863
3187.0,ME.3187,brenda,pw_polyamine-pathway,,polyamine pathway,32698|32683|32684|32685|32686|32687|32688|32689|32690|32691|32692|32693|32694|32695|32696|32697|32703|32699|32700|32701|32702|32705|32704,4.1.1.96|3.5.1.53|3.5.3.12|3.5.3.11|4.1.1.17|4.1.1.19|4.1.1.50|2.5.1.22|2.5.1.23|2.5.1.16|6.3.1.11|4.1.1.86|3.5.1.94|1.2.1.99|1.5.1.43|4.1.1.96|2.5.1.127|1.5.1.43|2.5.1.104|3.5.3.24|2.5.1.126|2.5.1.128|2.5.1.128,4.1.1|3.5.1|3.5.3|3.5.3|4.1.1|4.1.1|4.1.1|2.5.1|2.5.1|2.5.1|6.3.1|4.1.1|3.5.1|1.2.1|1.5.1|4.1.1|2.5.1|1.5.1|2.5.1|3.5.3|2.5.1|2.5.1|2.5.1,484
3188.0,ME.3188,brenda,pw_methanogenesis-from-CO2,,methanogenesis from CO2,47430|47432|47429|47428|47427|47426|47420|47425|47424|47431|47423|47422|47421|47430,1.17.1.9|1.1.98.4|4.2.1.147|1.5.1.47|6.3.2.33|2.1.1.86|1.5.98.1|2.3.1.101|1.12.98.1|1.1.98.4|1.12.98.2|1.5.98.2|3.5.4.27|1.17.98.3,1.17.1|1.1.98|4.2.1|1.5.1|6.3.2|2.1.1|1.5.98|2.3.1|1.12.98|1.1.98|1.12.98|1.5.98|3.5.4|1.17.98,3009
3189.0,ME.3189,brenda,pw_Entner-Doudoroff-pathway,,Entner Doudoroff pathway,48895|48895|48900|48899|48894|48891|48893|48899|48892|48892|48892|48899|48899|48892|48899|48892|48899|48892|48898|48897|48897|48896|48896,4.1.2.55|4.1.2.14|1.2.1.3|1.2.1.5|4.2.1.12|3.1.1.17|1.1.1.47|1.2.1.4|1.1.1.179|1.1.1.118|1.1.1.121|1.2.1.89|1.2.1.8|1.1.1.370|1.2.1.19|1.1.1.119|1.2.1.26|1.1.1.47|4.1.2.51|2.7.1.178|2.7.1.45|4.2.1.140|4.2.1.39,4.1.2|4.1.2|1.2.1|1.2.1|4.2.1|3.1.1|1.1.1|1.2.1|1.1.1|1.1.1|1.1.1|1.2.1|1.2.1|1.1.1|1.2.1|1.1.1|1.2.1|1.1.1|4.1.2|2.7.1|2.7.1|4.2.1|4.2.1,3263
3190.0,ME.3190,brenda,pw_degradation-of-hexoses,,degradation of hexoses,34163|34169|34168|34167|34167|34167|34166|34165|34164|34163|34153|34153|34162|34153|34161|34153|34153|34161|34160|34160|34159|34158|34157|34156|34155|34154,5.3.1.20|5.3.1.14|1.1.1.378|1.1.1.378|1.1.1.377|1.1.1.173|4.2.1.90|3.1.1.65|2.7.1.5|5.3.1.14|5.4.2.10|5.4.2.5|4.1.2.53|5.4.2.2|2.7.7.9|5.4.2.8|5.4.2.3|2.7.7.64|2.7.7.64|2.7.7.10|2.7.1.56|2.7.1.51|4.1.2.19|4.1.2.17|5.3.1.25|3.2.1.51,5.3.1|5.3.1|1.1.1|1.1.1|1.1.1|1.1.1|4.2.1|3.1.1|2.7.1|5.3.1|5.4.2|5.4.2|4.1.2|5.4.2|2.7.7|5.4.2|5.4.2|2.7.7|2.7.7|2.7.7|2.7.1|2.7.1|4.1.2|4.1.2|5.3.1|3.2.1,712
3191.0,ME.3191,brenda,pw_sulfoquinovose-degradation,,sulfoquinovose degradation,30552|30551|30553,4.1.2.57|1.1.1.373|5.3.1.31,4.1.2|1.1.1|5.3.1,59
3192.0,ME.3192,brenda,pw_ethylmalonyl-CoA-pathway,,ethylmalonyl-CoA pathway,44768|44769|44770|44766|44767,4.2.1.148|5.4.1.3|4.2.1.153|4.1.3.24|4.1.3.24,4.2.1|5.4.1|4.2.1|4.1.3|4.1.3,2538
3193.0,ME.3193,brenda,pw_aclacinomycin-biosynthesis,,aclacinomycin biosynthesis,41565|41564|41562|41563|41567|41568|41566,2.4.1.326|5.5.1.23|1.1.1.362|2.1.1.288|2.4.1.327|1.1.1|2.4.1.327,2.4.1|5.5.1|1.1.1|2.1.1|2.4.1|1.1.1|2.4.1,1981
3194.0,ME.3194,brenda,pw_grixazone-biosynthesis,,grixazone biosynthesis,48492|48491,1.10.3.15|4.1.2.56,1.10.3|4.1.2,3193
3195.0,ME.3195,brenda,pw_myo-inositol-biosynthesis,,myo-inositol biosynthesis,40008|40016|40017|40012|40011|40010|40009|40015|40014|40013,3.1.3.25|3.7.1.22|5.3.1.30|4.2.1.44|1.1.1.18|4.1.2.29|5.5.1.4|2.7.8.34|2.7.7.74|2.7.1.92,3.1.3|3.7.1|5.3.1|4.2.1|1.1.1|4.1.2|5.5.1|2.7.8|2.7.7|2.7.1,1705
3196.0,ME.3196,brenda,"pw_1,4-dihydroxy-6-naphthoate-biosynthesis",,"1,4-dihydroxy-6-naphthoate biosynthesis",47817|47816|47821|47820|47818|47819,2.5.1.120|1.21.98.1|4.2.1.151|3.2.2.26|3.2.2.30|3.5.4.40,2.5.1|1.21.98|4.2.1|3.2.2|3.2.2|3.5.4,3084
3197.0,ME.3197,brenda,pw_allantoin-degradation,,allantoin degradation,40870|40868|40867|40866|40871|40872|40873|40874|40869,3.5.3.9|3.5.3.26|3.5.1.116|1.1.1.350|3.5.2.17|4.1.1.97|3.5.2.17|4.1.1.97|3.5.2.5,3.5.3|3.5.3|3.5.1|1.1.1|3.5.2|4.1.1|3.5.2|4.1.1|3.5.2,1871
3198.0,ME.3198,brenda,pw_benzoyl-CoA-degradation,,benzoyl-CoA degradation,48861|48866|48860|48862|48863|48864|48865,1.1.1.259|1.3.8.11|1.3.7.8|4.2.1.100|1.1.1.368|3.7.1.21|1.3.8.10,1.1.1|1.3.8|1.3.7|4.2.1|1.1.1|3.7.1|1.3.8,3259
3199.0,ME.3199,brenda,pw_kanosamine-biosynthesis-II,,kanosamine biosynthesis II,39310|39311,1.1.1.361|2.6.1.104,1.1.1|2.6.1,1594
3200.0,ME.3200,brenda,pw_fumitremorgin-biosynthesis,,fumitremorgin biosynthesis,39269|39263|39264|39265|39266|39267|39268|39270|39271|39272,1.14.14.118|2.5.1.107|2.5.1.110|2.1.1.293|1.14.14.118|1.14.14.119|1.14.19.71|1.14.14.119|1.14.19.71|6.3.3,1.14.14|2.5.1|2.5.1|2.1.1|1.14.14|1.14.14|1.14.19|1.14.14|1.14.19|6.3.3,1586
3201.0,ME.3201,brenda,pw_(5R)-carbapenem-carboxylate-biosynthesis,,(5R)-carbapenem carboxylate biosynthesis,43810|43809|43812|43811,6.3.3.6|1.14.20.3|1.5.5.2|1.5.5.2,6.3.3|1.14.20|1.5.5|1.5.5,2384
3202.0,ME.3202,brenda,pw_D-cycloserine-biosynthesis,,D-cycloserine biosynthesis,38550|38547|38549|38548,1.14.11|2.6.99.3|6.3.3.5|3.5.3.25,1.14.11|2.6.99|6.3.3|3.5.3,1458
3203.0,ME.3203,brenda,pw_pentose-phosphate-pathway,,pentose phosphate pathway,33644|33645|33646|33647|33648|33649|33650|33651|33641|33642|33643,1.1.1.44|1.1.1.363|2.2.1.1|2.2.1.2|4.1.2.43|5.3.1.27|1.1.1.343|1.1.1.388|3.1.1.31|3.1.3.37|5.3.1.6,1.1.1|1.1.1|2.2.1|2.2.1|4.1.2|5.3.1|1.1.1|1.1.1|3.1.1|3.1.3|5.3.1,630
3204.0,ME.3204,brenda,pw_pantothenate-biosynthesis,,pantothenate biosynthesis,38340|38339|38343|38341|38337|38342|38338,6.3.2.36|2.7.1.169|2.1.2.11|6.3.2.44|6.3.2.1|2.1.2.11|1.1.1.169,6.3.2|2.7.1|2.1.2|6.3.2|6.3.2|2.1.2|1.1.1,1413
3205.0,ME.3205,brenda,pw_chorismate-metabolism,,chorismate metabolism,46833|46831|46834|46826|46832|46827|46835|46828|46829|46830,1.4.1.24|2.5.1.54|4.2.3.5|4.2.3.3|2.7.1.71|4.2.3.4|1.1.1.25|4.2.1.10|2.5.1.19,1.4.1|2.5.1|4.2.3|4.2.3|2.7.1|4.2.3|1.1.1|4.2.1|2.5.1,2894
3206.0,ME.3206,brenda,pw_vitamin-D3-metabolism,,vitamin D3 metabolism,44341|44340|44339,1.14.14.24|1.14.14.24|1.14.15.18,1.14.14|1.14.14|1.14.15,2473
3207.0,ME.3207,brenda,pw_aminopropanol-phosphate-biosynthesis,,aminopropanol phosphate biosynthesis,38093|38092,2.7.1.177|4.1.1.81,2.7.1|4.1.1,1357
3208.0,ME.3208,brenda,pw_phenylacetate-degradation-(aerobic),,phenylacetate degradation (aerobic),41755|41751|41752|41753|41754|41756,4.2.1.17|1.2.1.91|3.3.2.12|1.14.13.149|5.3.3.18|4.2.1.17,4.2.1|1.2.1|3.3.2|1.14.13|5.3.3|4.2.1,2017
3209.0,ME.3209,brenda,pw_glycolate-and-glyoxylate-degradation,,glycolate and glyoxylate degradation,34499|34498|34497|34496|34500|34495,2.4.1.266|2.7.1.31|4.1.1.47|1.1.1.79|3.1.3.85|1.1.1.26,2.4.1|2.7.1|4.1.1|1.1.1|3.1.3|1.1.1,771
3210.0,ME.3210,brenda,pw_factor-420-biosynthesis,,factor 420 biosynthesis,46558|46554|46555|46556|46557,6.3.2.34|2.7.7.105|2.7.8.28|6.3.2.31|6.3.2.32,6.3.2|2.7.7|2.7.8|6.3.2|6.3.2,2844
3211.0,ME.3211,brenda,pw_reductive-acetyl-coenzyme-A-pathway,,reductive acetyl coenzyme A pathway,47904|47905|47902|47901|47903|47906|47900,1.17.1.9|1.17.1.10|1.5.1.5|1.2.7.4|1.5.7.1|1.17.98.4|3.5.4.9,1.17.1|1.17.1|1.5.1|1.2.7|1.5.7|1.17.98|3.5.4,3105
3212.0,ME.3212,brenda,pw_ribulose-monophosphate-pathway,,ribulose monophosphate pathway,45364|45365,4.1.2.43|5.3.1.27,4.1.2|5.3.1,2648
3213.0,ME.3213,brenda,pw_vitamin-K-metabolism,,vitamin K metabolism,43176|43175|43174|43177,5.4.4.2|4.2.99.20|4.2.1.113|2.2.1.9,5.4.4|4.2.99|4.2.1|2.2.1,2271
3214.0,ME.3214,brenda,pw_cyanate-degradation,,cyanate degradation,31275|31275|31274|31273,4.2.1.104|3.5.1.110|4.2.1.104|4.2.1.1,4.2.1|3.5.1|4.2.1|4.2.1,212
3215.0,ME.3215,brenda,pw_glycine-betaine-biosynthesis,,glycine betaine biosynthesis,47067|47066|47069|47069|47069|47070|47068,1.2.1.8|3.1.4.4|2.1.1.157|2.1.1.162|2.1.1.156|2.1.1.161|2.1.1.20,1.2.1|3.1.4|2.1.1|2.1.1|2.1.1|2.1.1|2.1.1,2945
3216.0,ME.3216,brenda,pw_formaldehyde-oxidation,,formaldehyde oxidation,42551|42550|42552,4.4.1.22|1.1.1.284|3.1.2.12,4.4.1|1.1.1|3.1.2,2145
3217.0,ME.3217,brenda,pw_coenzyme-A-metabolism,,coenzyme A metabolism,36887|36889|36888|36886,2.7.1.33|6.3.2.5|2.7.7.3|4.1.1.36,2.7.1|6.3.2|2.7.7|4.1.1,1156
3218.0,ME.3218,brenda,pw_sulfopterin-metabolism,,sulfopterin metabolism,49528|49530|49529|49527,3.5.4.16|3.1.3.1|4.2.3.12,3.5.4|3.1.3|4.2.3,3372
3219.0,ME.3219,brenda,pw_acetyl-CoA-biosynthesis,,acetyl CoA biosynthesis,30989|30990|30990|30991,4.1.1.9|2.8.3.3|2.1.3.10|1.8.1.4,4.1.1|2.8.3|2.1.3|1.8.1,151
3220.0,ME.3220,brenda,pw_teichoic-acid-biosynthesis,,teichoic acid biosynthesis,32343,2.7.7.39,2.7.7,408
3221.0,ME.3221,brenda,pw_denitrification,,denitrification,43614|43614|43615,1.7.2.6|1.7.2.1|1.7.2.1,1.7.2|1.7.2|1.7.2,2346
3222.0,ME.3222,brenda,pw_CDP-diacylglycerol-biosynthesis,,CDP-diacylglycerol biosynthesis,44851|44852,1.1.1.94|2.7.7.41,1.1.1|2.7.7,2556
3223.0,ME.3223,brenda,pw_UDP-GlcNAc-biosynthesis,,UDP-GlcNAc biosynthesis,40574|40576|40575,5.4.2.10|2.7.7.23|2.6.1.16,5.4.2|2.7.7|2.6.1,1810
3224.0,ME.3224,brenda,pw_dolichol-and-dolichyl-phosphate-biosynthesis,,dolichol and dolichyl phosphate biosynthesis,48506|48505,2.7.1.108|3.6.1.43,2.7.1|3.6.1,3197
3225.0,ME.3225,brenda,pw_toluene-degradation,,toluene degradation,48109|48106|48108|48107,4.2.1|2.8.3.15|1.3.8.3|4.1.99.11,4.2.1|2.8.3|1.3.8|4.1.99,3141
3226.0,ME.3226,brenda,pw_methane-metabolism,,methane metabolism,43908|43910|43909,2.1.1.21|1.5.8.2|1.5.8.1,2.1.1|1.5.8|1.5.8,2397
3227.0,ME.3227,brenda,pw_cyclohexanol-degradation,,cyclohexanol degradation,34719|34721|34720|34722,1.1.1.258|1.14.13.22|1.2.1.63|3.1.1,1.1.1|1.14.13|1.2.1|3.1.1,814
3228.0,ME.3228,brenda,pw_mannosylglycerate-biosynthesis,,mannosylglycerate biosynthesis,33341|33340,3.1.3.70|2.4.1.217,3.1.3|2.4.1,584
3229.0,ME.3229,brenda,pw_lactate-fermentation,,lactate fermentation,46491|46489|46490,1.1.2.3|1.1.1.27|1.1.2.3,1.1.2|1.1.1|1.1.2,2835
3230.0,ME.3230,brenda,pw_creatinine-degradation,,creatinine degradation,38251|38248|38249|38250|38252,3.5.3.3|3.5.2.10|3.5.1.59|3.5.2.14|3.5.4.21,3.5.3|3.5.2|3.5.1|3.5.2|3.5.4,1392
3231.0,ME.3231,brenda,pw_suberin-monomers-biosynthesis,,suberin monomers biosynthesis,40453|40454,1.1.1.110,1.1.1,1781
3232.0,ME.3232,brenda,pw_ceramide-biosynthesis,,ceramide biosynthesis,34183,1.1.1.102,1.1.1,715
3233.0,ME.3233,brenda,pw_taurine-degradation,,taurine degradation,41535,1.14.11.17,1.14.11,1975
3234.0,ME.3234,brenda,pw_aerobactin-biosynthesis,,aerobactin biosynthesis,47815,1.14.13.59,1.14.13,3083
3235.0,ME.3235,brenda,pw_anapleurotic-synthesis-of-oxalacetate,,anapleurotic synthesis of oxalacetate,49188,6.4.1.1,6.4.1,3311
3236.0,ME.3236,brenda,pw_sulfolipid-biosynthesis,,sulfolipid biosynthesis,49430,,,3351
3237.0,ME.3237,brenda,pw_cis-vaccenate-biosynthesis,,cis-vaccenate biosynthesis,43261|43262,3.1.2.14|1.1.1.100,3.1.2|1.1.1,2290
,sugar_39,,,,L-vicenisamine,26320|26492|26453|26283|26594|26324,,,1
,sugar_22,,,,L-rhodosamine,26595|26548|26286|26417|26251|26381|26560,,,2
,sugar_25,,,,Nogalamine,26301|26386|26540|26552|26319|26482|26256|26444|26412|26510|26500,,,3
,sugar_4,,,,L-rhodinose,26478|26288|26346|26483|26505|26508|26370|26475,,,4
,sugar_46,,,,Chromose,26513|26607|26353|26445|26402|26507|26603,,,5
,sugar_45,,,,Rednose,26494|26278|26512|26418|26580|26358|26486|26471|26495,,,6
,sugar_51,,,,"2,4-O-dimethyl-L-rhamnose",26519|26462|26546|26298|26581|26430|26336,,,7
,sugar_26,,,,D-desosamine,26237|26377|26296|26456|26356|26506,,,8
,sugar_56,,,,2-N-methyl-D-fucosamine,26559|26440|26334|26459|26350|26366,,,9
,sugar_1,,,,4-O-acetyl-L-arcanose,26372|26385|26479|26233|26389|26316|26333|26514,,,10
,sugar_12,,,,D-oliose,26604|26511|26243|26593|26458,,,11
,sugar_48,,,,3-O-methyl-rhamnose,26275|26403|26596|26347|26447|26577,,,12
,sugar_21,,,,L-daunosamine,26400|26238|26253|26409|26487|26533,,,13
,sugar_38,,,,O-methyl-L-amicetose,26446|26379|26496|26489|26302|26443|26565|26369|26473,,,14
,sugar_52,,,,"3,4-O-dimethyl-L-rhamnose",26399|26255|26431|26530|26455|26299|26349,,,15
,sugar_29,,,,D-digitalose,26520|26480|26600|26592,,,16
,sugar_27,,,,D-chalcose,26282|26292|26532|26608|26569|26363,,,17
,sugar_55,,,,"3-N,N-dimethyl-D-mycosamine",26470|26257|26274|26414,,,18
,sugar_14,,,,D-olivose,26466|26502|26568|26268|26468,,,19
,sugar_15,,,,L-digitoxose,26561|26383|26323|26435|26448|26242,,,20
,sugar_50,,,,"2,3-O-dimethyl-L-rhamnose",26556|26236|26544|26395|26523|26272|26260,,,21
,sugar_35,,,,D-mycosamine,26464|26419|26420|26391|26524,,,22
,sugar_53,,,,"2,3,4-tri-O-methylrhamnose",26531|26235|26598|26387|26442|26535|26290|26527,,,23
,sugar_44,,,,Kedarosamine,26244|26406|26229|26231|26465|26287|26557|26551,,,24
,sugar_9,,,,L-cinerulose B,26396|26521|26571|26516|26312|26380|26554|26300|26362|26566|26262,,,25
,sugar_37,,,,Madurose,26273|26602|26476|26239|26579,,,26
,sugar_49,,,,2-O-methyl-rhamnose,26439|26328|26497|26534|26572|26529,,,27
,sugar_8,,,,D-forosamine,26562|26452|26348|26587|26371|26398|26599,,,28
,sugar_40,,,,D-ravidosamine,26509|26382|26325|26394|26289|26277|26461,,,29
,sugar_6,,,,4-O-methyl-L-rhodinose,26547|26428|26405|26246|26311|26498|26591|26522,,,30
,sugar_23,,,,L-ristosamine,26490|26263|26340|26230|26245|26269,,,31
,sugar_18,,,,D-angolosamine,26404|26421|26374|26304|26355|26364,,,32
,sugar_24,,,,L-megosamine,26259|26281|26484|26429|26539|26432|26575,,,33
,sugar_28,,,,D-fucose,26542|26317|26469,,,34
,sugar_47,,,,L-vancosamine,26585|26329|26321|26413|26481|26297|26574|26388,,,35
,sugar_34,,,,L-noviose,26438|26584|26309|26545|26335,,,36
,sugar_5,,,,Olivomycose,26390|26351|26293|26294|26318|26357|26315|26415,,,37
,sugar_41,,,,4-O-acetyl-D-ravidosamine,26578|26327|26368|26280|26601|26307|26606|26322,,,38
,sugar_33,,,,L-rhamnose,26488|26401|26550|26451,,,39
,sugar_16,,,,D-digitoxose,26310|26342|26538|26410|26339,,,40
,sugar_20,,,,"3-N,N-dimethyl-L-eremosamine",26537|26326|26248|26589|26583|26590|26588|26463,,,41
,sugar_13,,,,Olivomose,26241|26553|26375|26449|26264|26586|26365,,,42
,sugar_31,,,,L-nogalose,26361|26313|26526|26515|26543|26360|26303,,,43
,sugar_43,,,,4-O-methyl-L-noviose,26271|26314|26491|26563|26582|26234,,,44
,sugar_54,,,,D-3-N-methyl-4-O-methyl-L-ristosamine,26427|26536|26433|26332|26477|26392,,,45
,sugar_57,,,,3-N-acetyl-D-ravidosamine,26337|26573|26474|26425|26472|26338,,,46
,sugar_19,,,,4-oxo-L-vancosamine,26499|26354|26450|26285|26341|26525,,,47
,sugar_11,,,,2-deoxy-L-fucose,26397|26437|26460|26373|26605|26267,,,48
,sugar_17,,,,L-cladinose,26276|26518|26424|26408|26359|26384|26454|26249|26411,,,49
,sugar_36,,,,"4,6-dideoxy-4-hydroxylamino-D-glucose",26436|26549|26493|26558|26266,,,50
,sugar_30,,,,6-deoxy-3-C-methyl-L-mannose,26258|26252|26345|26306|26343,,,51
,sugar_3,,,,L-cinerulose A,26378|26528|26284|26305|26291|26501|26376|26457|26503,,,52
,sugar_32,,,,"4-N,N-dimethylamino-4-deoxy-5-C-methyl-l-rhamnose",26232|26270|26576|26426|26367|26279,,,53
,sugar_42,,,,4-deoxy-4-thio-D-digitoxose,26261|26250|26570|26441|26485,,,54
,sugar_7,,,,D-mycarose,26555|26467|26308|26393|26265|26564,,,55
,sugar_10,,,,L-oleandrose,26597|26240|26330|26254|26295|26423|26247|26567,,,56
,sugar_2,,,,L-aculose,26416|26422|26407|26517|26434|26331|26344|26504|26541|26352,,,57
,ME.M00035,,,M00035,Methionine degradation,30597|30594|30596|30595,2.1.1.37|2.5.1.6|4.2.1.22|3.3.1.1,2.1.1|2.5.1|4.2.1|3.3.1,75
,ME.M00033,,,M00033,"Ectoine biosynthesis, aspartate => ectoine",30598|30599|30600|30602|30601,2.7.2.4|1.2.1.11|2.6.1.76|4.2.1.108|2.3.1.178,2.7.2|1.2.1|2.6.1|4.2.1|2.3.1,76
,ME.M00550,,,M00550,"Ascorbate degradation, ascorbate => D-xylulose-5P",30685|30686|30687,4.1.1.85|2.7.1.194|3.1.1,4.1.1|2.7.1|3.1.1,90
,ME.M00555,,,M00555,"Betaine biosynthesis, choline => betaine",30731|30729|30733|30733|30735|30732|30730|30731|30728|30734,1.2.1.8|1.1.99.1|1.1.99.1|1.1.3.17|1.1.1.1|1.14.15.7|1.2.1.8|1.2.1.19|1.1.3.17|1.1.1,1.2.1|1.1.99|1.1.99|1.1.3|1.1.1|1.14.15|1.2.1|1.2.1|1.1.3|1.1.1,99
,ME.M00537,,,M00537,"Xylene degradation, xylene => methylbenzoate",30779|30779|30778|30778|30777|30776|30775|30774|30773|30773|30772|30771,1.2.1.28|1.2.1.7|1.2.1.7|1.2.1.28|1.14.15.26|1.14.15.26|1.1.1.90|1.1.1.90|1.2.1.7|1.2.1.28|1.14.15.26|1.1.1.90,1.2.1|1.2.1|1.2.1|1.2.1|1.14.15|1.14.15|1.1.1|1.1.1|1.2.1|1.2.1|1.14.15|1.1.1,109
,ME.M00067,,,M00067,"Sulfoglycolipids biosynthesis, ceramide/1-alkyl-2-acylglycerol => sulfatide/seminolipid",30781|30780|30783|30782,2.8.2.11|2.4.1.47|2.8.2.11|2.4.1.47,2.8.2|2.4.1|2.8.2|2.4.1,110
,ME.M00174,,,M00174,"Methane oxidation, methanotroph, methane => formaldehyde",30793|30792|30792|30791,1.14.18.3|1.1.2.10|1.1.2.7|1.14.13.25,1.14.18|1.1.2|1.1.2|1.14.13,112
,ME.M00834,,,M00834,"Calicheamicin orsellinate moiety biosynthesis, malonyl-CoA => orsellinate-ACP => 5-iodo-2,3-dimethoxyorsellinate-ACP",30857|30855|30856|30854|30858,,,127
,ME.M00002,,,M00002,"Glycolysis, core module involving three-carbon compounds",30938|30941|30939|30936|30940|30937|30934|30935,1.2.1.59|1.2.7.6|2.7.2.3|5.3.1.1|5.4.2.11|1.2.1.12|2.7.1.40|4.2.1.11,1.2.1|1.2.7|2.7.2|5.3.1|5.4.2|1.2.1|2.7.1|4.2.1,139
,ME.M00066,,,M00066,Lactosylceramide biosynthesis,30986|30985,2.4.1.274|2.4.1.80,2.4.1|2.4.1,149
,ME.M00901,,,M00901,"Fumiquinazoline biosynthesis, tryptophan + alanine + anthranilate => fumiquinazoline",31019|31018|31017|31016,1.5.3|6.3.2|6.3.2,1.5.3|6.3.2|6.3.2,160
,ME.M00356,,,M00356,"Methanogenesis, methanol => methane",31054|31048|31049|31050|31050|31051|31052|31053,1.8.98.6|1.8.98.1|2.8.4.1|2.1.1.90|2.1.1.246|1.8.98.4|1.8.7.3|1.8.98.5,1.8.98|1.8.98|2.8.4|2.1.1|2.1.1|1.8.98|1.8.7|1.8.98,170
,ME.M00785,,,M00785,"Cycloserine biosynthesis, arginine/serine => cycloserine",31121|31123|31119|31120|31122,3.5.3.25|2.3.1.30|2.6.99.3|6.3.3.5,3.5.3|2.3.1|2.6.99|6.3.3,181
,ME.M00891,,,M00891,"Ditryptophenaline biosynthesis, tryptophan + phenylalanine => ditryptophenaline",31125|31126|31127,,,183
,ME.M00370,,,M00370,"Glucosinolate biosynthesis, tryptophan => glucobrassicin",31261|31262|31259|31258|31260,1.14.14.45|2.4.1.195|1.14.14.156|2.8.2.24,1.14.14|2.4.1|1.14.14|2.8.2,207
,ME.M00118,,,M00118,"Glutathione biosynthesis, glutamate => glutathione",31271|31272,6.3.2.3|6.3.2.2,6.3.2|6.3.2,211
,ME.M00433,,,M00433,"Lysine biosynthesis, 2-oxoglutarate => 2-oxoadipate",31313|31312|31314|31312|31311|31315|31313|31313,4.2.1|1.1.1.87|4.2.1.36|1.1.1.286|2.3.3.14|4.2.1.114|4.2.1.114|4.2.1.36,4.2.1|1.1.1|4.2.1|1.1.1|2.3.3|4.2.1|4.2.1|4.2.1,219
,ME.M00579,,,M00579,"Phosphate acetyltransferase-acetate kinase pathway, acetyl-CoA => acetate",31351|31350|31351,2.7.2.15|2.3.1.8|2.7.2.1,2.7.2|2.3.1|2.7.2,223
,ME.M00030,,,M00030,"Lysine biosynthesis, AAA pathway, 2-oxoglutarate => 2-aminoadipate => lysine",31459|31466|31465|31464|31457|31463|31458|31459|31463|31463|31462|31461|31460,1.1.1.286|1.2.1.95|1.2.1.95|4.2.1.36|2.3.3.14|4.2.1.114|1.5.1.7|1.1.1.87|4.2.1|4.2.1.36|1.2.1.95|1.5.1.10|2.6.1.39,1.1.1|1.2.1|1.2.1|4.2.1|2.3.3|4.2.1|1.5.1|1.1.1|4.2.1|4.2.1|1.2.1|1.5.1|2.6.1,238
,ME.M00099,,,M00099,Sphingosine biosynthesis,31572|31573|31573|31573|31573|31571|31570|31573|31574,1.1.1.102|2.3.1.299|2.3.1.24|2.3.1.297|2.3.1.298|3.5.1.23|2.3.1.50|2.3.1.291|1.14.19.17,1.1.1|2.3.1|2.3.1|2.3.1|2.3.1|3.5.1|2.3.1|2.3.1|1.14.19,252
,ME.M00008,,,M00008,"Entner-Doudoroff pathway, glucose-6P => glyceraldehyde-3P + pyruvate",31617|31616|31616|31614|31615|31616|31617,4.1.2.55|1.1.1.363|1.1.1.47|3.1.1.31|4.2.1.12|1.1.1.49|4.1.2.14,4.1.2|1.1.1|1.1.1|3.1.1|4.2.1|1.1.1|4.1.2,258
,ME.M00037,,,M00037,"Melatonin biosynthesis, animals, tryptophan => serotonin => melatonin",31737|31739|31736|31738,4.1.1.28|2.1.1.4|1.14.16.4|2.3.1.87,4.1.1|2.1.1|1.14.16|2.3.1,287
,ME.M00801,,,M00801,dTDP-L-olivose biosynthesis,31761|31759|31762|31760,1.1.1|4.2.1.159|5.1.3|1.1.1.384,1.1.1|4.2.1|5.1.3|1.1.1,291
,ME.M00106,,,M00106,"Conjugated bile acid biosynthesis, cholate => taurocholate/glycocholate",31813|31815|31814,6.2.1.7|2.3.1.65|2.3.1.65,6.2.1|2.3.1|2.3.1,295
,ME.M00094,,,M00094,Ceramide biosynthesis,31913|31914|31915|31914|31914|31914|31914|31912,1.1.1.102|2.3.1.298|1.14.19.17|2.3.1.291|2.3.1.24|2.3.1.299|2.3.1.297|2.3.1.50,1.1.1|2.3.1|1.14.19|2.3.1|2.3.1|2.3.1|2.3.1|2.3.1,318
,ME.M00783,,,M00783,"Tetracenomycin C/8-demethyltetracenomycin C biosynthesis, tetracenomycin F2 => tetracenomycin C/8-demethyltetracenomycin C",31989|31985|31992|31991|31990|31986|31988|31987,2.1.1|4.2.1.154|1.14.13.200|2.1.1|1.14.13.200|1.13.12.21|2.3.1.235,2.1.1|4.2.1|1.14.13|2.1.1|1.14.13|1.13.12|2.3.1,335
,ME.M00793,,,M00793,dTDP-L-rhamnose biosynthesis,32106|32104|32105,4.2.1.46|2.7.7.24|1.1.1.133,4.2.1|2.7.7|1.1.1,355
,ME.M00632,,,M00632,"Galactose degradation, Leloir pathway, galactose => alpha-D-glucose-1P",32110,2.7.1.6,2.7.1,357
,ME.M00835,,,M00835,"Pyocyanine biosynthesis, chorismate => pyocyanine",32152|32157|32156|32155|32153|32150|32149|32148|32154|32158|32151,1.10.3.16|2.1.1.327|1.14.13.218|5.3.3.17|2.6.1.86|3.3.2.15,1.10.3|2.1.1|1.14.13|5.3.3|2.6.1|3.3.2,368
,ME.M00025,,,M00025,"Tyrosine biosynthesis, chorismate => HPP => tyrosine",32344|32347|32346|32345|32344|32344|32344,2.6.1.5|1.3.1.13|1.3.1.12|5.4.99.5|2.6.1.27|2.6.1.1|2.6.1.57,2.6.1|1.3.1|1.3.1|5.4.99|2.6.1|2.6.1|2.6.1,409
,ME.M00063,,,M00063,CMP-KDO biosynthesis,32348|32351|32350|32349|32349,5.3.1.13|2.7.7.38|3.1.3.45|2.5.1.54|2.5.1.55,5.3.1|2.7.7|3.1.3|2.5.1|2.5.1,410
,ME.M00636,,,M00636,"Phthalate degradation, phthalate => protocatechuate",32353|32354|32352,1.14.12|1.3.1|4.1.1.69,1.14.12|1.3.1|4.1.1,411
,ME.M00526,,,M00526,"Lysine biosynthesis, DAP dehydrogenase pathway, aspartate => lysine",32360|32358|32361|32356|32359|32357|32363|32362,1.17.1.8|1.2.1.11|1.17.1.8|4.1.1.20|1.4.1.16|2.7.2.4|4.3.3.7|3.5.99,1.17.1|1.2.1|1.17.1|4.1.1|1.4.1|2.7.2|4.3.3|3.5.99,413
,ME.M00900,,,M00900,"Crocin biosynthesis, crocetin => crocin",32399|32398|32400|32396|32397|32395,2.4.1.330|2.4.1.330|2.4.1.330|2.4.1.271|2.4.1.271|2.4.1.271,2.4.1|2.4.1|2.4.1|2.4.1|2.4.1|2.4.1,424
,ME.M00109,,,M00109,"C21-Steroid hormone biosynthesis, progesterone => cortisol/cortisone",32504|32503|32502|32500|32500|32501|32501|32501,1.14.14.16|1.14.15.4|1.1.1.146|1.14.14.19|1.14.14.32|1.1.1.51|1.1.1|1.1.1.146,1.14.14|1.14.15|1.1.1|1.14.14|1.14.14|1.1.1|1.1.1|1.1.1,442
,ME.M00624,,,M00624,"Terephthalate degradation, terephthalate => 3,4-dihydroxybenzoate",32524|32523,1.14.12.15|1.3.1.53,1.14.12|1.3.1,448
,ME.M00912,,,M00912,"NAD biosynthesis, tryptophan => quinolinate => NAD",32529|32525|32526|32527|32527|32528|32530|32531|32532|32533|32534,1.14.13.9|6.3.1.5|6.3.5.1|1.13.11.52|1.13.11.11|3.5.1.9|1.13.11.6|3.7.1.3|2.7.7.18|2.4.2.19,1.14.13|6.3.1|6.3.5|1.13.11|1.13.11|3.5.1|1.13.11|3.7.1|2.7.7|2.4.2,449
,ME.M00608,,,M00608,"2-Oxocarboxylic acid chain extension, 2-oxoglutarate => 2-oxoadipate => 2-oxopimelate => 2-oxosuberate",32574|32572|32571|32570|32573|32569|32567|32581|32580|32579|32569|32569|32578|32577|32568|32576|32575|32568,2.3.3|1.1.1|1.1.1|4.2.1.36|2.3.3|4.2.1.36|2.3.3.14|4.2.1.114|4.2.1.114|4.2.1.114|4.2.1.114|4.2.1|4.2.1.114|4.2.1.114|1.1.1.87|4.2.1.114|4.2.1.114|1.1.1.286,2.3.3|1.1.1|1.1.1|4.2.1|2.3.3|4.2.1|2.3.3|4.2.1|4.2.1|4.2.1|4.2.1|4.2.1|4.2.1|4.2.1|1.1.1|4.2.1|4.2.1|1.1.1,461
,ME.M00059,,,M00059,"Glycosaminoglycan biosynthesis, heparan sulfate backbone",32612,2.4.1.223,2.4.1,469
,ME.M00831,,,M00831,"Kedarcidin 2-hydroxynaphthoate moiety biosynthesis, malonyl-CoA => 3,6,8-trihydroxy-2-naphthoate => 3-hydroxy-7,8-dimethoxy-6-isopropoxy-2-naphthoyl-CoA",32713|32714|32715|32712,,,486
,ME.M00894,,,M00894,"Cannabidiol biosynthesis, malonyl-CoA => cannabidiol/dronabinol",32730|32729|32732|32728|32731|32733|32734,2.5.1.102|2.3.1.206|1.21.3.7|1.21.3.8|4.4.1.26,2.5.1|2.3.1|1.21.3|1.21.3|4.4.1,489
,ME.M00373,,,M00373,Ethylmalonyl pathway,32756|32766|32765|32764|32763|32762|32755|32761|32760|32757|32759|32758|32755,4.1.3.24|3.1.2.30|1.3.8.12|5.4.99.63|1.3.1.85|4.2.1.148|2.3.1.9|4.2.1.55|1.1.1.36|5.4.99.2|6.4.1.3|4.1.3.24|2.3.1.16,4.1.3|3.1.2|1.3.8|5.4.99|1.3.1|4.2.1|2.3.1|4.2.1|1.1.1|5.4.99|6.4.1|4.1.3|2.3.1,493
,ME.M00573,,,M00573,"Biotin biosynthesis, BioI pathway, long-chain-acyl-ACP => pimeloyl-ACP => biotin",32957|32959|32955|32956|32958,1.14.14.46|2.6.1.105|2.8.1.6|6.3.3.3|2.3.1.47,1.14.14|2.6.1|2.8.1|6.3.3|2.3.1,521
,ME.M00090,,,M00090,"Phosphatidylcholine (PC) biosynthesis, choline => PC",33272|33270|33271,2.7.7.15|2.7.1.32|2.7.8.2,2.7.7|2.7.1|2.7.8,572
,ME.M00138,,,M00138,"Flavonoid biosynthesis, naringenin => pelargonidin",33483|33484|33485,1.14.11.9|1.1.1.219|1.14.20.4,1.14.11|1.1.1|1.14.20,612
,ME.M00050,,,M00050,"Guanine ribonucleotide biosynthesis IMP => GDP,GTP",33551|33549|33554|33553|33552|33550,2.7.1.40|2.7.4.6|6.3.5.2|6.3.5.2|1.1.1.205|2.7.4.8,2.7.1|2.7.4|6.3.5|6.3.5|1.1.1|2.7.4,623
,ME.M00544,,,M00544,"Carbazole degradation, carbazole => 2-oxopent-4-enoate + anthranilate",33696|33697|33698|33699,3.7.1.13|1.14.12.22|1.13.11.39|1.14.12.22,3.7.1|1.14.12|1.13.11|1.14.12,635
,ME.M00913,,,M00913,"Pantothenate biosynthesis, 2-oxoisovalerate/spermine => pantothenate",33795|33797|33796|33799|33795|33795|33795|33795|33799|33795|33798,1.2.1.3|1.1.1.169|2.1.2.11|1.5.3.16|1.2.1.19|1.2.1|1.2.1.5|1.2.1.8|1.5.3.17|1.2.1.24|6.3.2.1,1.2.1|1.1.1|2.1.2|1.5.3|1.2.1|1.2.1|1.2.1|1.2.1|1.5.3|1.2.1|6.3.2,652
,ME.M00032,,,M00032,"Lysine degradation, lysine => saccharopine => acetoacetyl-CoA",33879|33874|33876|33873|33880|33875|33881|33878|33877,4.2.1.150|1.2.1.105|1.1.1.35|1.5.1.8|1.2.1.31|2.6.1.39|1.2.1.31|1.3.8.6|1.5.1.9,4.2.1|1.2.1|1.1.1|1.5.1|1.2.1|2.6.1|1.2.1|1.3.8|1.5.1,672
,ME.M00112,,,M00112,"Tocopherol/tocotorienol biosynthesis, homogentisate + phytyl/geranylgeranyl-PP => tocopherol/tocotorienol",34174|34179|34177|34180|34181|34171|34176|34170|34175|34178|34173|34172,5.5.1.24|5.5.1.24|2.1.1.95|2.5.1.116|2.1.1.295|2.5.1.115|2.1.1.95|2.1.1.95|2.1.1.95|5.5.1.24|5.5.1.24|2.1.1.295,5.5.1|5.5.1|2.1.1|2.5.1|2.1.1|2.5.1|2.1.1|2.1.1|2.1.1|5.5.1|5.5.1|2.1.1,713
,ME.M00535,,,M00535,"Isoleucine biosynthesis, pyruvate => 2-oxobutanoate",34211|34212|34213|34212|34210,4.2.1.35|4.2.1.33|4.2.1.35|1.1.1,4.2.1|4.2.1|4.2.1|1.1.1,720
,ME.M00530,,,M00530,"Dissimilatory nitrate reduction, nitrate => ammonia",34222|34226|34227|34224|34223|34224|34224|34224|34222|34225,1.7.1.4|1.7.2.2|1.7.5.1|1.9.6.1|1.7.1.4|1.5.1.20|1.7.99|1.7.7.2|1.7.1.15|1.9.6.1,1.7.1|1.7.2|1.7.5|1.9.6|1.7.1|1.5.1|1.7.99|1.7.7|1.7.1|1.9.6,724
,ME.M00761,,,M00761,"Undecaprenylphosphate alpha-L-Ara4N biosynthesis, UDP-GlcA => undecaprenyl phosphate alpha-L-Ara4N",34299|34298|34301|34297|34300|34298,2.1.2.13|2.6.1.92|1.1.1.305|2.4.2.53|2.6.1.87,2.1.2|2.6.1|1.1.1|2.4.2|2.6.1,734
,ME.M00846,,,M00846,"Siroheme biosynthesis, glutamyl-tRNA => siroheme",34306|34303|34307|34302|34308|34309|34305|34304,4.2.1.75|2.5.1.61|2.1.1.107|4.2.1.24|1.3.1.76|1.2.1.70|4.99.1.4|5.4.3.8,4.2.1|2.5.1|2.1.1|4.2.1|1.3.1|1.2.1|4.99.1|5.4.3,735
,ME.M00344,,,M00344,"Formaldehyde assimilation, xylulose monophosphate pathway",34402|34403|34401|34404,2.7.1.29|4.1.2.13|3.1.3.11|2.2.1.3,2.7.1|4.1.2|3.1.3|2.2.1,749
,ME.M00830,,,M00830,"Neocarzinostatin naphthoate moiety biosynthesis, malonyl-CoA => 2-hydroxy-5-methyl-1-naphthoate => 2-hydroxy-7-methoxy-5-methyl-1-naphthoyl-CoA",34405|34407|34406|34408,6.2.1.43|2.1.1.303|1.14.15.31|2.3.1.237,6.2.1|2.1.1|1.14.15|2.3.1,750
,ME.M00890,,,M00890,"Roseoflavin biosynthesis, FMN => roseoflavin",34591|34588|34587|34589|34590|34592,2.6.1.114|2.1.1.343|2.1.1.343|2.6.1.114|2.6.1.114|3.1.3,2.6.1|2.1.1|2.1.1|2.6.1|2.6.1|3.1.3,786
,ME.M00086,,,M00086,"beta-Oxidation, acyl-CoA synthesis",34631,6.2.1.3,6.2.1,793
,ME.M00802,,,M00802,dTDP-D-forosamine biosynthesis,34634|34635|34633|34632|34636,4.2.1.164|2.6.1.110|1.1.1.384|4.2.1.159|2.1.1.324,4.2.1|2.6.1|1.1.1|4.2.1|2.1.1,794
,ME.M00338,,,M00338,"Cysteine biosynthesis, homocysteine + serine => cysteine",34669|34670,4.4.1.1|4.2.1.22,4.4.1|4.2.1,799
,ME.M00875,,,M00875,"Staphyloferrin B biosynthesis, L-serine => staphyloferrin B",34821|34822|34819|34818|34820|34824|34823,4.1.1.117|6.3.2.55|2.5.1.140|1.5.1.51|6.3.2.54|2.7.1.225|6.3.2.56,4.1.1|6.3.2|2.5.1|1.5.1|6.3.2|2.7.1|6.3.2,828
,ME.M00114,,,M00114,"Ascorbate biosynthesis, plants, fructose-6P => ascorbate",34873|34872|34874|34869|34874|34871|34875|34871|34870|34871,3.1.3.93|1.1.1.316|1.3.2.3|1.1.1.122|5.4.2.2|2.7.7.69|5.4.2.10|2.7.7.13|5.4.2.8,3.1.3|1.1.1|1.3.2|1.1.1|5.4.2|2.7.7|5.4.2|2.7.7|5.4.2,833
,ME.M00137,,,M00137,"Flavanone biosynthesis, phenylalanine => naringenin",34885|34885|34889|34888|34887|34886,4.3.1.24|4.3.1.25|5.5.1.6|1.14.14.91|6.2.1.12|2.3.1.74,4.3.1|4.3.1|5.5.1|1.14.14|6.2.1|2.3.1,836
,ME.M00006,,,M00006,"Pentose phosphate pathway, oxidative phase, glucose 6P => ribulose 5P",34927|34924|34925|34925|34925|34926|34927|34923|34927,1.1.1.363|3.1.1.31|1.1.1.49|1.1.1.47|1.1.1.363|1.1.1.343|1.1.1.49|1.1.1.44|1.1.1.388,1.1.1|3.1.1|1.1.1|1.1.1|1.1.1|1.1.1|1.1.1|1.1.1|1.1.1,838
,ME.M00921,,,M00921,"Cyclooctatin biosynthesis, dimethylallyl-PP + isopentenyl-PP => cyclooctatin",34956|34959|34960|34957|34958|34961,2.5.1.1|4.2.3.146|1.14.99.61|2.5.1.10|2.5.1|1.14.99.62,2.5.1|4.2.3|1.14.99|2.5.1|2.5.1|1.14.99,845
,ME.M00931,,,M00931,"Menaquinone biosynthesis, modified futalosine pathway",35128|35127|35125|35129|35126,2.5.1.120|4.2.1.151|1.21.98.1|3.2.2.30,2.5.1|4.2.1|1.21.98|3.2.2,880
,ME.M00018,,,M00018,"Threonine biosynthesis, aspartate => homoserine => threonine",35144|35141|35142|35143|35145|35146|35144,1.1.1.3|2.7.2.4|4.2.3.1|2.7.1.39|1.1.1.3|1.2.1.11|2.7.2.4,1.1.1|2.7.2|4.2.3|2.7.1|1.1.1|1.2.1|2.7.2,884
,ME.M00906,,,M00906,"Ethynylserine biosynthesis, lysine => ethynylserine",35258|35262|35261|35260|35259,,,893
,ME.M00637,,,M00637,"Anthranilate degradation, anthranilate => catechol",35267|35266,1.14.12.1|1.14.12.1,1.14.12|1.14.12,895
,ME.M00630,,,M00630,"D-Galacturonate degradation (fungi), D-galacturonate => glycerol",35343|35345|35346|35346|35342|35342|35342|35342|35342|35344,4.2.1.146|1.1.1|1.1.1|1.1.1.365|1.1.1.21|1.1.1.2|1.1.1|1.1.1.365|1.1.1.203|4.1.2.54,4.2.1|1.1.1|1.1.1|1.1.1|1.1.1|1.1.1|1.1.1|1.1.1|1.1.1|4.1.2,906
,ME.M00017,,,M00017,"Methionine biosynthesis, apartate => homoserine => methionine",35411|35413|35413|35415|35414|35416|35411|35412|35410|35418|35417,2.1.1.14|1.1.1.3|2.7.2.4|2.3.1.46|1.1.1.3|1.2.1.11|2.1.1.13|4.4.1.13|2.7.2.4|2.1.1.14|2.5.1.48,2.1.1|1.1.1|2.7.2|2.3.1|1.1.1|1.2.1|2.1.1|4.4.1|2.7.2|2.1.1|2.5.1,912
,ME.M00815,,,M00815,"Validamycin A biosynthesis, sedoheptulopyranose-7P => validamycin A",35478|35479|35475|35480|35474|35476|35473|35477,3.1.3.101|2.4.1.338|2.7.1.214|2.5.1.135|4.2.3.152,3.1.3|2.4.1|2.7.1|2.5.1|4.2.3,921
,ME.M00810,,,M00810,"Nicotine degradation, pyridine pathway, nicotine => 2,6-dihydroxypyridine/succinate semialdehyde",35485|35482|35481|35487|35488|35487|35484|35483|35486,1.5.3.21|1.5.99.14|1.5.99.4|1.5.3.6|1.5.3.6|1.5.3.5|1.5.99.4|3.7.1.19|1.5.3.5,1.5.3|1.5.99|1.5.99|1.5.3|1.5.3|1.5.3|1.5.99|3.7.1|1.5.3,922
,ME.M00532,,,M00532,Photorespiration,35489|35493|35495|35495|35491|35495|35490|35497|35492|35493|35495|35496|35494|35493,2.6.1.4|1.8.1.4|1.1.1.29|1.1.1.79|2.6.1.45|1.1.1.26|1.1.3.15|1.13.11|2.1.2.1|2.1.2.10|1.1.1.81|2.7.1.31|3.1.3.18|1.4.4.2,2.6.1|1.8.1|1.1.1|1.1.1|2.6.1|1.1.1|1.1.3|1.13.11|2.1.2|2.1.2|1.1.1|2.7.1|3.1.3|1.4.4,923
,ME.M00895,,,M00895,"Thiamine biosynthesis, prokaryotes, AIR (+ DXP/glycine) => TMP/TPP",35498|35499|35502|35500|35505|35501|35501|35502|35502|35503|35506|35504,2.7.4.16|4.1.99.17|2.7.7.80|2.7.4.7|2.8.1.10|2.7.7.73|2.7.7.80|2.8.1.11|2.8.1.4|1.4.3.19|2.5.1.3|5.3.99.10,2.7.4|4.1.99|2.7.7|2.7.4|2.8.1|2.7.7|2.7.7|2.8.1|2.8.1|1.4.3|2.5.1|5.3.99,924
,ME.M00042,,,M00042,"Catecholamine biosynthesis, tyrosine => dopamine => noradrenaline => adrenaline",35540|35543|35541|35539|35539|35542,1.14.16.2|1.14.17.1|4.1.1.28|1.14.18.1|1.10.3.1|2.1.1.28,1.14.16|1.14.17|4.1.1|1.14.18|1.10.3|2.1.1,931
,ME.M00881,,,M00881,"Lipoic acid biosynthesis, plants and bacteria, octanoyl-ACP => dihydrolipoyl-E2/H",35600|35602|35601,2.8.1.8|2.3.1.181|2.8.1.8,2.8.1|2.3.1|2.8.1,948
,ME.M00132,,,M00132,"Inositol phosphate metabolism, Ins(1,3,4)P3 => phytate",35603|35604|35605,2.7.1.159|2.7.1.140|2.7.1.158,2.7.1|2.7.1|2.7.1,949
,ME.M00134,,,M00134,"Polyamine biosynthesis, arginine => ornithine => putrescine",35686|35685,4.1.1.17|3.5.3.1,4.1.1|3.5.3,963
,ME.M00929,,,M00929,"Gibberellin A1 biosynthesis, GGPP => GA1",35693|35692|35697|35701|35698|35699|35696|35695|35690|35691|35702|35700|35694,1.14.14.86|1.14.14.86|1.14.14.107|1.14.14.107|5.5.1.14|4.2.3.19|1.14.14.86,1.14.14|1.14.14|1.14.14|1.14.14|5.5.1|4.2.3|1.14.14,965
,ME.M00056,,,M00056,"O-glycan biosynthesis, mucin type core",35845|35847|35846|35846|35843|35844,2.4.1.147|2.4.1.148|2.4.1.102|2.4.1.146|2.4.1.122,2.4.1|2.4.1|2.4.1|2.4.1|2.4.1,982
,ME.M00541,,,M00541,"Benzoyl-CoA degradation, benzoyl-CoA => 3-hydroxypimeloyl-CoA",35883|35882|35881|35880|35884,4.2.1.100|3.7.1.21|1.1.1.368|1.3.7.8,4.2.1|3.7.1|1.1.1|1.3.7,992
,ME.M00529,,,M00529,"Denitrification, nitrate => nitrogen",35907|35907|35904|35907|35905|35907|35906|35909|35905|35908,1.9.6.1|1.7.7.2|1.7.2.5|1.7.99|1.7.2.1|1.5.1.20|1.7.2.1|1.9.6.1|1.7.2.6|1.7.2.4,1.9.6|1.7.7|1.7.2|1.7.99|1.7.2|1.5.1|1.7.2|1.9.6|1.7.2|1.7.2,997
,ME.M00917,,,M00917,"Phytosterol biosynthesis, squalene 2,3-epoxide => campesterol/sitosterol",35927|35939|35938|35937|35936|35935|35934|35933|35932|35931|35929|35928|35926|35925|35924|35923|35922|35921|35920|35919|35918|35930,1.1.1.270|1.1.1|1.1.1.270|1.14.18.11|1.14.18.11|1.14.18.10|1.1.1.418|1.1.1.418|1.1.1.418|1.3.1.21|1.14.19.20|1.3.1.21|1.14.19.20|5.3.3.5|1.3.1.70|2.1.1.41|2.1.1.143|1.14.14.154|5.5.1.9|5.4.99.8,1.1.1|1.1.1|1.1.1|1.14.18|1.14.18|1.14.18|1.1.1|1.1.1|1.1.1|1.3.1|1.14.19|1.3.1|1.14.19|5.3.3|1.3.1|2.1.1|2.1.1|1.14.14|5.5.1|5.4.99,1000
,ME.M00166,,,M00166,"Reductive pentose phosphate cycle, ribulose-5P => glyceraldehyde-3P",35949|35950|35948|35946|35947,2.7.2.3|2.7.1.19|1.2.1.59|4.1.1.39|1.2.1.12,2.7.2|2.7.1|1.2.1|4.1.1|1.2.1,1003
,ME.M00078,,,M00078,Heparan sulfate degradation,36012,2.3.1.78,2.3.1,1012
,ME.M00531,,,M00531,"Assimilatory nitrate reduction, nitrate => ammonia",36023|36025|36025|36020|36023|36019|36021|36025|36022|36024|36025|36019,1.7.1.2|1.9.6.1|1.7.99|1.7.1.4|1.7.1.1|1.7.1.4|1.7.7.1|1.5.1.20|1.7.7.2|1.7.1.2|1.7.7.2|1.7.1.15,1.7.1|1.9.6|1.7.99|1.7.1|1.7.1|1.7.1|1.7.7|1.5.1|1.7.7|1.7.1|1.7.7|1.7.1,1014
,ME.M00926,,,M00926,"Heme biosynthesis, bacteria, glutamyl-tRNA => coproporphyrin III => heme",36033|36034|36035|36036|36037|36038|36039|36031|36032,5.4.3.8|4.2.1.75|4.1.1.37|1.2.1.70|1.3.3.15|4.99.1.9|1.3.98.5|4.2.1.24|2.5.1.61,5.4.3|4.2.1|4.1.1|1.2.1|1.3.3|4.99.1|1.3.98|4.2.1|2.5.1,1017
,ME.M00563,,,M00563,"Methanogenesis, methylamine/dimethylamine/trimethylamine => methane",36090|36085|36091|36088|36087|36086|36084|36087|36086|36088|36089|36092,1.8.7.3|2.8.4.1|1.8.98.5|2.1.1.247|2.1.1.248|2.1.1.250|1.8.98.1|2.1.1.247|2.1.1.247|2.1.1.249|1.8.98.4|1.8.98.6,1.8.7|2.8.4|1.8.98|2.1.1|2.1.1|2.1.1|1.8.98|2.1.1|2.1.1|2.1.1|1.8.98|1.8.98,1028
,ME.M00904,,,M00904,"Dapdiamides biosynthesis, L-2,3-diaminopropanoate => dapdiamide A/B/C",36100|36102|36099|36103|36101,6.3.2.47|6.3.2.47|6.3.2.46|6.3.2.47,6.3.2|6.3.2|6.3.2|6.3.2,1033
,ME.M00012,,,M00012,Glyoxylate cycle,36213|36218|36216|36217|36213|36213|36213|36213|36213|36220|36213|36219|36213|36213|36218|36213|36213|36215|36213|36214,1.1.1.95|4.2.1.3|4.1.3.24|4.1.3.1|1.1.1.337|1.1.1.27|1.1.1.85|1.1.1.299|1.1.1.375|3.1.2.30|1.1.1.38|4.2.1.3|1.1.1.81|1.1.1.28|4.2.1.117|1.1.1.37|1.1.1.96|2.3.3.9|1.1.1.82|2.3.3.3,1.1.1|4.2.1|4.1.3|4.1.3|1.1.1|1.1.1|1.1.1|1.1.1|1.1.1|3.1.2|1.1.1|4.2.1|1.1.1|1.1.1|4.2.1|1.1.1|1.1.1|2.3.3|1.1.1|2.3.3,1057
,ME.M00789,,,M00789,"Rebeccamycin biosynthesis, tryptophan => rebeccamycin",36243|36240|36244|36245|36241|36242,4.3.3.5|1.4.3.23|2.1.1.164|1.14.19.9|1.21.98.2|1.13.12.17,4.3.3|1.4.3|2.1.1|1.14.19|1.21.98|1.13.12,1061
,ME.M00034,,,M00034,Methionine salvage pathway,36264|36252|36253|36254|36254|36255|36256|36257|36258|36259|36260|36261|36262|36263,2.6.1.88|2.5.1.6|4.1.1.50|3.2.2.9|3.2.2.16|2.4.2.28|2.5.1.16|2.7.1.100|5.3.1.23|1.13.11.54|4.2.1.109|5.3.2.5|3.1.3.87|3.1.3.77,2.6.1|2.5.1|4.1.1|3.2.2|3.2.2|2.4.2|2.5.1|2.7.1|5.3.1|1.13.11|4.2.1|5.3.2|3.1.3|3.1.3,1065
,ME.M00788,,,M00788,"Terpentecin biosynthesis, GGAP => terpentecin",36311|36310|36312,5.5.1.15|4.2.3.36,5.5.1|4.2.3,1073
,ME.M00022,,,M00022,"Shikimate pathway, phosphoenolpyruvate + erythrose-4P => chorismate",36375|36372|36376|36373|36374|36377|36378,1.1.1.25|4.2.3.5|4.2.3.4|2.5.1.54|2.7.1.71|4.2.1.10|2.5.1.19,1.1.1|4.2.3|4.2.3|2.5.1|2.7.1|4.2.1|2.5.1,1088
,ME.M00307,,,M00307,"Pyruvate oxidation, pyruvate => acetyl-CoA",36382|36379|36380|36383|36381|36384|36379|36379,2.3.1.12|4.1.1.1|1.2.1.104|1.2.4.1|1.2.7.1|1.8.1.4|1.2.4.1|2.2.1.6,2.3.1|4.1.1|1.2.1|1.2.4|1.2.7|1.8.1|1.2.4|2.2.1,1089
,ME.M00910,,,M00910,"Phenylalanine biosynthesis, chorismate => arogenate => phenylalanine",36709|36710|36708|36707,2.6.1.78|2.6.1.79|5.4.99.5|4.2.1.91,2.6.1|2.6.1|5.4.99|4.2.1,1119
,ME.M00540,,,M00540,"Benzoate degradation, cyclohexanecarboxylic acid =>pimeloyl-CoA",36796|36797|36794|36797|36795|36793|36797,6.2.1.2|3.7.1|6.2.1.25|4.2.1|6.2.1,6.2.1|3.7.1|6.2.1|4.2.1|6.2.1,1138
,ME.M00798,,,M00798,dTDP-L-mycarose biosynthesis,36808|36809|36810|36807,1.1.1|2.1.1|4.2.1.159,1.1.1|2.1.1|4.2.1,1141
,ME.M00103,,,M00103,Cholecalciferol biosynthesis,36880|36879|36878,1.14.14.24|1.14.15.18,1.14.14|1.14.15,1154
,ME.M00129,,,M00129,"Ascorbate biosynthesis, animals, glucose-1P => ascorbate",36997|36993|36991|36994|36995|36996|36990|36989|36990|36992,1.1.3.8|3.2.1.31|1.1.3.8|1.1.1.19|3.1.1.17|1.1.3.8|2.7.7.64|1.1.1.22|2.7.7.9|2.4.1.17,1.1.3|3.2.1|1.1.3|1.1.1|3.1.1|1.1.3|2.7.7|1.1.1|2.7.7|2.4.1,1174
,ME.M00916,,,M00916,"Pyridoxal-P biosynthesis, R5P + glyceraldehyde-3P + glutamine => pyridoxal-P",37029,4.3.3.6,4.3.3,1178
,ME.M00121,,,M00121,"Heme biosynthesis, plants and bacteria, glutamate => heme",37073|37066|37067|37072|37071|37073|37074|37075|37065|37064|37068|37069|37070,6.1.1.24|4.99.1.1|5.4.3.8|1.2.1.70|1.3.3.4|6.1.1.17|1.3.98.3|1.3.5.3|2.5.1.61|4.2.1.24|4.2.1.75|4.1.1.37|1.3.3.3,6.1.1|4.99.1|5.4.3|1.2.1|1.3.3|6.1.1|1.3.98|1.3.5|2.5.1|4.2.1|4.2.1|4.1.1|1.3.3,1187
,ME.M00378,,,M00378,F420 biosynthesis,37076|37081|37080|37079|37078|37077,2.7.7.105|4.3.1.32|2.5.1.147|6.3.2.34|6.3.2.31|2.7.8.28,2.7.7|4.3.1|2.5.1|6.3.2|6.3.2|2.7.8,1188
,ME.M00934,,,M00934,"Mycinamicin biosynthesis, malonyl-CoA + methylmalonyl-CoA => protomycinolide IV => mycinamicin II",37185|37186|37187|37188|37190|37189|37184,2.1.1.237|2.4.1|1.14.13|2.4.1|1.14.13|1.14.13|2.1.1.238,2.1.1|2.4.1|1.14.13|2.4.1|1.14.13|1.14.13|2.1.1,1211
,ME.M00893,,,M00893,"Lovastatin biosynthesis, malonyl-CoA => lovastatin acid",37302|37303|37305|37304|37301|37300|37299,1.14.14.125|2.3.1.244|3.1.2.31|1.14.14.124|1.14.14.124|2.3.1.161,1.14.14|2.3.1|3.1.2|1.14.14|1.14.14|2.3.1,1219
,ME.M00790,,,M00790,"Pyrrolnitrin biosynthesis, tryptophan => pyrrolnitrin",37371|37373|37372|37374,1.14.19.9|1.14.19|1.14.13,1.14.19|1.14.19|1.14.13,1230
,ME.M00572,,,M00572,"Pimeloyl-ACP biosynthesis, BioC-BioH pathway, malonyl-ACP => pimeloyl-ACP",37513|37509|37510|37510|37511|37513|37514|37514|37515|37516|37517|37517|37512|37508,1.3.1.9|3.1.1.85|2.3.1.41|2.3.1.179|1.1.1.100|1.3.1.10|2.3.1.41|2.3.1.179|1.1.1.100|4.2.1.59|1.3.1.10|1.3.1.9|2.1.1.197,1.3.1|3.1.1|2.3.1|2.3.1|1.1.1|1.3.1|2.3.1|2.3.1|1.1.1|4.2.1|1.3.1|1.3.1|2.1.1,1253
,ME.M00741,,,M00741,"Propanoyl-CoA metabolism, propanoyl-CoA => succinyl-CoA",37518|37519,5.4.99.2|6.4.1.3,5.4.99|6.4.1,1254
,ME.M00377,,,M00377,Reductive acetyl-CoA pathway (Wood-Ljungdahl pathway),37572|37571|37576|37573|37574|37575|37569|37570|37576|37568|37576,2.1.1.258|3.5.4.9|2.1.1.258|1.2.7.4|1.5.1.20|2.3.1.169|6.3.4.3|1.5.1.5|2.1.1.245|1.17.1.10|2.3.1.169,2.1.1|3.5.4|2.1.1|1.2.7|1.5.1|2.3.1|6.3.4|1.5.1|2.1.1|1.17.1|2.3.1,1263
,ME.M00170,,,M00170,"C4-dicarboxylic acid cycle, phosphoenolpyruvate carboxykinase type",37591|37590|37589,2.6.1.1|4.1.1.31|4.1.1.49,2.6.1|4.1.1|4.1.1,1267
,ME.M00168,,,M00168,"CAM (Crassulacean acid metabolism), dark",37627|37627|37627|37627|37627|37627|37627|37627|37627|37627|37627|37628|37627,1.1.1.27|1.1.1.81|1.1.1.95|1.1.1.38|1.1.1.82|1.1.1.299|1.1.1.37|1.1.1.28|1.1.1.96|1.1.1.337|1.1.1.375|4.1.1.31|1.1.1.85,1.1.1|1.1.1|1.1.1|1.1.1|1.1.1|1.1.1|1.1.1|1.1.1|1.1.1|1.1.1|1.1.1|4.1.1|1.1.1,1275
,ME.M00368,,,M00368,"Ethylene biosynthesis, methionine => ethylene",37655|37654|37653,1.14.17.4|4.4.1.14|2.5.1.6,1.14.17|4.4.1|2.5.1,1282
,ME.M00631,,,M00631,"D-Galacturonate degradation (bacteria), D-galacturonate => pyruvate + D-glyceraldehyde 3P",37669|37670|37668|37666|37670|37667|37667,1.1.1.58|4.1.2.55|5.3.1.12|4.2.1.7|4.1.2.14|2.7.1.178|2.7.1.45,1.1.1|4.1.2|5.3.1|4.2.1|4.1.2|2.7.1|2.7.1,1287
,ME.M00880,,,M00880,"Molybdenum cofactor biosynthesis, GTP => molybdenum cofactor",37732|37730|37729|37731|37728,4.6.1.17|2.7.7.75|2.8.1.12|2.10.1.1|4.1.99.22,4.6.1|2.7.7|2.8.1|2.10.1|4.1.99,1303
,ME.M00027,,,M00027,GABA (gamma-Aminobutyrate) shunt,37739|37740|37736|37738|37737,2.6.1.19|2.6.1.96|4.1.1.15|1.2.1.79|1.2.1.24,2.6.1|2.6.1|4.1.1|1.2.1|1.2.1,1305
,ME.M00833,,,M00833,"Calicheamicin biosynthesis, calicheamicinone => calicheamicin",37851|37842|37848|37852|37844|37841|37849|37850|37845|37847|37846|37843,,,1319
,ME.M00081,,,M00081,Pectin degradation,37933|37932|37932|37934|37934,3.1.1.11|3.2.1.15|3.2.1.82|3.2.1.67|3.2.1.15,3.1.1|3.2.1|3.2.1|3.2.1|3.2.1,1324
,ME.M00922,,,M00922,CMP-Neu5Ac biosynthesis,37963|37962|37962|37964,2.7.7.43|5.1.3.14|3.2.1.183|2.5.1.56,2.7.7|5.1.3|3.2.1|2.5.1,1332
,ME.M00787,,,M00787,"Bacilysin biosynthesis, prephenate => bacilysin",37978|37977|37979|37976|37975|37981|37980,5.3.3.19|6.3.2.49|4.1.1.100|1.1.1.385|2.6.1,5.3.3|6.3.2|4.1.1|1.1.1|2.6.1,1336
,ME.M00055,,,M00055,N-glycan precursor biosynthesis,38012|38010|38014|38013|38011,2.4.1.141|2.4.1.117|2.4.1.142|2.7.8.15,2.4.1|2.4.1|2.4.1|2.7.8,1341
,ME.M00117,,,M00117,"Ubiquinone biosynthesis, prokaryotes, chorismate (+ polyprenyl-PP) => ubiquinol",38052|38057|38056|38054|38053|38051|38055,4.1.1.98|1.14.99.60|2.1.1.201|1.14.13.240|2.5.1.93|4.1.3.40|2.1.1.222,4.1.1|1.14.99|2.1.1|1.14.13|2.5.1|4.1.3|2.1.1,1350
,ME.M00552,,,M00552,"D-galactonate degradation, De Ley-Doudoroff pathway, D-galactonate => glycerate-3P",38071|38068|38070|38072|38069|38069|38072|38071,4.2.1.6|1.2.1.12|2.7.2.3|2.7.1.58|4.1.2.21|4.1.2.55|2.7.1.178|4.2.1.140,4.2.1|1.2.1|2.7.2|2.7.1|4.1.2|4.1.2|2.7.1|4.2.1,1353
,ME.M00620,,,M00620,"Incomplete reductive citrate cycle, acetyl-CoA => oxoglutarate",38129|38129|38129|38129|38129|38129|38129|38129|38133|38129|38129|38129|38130|38135|38131|38134|38132|38129,1.1.1.337|1.1.1.37|1.1.1.375|1.1.1.38|1.1.1.27|1.1.1.81|1.1.1.28|1.1.1.85|1.2.7.1|1.1.1.96|1.1.1.95|1.1.1.82|6.4.1.1|1.3.4.1|6.2.1.5|1.2.7.3|4.2.1.2|1.1.1.299,1.1.1|1.1.1|1.1.1|1.1.1|1.1.1|1.1.1|1.1.1|1.1.1|1.2.7|1.1.1|1.1.1|1.1.1|6.4.1|1.3.4|6.2.1|1.2.7|4.2.1|1.1.1,1365
,ME.M00028,,,M00028,"Ornithine biosynthesis, glutamate => ornithine",38138|38136|38137|38141|38139|38140,2.3.1.35|2.3.1.1|3.5.1.16|1.2.1.38|2.6.1.11|2.7.2.8,2.3.1|2.3.1|3.5.1|1.2.1|2.6.1|2.7.2,1366
,ME.M00782,,,M00782,"Mithramycin biosynthesis, 4-demethylpremithramycinone => mithramycin",38144|38150|38149|38148|38147|38146|38145|38143|38142,2.4.1|2.4.1|2.4.1|2.1.1|2.4.1|2.4.1,2.4.1|2.4.1|2.4.1|2.1.1|2.4.1|2.4.1,1367
,ME.M00897,,,M00897,"Thiamine biosynthesis, plants, AIR (+ NAD+) => TMP/thiamine/TPP",38157|38158|38156|38155|38154|38153|38152,2.5.1.3|2.4.2.60|2.7.4.7|4.1.99.17|3.1.3.100|2.7.6.2,2.5.1|2.4.2|2.7.4|4.1.99|3.1.3|2.7.6,1369
,ME.M00057,,,M00057,"Glycosaminoglycan biosynthesis, linkage tetrasaccharide",38240|38239,2.4.1.135|2.4.2.26,2.4.1|2.4.2,1390
,ME.M00915,,,M00915,"Caffeine degradation, caffeine => xanthine",38259|38256|38257|38262|38261|38260|38258|38255|38254|38254|38253,1.14.13.179|1.14.13.178|1.14.13.178|1.14.13.128|1.14.13.128|1.14.13.179|1.14.13.178|1.14.13.178|1.14.13.128|1.14.13.179|1.14.13.179,1.14.13|1.14.13|1.14.13|1.14.13|1.14.13|1.14.13|1.14.13|1.14.13|1.14.13|1.14.13|1.14.13,1393
,ME.M00923,,,M00923,UDP-L-FucNAm biosynthesis,38354,4.2.1.115,4.2.1,1418
,ME.M00418,,,M00418,"Toluene degradation, anaerobic, toluene => benzoyl-CoA",38410|38411|38412|38409|38407|38408,2.8.3.15|4.1.99.11|4.2.1|1.1.1|1.3.8.3,2.8.3|4.1.99|4.2.1|1.1.1|1.3.8,1431
,ME.M00092,,,M00092,"Phosphatidylethanolamine (PE) biosynthesis, ethanolamine => PE",38429|38428|38427,2.7.8.1|2.7.7.14|2.7.1.82,2.7.8|2.7.7|2.7.1,1436
,ME.M00016,,,M00016,"Lysine biosynthesis, succinyl-DAP pathway, aspartate => lysine",38515|38523|38522|38521|38518|38519|38520|38516|38517,4.1.1.20|4.3.3.7|2.6.1.17|2.3.1.117|3.5.1.18|1.17.1.8|1.17.1.8|2.7.2.4|1.2.1.11,4.1.1|4.3.3|2.6.1|2.3.1|3.5.1|1.17.1|1.17.1|2.7.2|1.2.1,1451
,ME.M00675,,,M00675,"Carbapenem-3-carboxylate biosynthesis, pyrroline-5-carboxylate + malonyl-CoA => carbapenem-3-carboxylate",38526|38525|38524,6.3.3.6|2.3.1.226|1.14.20.3,6.3.3|2.3.1|1.14.20,1452
,ME.M00826,,,M00826,"C-1027 benzoxazolinate moiety biosynthesis, chorismate => benzoxazolinyl-CoA",38625|38628|38629|38627|38626|38630,2.6.1.86|1.3.8.16,2.6.1|1.3.8,1467
,ME.M00800,,,M00800,dTDP-L-megosamine biosynthesis,38639|38640|38641|38638,2.6.1|2.1.1|4.2.1.159,2.6.1|2.1.1|4.2.1,1470
,ME.M00044,,,M00044,"Tyrosine degradation, tyrosine => homogentisate",38644|38643|38643|38643|38642|38643|38646|38645,3.7.1.2|2.6.1.5|2.6.1.27|2.6.1.1|1.4.3.2|2.6.1.57|1.13.11.27|1.13.11.5,3.7.1|2.6.1|2.6.1|2.6.1|1.4.3|2.6.1|1.13.11|1.13.11,1471
,ME.M00082,,,M00082,"Fatty acid biosynthesis, initiation",38652|38655|38654|38654|38654|38654|38654|38653|38653|38653|38653|38652|38652|38652|38652|38652|38652|38651,2.7.8.7|2.3.1.180|2.3.1|2.3.1.41|2.3.1.86|2.3.1.85|2.3.1.179|2.3.1|2.3.1.39|2.3.1.86|2.3.1.85|2.3.1|2.3.1.38|2.3.1.86|2.3.1.180|2.3.1.85|2.3.1.39|6.4.1.2,2.7.8|2.3.1|2.3.1|2.3.1|2.3.1|2.3.1|2.3.1|2.3.1|2.3.1|2.3.1|2.3.1|2.3.1|2.3.1|2.3.1|2.3.1|2.3.1|2.3.1|6.4.1,1473
,ME.M00774,,,M00774,"Erythromycin biosynthesis, propanoyl-CoA + methylmalonyl-CoA => deoxyerythronolide B => erythromycin A/B",38680|38677|38681|38679|38682|38678|38683,1.14.13.154|2.3.1.94|2.4.1.328|2.1.1.254|2.4.1.278|1.14.15.35|2.1.1.254,1.14.13|2.3.1|2.4.1|2.1.1|2.4.1|1.14.15|2.1.1,1478
,ME.M00547,,,M00547,"Benzene/toluene degradation, benzene => catechol / toluene => 3-methylcatechol",38755|38753|38754|38756,1.14.12.11|1.3.1.19|1.14.12.3|1.3.1.19,1.14.12|1.3.1|1.14.12|1.3.1,1487
,ME.M00071,,,M00071,"Glycosphingolipid biosynthesis, neolacto-series, LacCer => nLc4Cer",38757|38758,2.4.1.206|2.4.1.275,2.4.1|2.4.1,1488
,ME.M00796,,,M00796,dTDP-D-mycaminose biosynthesis,39017|39018|39019,2.6.1.89|5.3.2.4|2.1.1.235,2.6.1|5.3.2|2.1.1,1527
,ME.M00126,,,M00126,"Tetrahydrofolate biosynthesis, GTP => THF",39040|39048|39047|39046|39045|39044|39044|39044|39044|39043|39042|39041|39053|39051|39052|39050|39049,3.1.3.1|4.1.2.25|2.7.6.3|2.5.1.15|4.1.2.25|2.7.6.3|2.5.1.15|6.3.2.12|6.3.2.12|1.5.1.3|1.5.1.3|3.5.4.16|3.6.1.67|3.6.1,3.1.3|4.1.2|2.7.6|2.5.1|4.1.2|2.7.6|2.5.1|6.3.2|6.3.2|1.5.1|1.5.1|3.5.4|3.6.1|3.6.1,1531
,ME.M00369,,,M00369,"Cyanogenic glycoside biosynthesis, tyrosine => dhurrin",39143|39141|39145|39144|39142,1.14.14.36|1.14.14.36|1.14.14.36|1.14.14.37|2.4.1.85,1.14.14|1.14.14|1.14.14|1.14.14|2.4.1,1553
,ME.M00130,,,M00130,"Inositol phosphate metabolism, PI=> PIP2 => Ins(1,4,5)P3 => Ins(1,3,4,5)P4",39163|39161|39164|39162,3.1.4.11|2.7.1.67|2.7.1.68|2.7.1.127,3.1.4|2.7.1|2.7.1|2.7.1,1557
,ME.M00554,,,M00554,"Nucleotide sugar biosynthesis, galactose => UDP-galactose",39181,2.7.1.6,2.7.1,1562
,ME.M00882,,,M00882,"Lipoic acid biosynthesis, eukaryotes, octanoyl-ACP => dihydrolipoyl-H",39183|39182,2.3.1.181|2.8.1.8,2.3.1|2.8.1,1563
,ME.M00623,,,M00623,"Phthalate degradation, phthalate => protocatechuate",39214|39216|39215,4.1.1.55|1.3.1.64|1.14.12.7,4.1.1|1.3.1|1.14.12,1572
,ME.M00047,,,M00047,Creatine pathway,39247|39246|39248|39245,2.1.1.2|2.7.3.2|2.1.4.1,2.1.1|2.7.3|2.1.4,1582
,ME.M00048,,,M00048,"Inosine monophosphate biosynthesis, PRPP + glutamine => IMP",39288|39287|39289|39290|39291|39292|39293|39294|39295|39296|39297|39298|39299,3.5.4.10|2.4.2.14|6.3.4.13|6.3.3.1|4.1.1.21|2.1.2.2|6.3.5.3|4.3.2.2|2.1.2.3|6.3.2.6|6.3.4.23|6.3.4.18|5.4.99.18,3.5.4|2.4.2|6.3.4|6.3.3|4.1.1|2.1.2|6.3.5|4.3.2|2.1.2|6.3.2|6.3.4|6.3.4|5.4.99,1591
,ME.M00125,,,M00125,"Riboflavin biosynthesis, plants and bacteria, GTP => riboflavin/FMN/FAD",39320|39325|39324|39326|39318|39319|39323|39322|39321,3.5.4.25|3.1.3.104|2.5.1.78|4.1.99.12|2.5.1.9|2.7.7.2|3.5.4.26|1.1.1.193|2.7.1.26,3.5.4|3.1.3|2.5.1|4.1.99|2.5.1|2.7.7|3.5.4|1.1.1|2.7.1,1596
,ME.M00548,,,M00548,"Benzene degradation, benzene => catechol",39388|39389,1.14.13.244|1.14.13.244,1.14.13|1.14.13,1600
,ME.M00175,,,M00175,"Nitrogen fixation, nitrogen => ammonia",39393,1.18.6.2,1.18.6,1602
,ME.M00045,,,M00045,"Histidine degradation, histidine => N-formiminoglutamate => glutamate",39411|39408|39410|39409|39407|39405|39406,4.2.1.49|3.5.3.13|3.5.2.7|2.1.2.5|3.5.3.8|3.5.1.68|4.3.1.3,4.2.1|3.5.3|3.5.2|2.1.2|3.5.3|3.5.1|4.3.1,1605
,ME.M00577,,,M00577,"Biotin biosynthesis, BioW pathway, pimelate => pimeloyl-CoA => biotin",39415|39414|39413|39416|39417|39412,2.3.1.47|6.2.1.14|6.3.3.3|2.6.1.62|2.6.1.105|2.8.1.6,2.3.1|6.2.1|6.3.3|2.6.1|2.6.1|2.8.1,1606
,ME.M00832,,,M00832,"Kedarcidin 2-aza-3-chloro-beta-tyrosine moiety biosynthesis, azatyrosine => 2-aza-3-chloro-beta-tyrosyl-PCP",39452|39453|39454,,,1612
,ME.M00932,,,M00932,"Phylloquinone biosynthesis, chorismate (+ phytyl-PP) => phylloquinol",39471|39468|39467|39466|39465|39464|39463|39462|39470|39469,2.5.1.130|4.2.99.20|2.2.1.9|3.1.2.28|2.1.1.329|4.2.1.113|6.2.1.26|5.4.4.2|1.6.5.12,2.5.1|4.2.99|2.2.1|3.1.2|2.1.1|4.2.1|6.2.1|5.4.4|1.6.5,1615
,ME.M00883,,,M00883,"Lipoic acid biosynthesis, animals and bacteria, octanoyl-ACP => dihydrolipoyl-H => dihydrolipoyl-E2",39492|39491|39490,2.3.1.181|2.8.1.8,2.3.1|2.8.1,1619
,ME.M00538,,,M00538,"Toluene degradation, toluene => benzoate",39608|39606|39607,1.14.15.26|1.2.1.28|1.1.1.90,1.14.15|1.2.1|1.1.1,1639
,ME.M00819,,,M00819,"Pentalenolactone biosynthesis, farnesyl-PP => pentalenolactone",39643|39649|39648|39647|39646|39645|39650|39644,4.2.3.7|1.14.19.8|1.14.11.35|1.1.1.340|1.14.13.170|1.14.11.36|1.14.15.32,4.2.3|1.14.19|1.14.11|1.1.1|1.14.13|1.14.11|1.14.15,1648
,ME.M00528,,,M00528,"Nitrification, ammonia => nitrite",39667|39666|39667|39666|39667,1.7.2.6|1.14.99.39|1.7.99.1|1.14.18.3|1.7.2.2,1.7.2|1.14.99|1.7.99|1.14.18|1.7.2,1655
,ME.M00088,,,M00088,"Ketone body biosynthesis, acetyl-CoA => acetoacetate/3-hydroxybutyrate/acetone",39670|39674|39673|39672|39671|39670,2.3.1.16|2.3.3.10|4.1.1.4|1.1.1.30|4.1.3.4|2.3.1.9,2.3.1|2.3.3|4.1.1|1.1.1|4.1.3|2.3.1,1657
,ME.M00914,,,M00914,"Coenzyme A biosynthesis, archaea, 2-oxoisovalerate => 4-phosphopantoate => CoA",39815|39819|39818|39817|39821|39820|39816,2.1.2.11|6.3.2.5|4.1.1.36|2.7.7.3|6.3.2.36|2.7.1.169|1.1.1.169,2.1.2|6.3.2|4.1.1|2.7.7|6.3.2|2.7.1|1.1.1,1686
,ME.M00565,,,M00565,"Trehalose biosynthesis, D-glucose 1P => trehalose",39825|39824|39823|39822,3.2.1.141|2.4.1.242|5.4.99.15|2.7.7.27,3.2.1|2.4.1|5.4.99|2.7.7,1687
,ME.M00879,,,M00879,"Arginine succinyltransferase pathway, arginine => glutamate",39884|39885|39881|39883|39882,2.6.1.81|1.2.1.71|3.5.1.96|3.5.3.23|2.3.1.109,2.6.1|1.2.1|3.5.1|3.5.3|2.3.1,1699
,ME.M00366,,,M00366,"C10-C20 isoprenoid biosynthesis, plants",40018|40019|40020|40021,5.3.3.2|2.5.1.1|2.5.1.10|2.5.1,5.3.3|2.5.1|2.5.1|2.5.1,1706
,ME.M00021,,,M00021,"Cysteine biosynthesis, serine => cysteine",40023|40022,2.5.1.47|2.3.1.30,2.5.1|2.3.1,1707
,ME.M00023,,,M00023,"Tryptophan biosynthesis, chorismate => tryptophan",40066|40067|40068|40063|40065|40064,4.2.1.20|4.1.1.48|5.3.1.24|4.1.3.27|2.4.2.18|4.1.3.27,4.2.1|4.1.1|5.3.1|4.1.3|2.4.2|4.1.3,1717
,ME.M00093,,,M00093,"Phosphatidylethanolamine (PE) biosynthesis, PA => PS => PE",40095|40096|40097,2.7.7.41|2.7.8.8|4.1.1.65,2.7.7|2.7.8|4.1.1,1724
,ME.M00836,,,M00836,"Coenzyme F430 biosynthesis, sirohydrochlorin => coenzyme F430",40101|40098|40099|40100,6.4.1.9|4.99.1.11|6.3.5.12|6.3.3.7,6.4.1|4.99.1|6.3.5|6.3.3,1725
,ME.M00367,,,M00367,"C10-C20 isoprenoid biosynthesis, non-plant eukaryotes",40148|40149|40150|40151,5.3.3.2|2.5.1.1|2.5.1.10|2.5.1,5.3.3|2.5.1|2.5.1|2.5.1,1740
,ME.M00855,,,M00855,"Glycogen degradation, glycogen => glucose-6P",40158|40159|40159|40159|40159|40159,2.4.1.1|5.4.2.5|5.4.2.10|5.4.2.2|5.4.2.3|5.4.2.8,2.4.1|5.4.2|5.4.2|5.4.2|5.4.2|5.4.2,1743
,ME.M00609,,,M00609,"Cysteine biosynthesis, methionine => cysteine",40227|40228|40223|40224|40227|40225|40226|40227,2.5.1.47|2.5.1.6|3.2.2.9|4.2.1.22|4.4.1.1|4.4.1.21|2.5.1.134,2.5.1|2.5.1|3.2.2|4.2.1|4.4.1|4.4.1|2.5.1,1754
,ME.M00069,,,M00069,"Glycosphingolipid biosynthesis, ganglio series, LacCer => GT3",40489|40490,2.4.99.9|2.4.99.8,2.4.99|2.4.99,1788
,ME.M00672,,,M00672,"Penicillin biosynthesis, aminoadipate + cycteine + valine => penicillin",40544|40543|40542,2.3.1.164|1.21.3.1|6.3.2.26,2.3.1|1.21.3|6.3.2,1803
,ME.M00867,,,M00867,KDO2-lipid A modification pathway,40561|40559|40563|40562|40560,3.2.1.144|2.7.8.43,3.2.1|2.7.8,1807
,ME.M00805,,,M00805,"Staurosporine biosynthesis, tryptophan => staurosporine",40609|40608|40603|40606|40604|40607|40605,2.1.1.139|1.4.3.23|2.4.1,2.1.1|1.4.3|2.4.1,1815
,ME.M00020,,,M00020,"Serine biosynthesis, glycerate-3P => serine",40625|40624|40623,2.6.1.52|1.1.1.95|3.1.3.3,2.6.1|1.1.1|3.1.3,1818
,ME.M00534,,,M00534,"Naphthalene degradation, naphthalene => salicylate",40631|40626|40629|40627|40628|40630,5.99.1.4|1.2.1.65|1.13.11.56|1.14.12.12|1.3.1.29|4.1.2.45,5.99.1|1.2.1|1.13.11|1.14.12|1.3.1|4.1.2,1819
,ME.M00172,,,M00172,"C4-dicarboxylic acid cycle, NADP - malic enzyme type",40648|40646|40645|40647,4.1.1.31|1.1.1.40|2.7.9.1|1.1.1.299,4.1.1|1.1.1|2.7.9|1.1.1,1824
,ME.M00823,,,M00823,"Chlortetracycline biosynthesis, pretetramide => chlortetracycline",40664|40669|40670|40668|40667|40667|40665|40663|40662|40666,1.14.13.233|1.14.19.49|2.1.1.335|1.14.13.232|1.14.13.233|1.14.13.232|1.3.98.4|1.14.13.38,1.14.13|1.14.19|2.1.1|1.14.13|1.14.13|1.14.13|1.3.98|1.14.13,1826
,ME.M00781,,,M00781,"Nogalavinone/aklavinone biosynthesis, deoxynogalonate/deoxyaklanonate => nogalavinone/aklavinone",40683|40688|40684|40686|40687|40682|40681|40685,2.1.1.288|5.5.1.23|1.13.12.22|5.5.1.26|1.13.12|1.1.1.362,2.1.1|5.5.1|1.13.12|5.5.1|1.13.12|1.1.1,1830
,ME.M00167,,,M00167,"Reductive pentose phosphate cycle, glyceraldehyde-3P => ribulose-5P",40749|40751|40752|40753|40754|40748|40750,5.3.1.6|4.1.2.13|2.2.1.1|4.1.2.13|3.1.3.37|3.1.3.11|2.2.1.1,5.3.1|4.1.2|2.2.1|4.1.2|3.1.3|3.1.3|2.2.1,1844
,ME.M00024,,,M00024,"Phenylalanine biosynthesis, chorismate => phenylpyruvate => phenylalanine",40768|40770|40769|40768|40768,2.6.1.57|5.4.99.5|4.2.1.51|2.6.1.27|2.6.1.1,2.6.1|5.4.99|4.2.1|2.6.1|2.6.1,1849
,ME.M00136,,,M00136,"GABA biosynthesis, prokaryotes, putrescine => GABA",40834|40833|40835|40836|40832,1.2.1.99|1.2.1.99|3.5.1.94|6.3.1.11,1.2.1|1.2.1|3.5.1|6.3.1,1861
,ME.M00038,,,M00038,"Tryptophan metabolism, tryptophan => kynurenine => 2-aminomuconate",40917|40915|40919|40920|40921|40915|40916|40918,1.14.13.9|1.13.11.11|3.7.1.3|1.2.1.32|4.1.1.45|1.13.11.52|3.5.1.9|1.13.11.6,1.14.13|1.13.11|3.7.1|1.2.1|4.1.1|1.13.11|3.5.1|1.13.11,1883
,ME.M00673,,,M00673,"Cephamycin C biosynthesis, aminoadipate + cycteine + valine => cephamycin C",40946|40941|40942|40943|40944|40945|40947,6.3.2.26|1.21.3.1|1.14.11.26|2.1.3.7|1.14.20.1,6.3.2|1.21.3|1.14.11|2.1.3|1.14.20,1887
,ME.M00740,,,M00740,Methylaspartate cycle,41034|41035|41036|41026|41026|41024|41023|41026|41023|41026|41023|41025|41026|41026|41026|41026|41026|41026|41026|41027|41028|41029|41030|41030|41031|41032|41026|41033,4.2.1.148|3.1.2.30|2.8.3.26|1.1.1.299|1.1.1.375|5.4.99.1|1.4.1.13|1.1.1.38|1.4.1.3|1.1.1.81|1.4.1.4|1.1.1.42|1.1.1.28|1.1.1.337|1.1.1.37|1.1.1.96|1.1.1.27|1.1.1.95|1.1.1.82|2.3.3.3|4.1.3.24|4.1.3.24|4.2.1.3|4.2.1.117|1.1.1.42|4.2.1.3|1.1.1.85|4.3.1.2,4.2.1|3.1.2|2.8.3|1.1.1|1.1.1|5.4.99|1.4.1|1.1.1|1.4.1|1.1.1|1.4.1|1.1.1|1.1.1|1.1.1|1.1.1|1.1.1|1.1.1|1.1.1|1.1.1|2.3.3|4.1.3|4.1.3|4.2.1|4.2.1|1.1.1|4.2.1|1.1.1|4.3.1,1897
,ME.M00848,,,M00848,"Aurachin biosynthesis, anthranilate => aurachin A",41044|41050|41049|41048|41052|41051|41047|41046|41045|41043,1.1.1.394|1.14.13|1.14.13|2.5.1|2.3.1|1.14.13.222|1.14.13.222|6.2.1.32,1.1.1|1.14.13|1.14.13|2.5.1|2.3.1|1.14.13|1.14.13|6.2.1,1901
,ME.M00015,,,M00015,"Proline biosynthesis, glutamate => proline",41141|41138|41139|41140,2.7.2.11|1.5.1.2|1.2.1.41,2.7.2|1.5.1|1.2.1,1921
,ME.M00849,,,M00849,"C5 isoprenoid biosynthesis, mevalonate pathway, archaea",41195|41192|41193|41199|41198|41197|41196|41194|41189|41190|41191|41189,2.7.4.26|1.1.1.88|1.1.1.34|4.1.1.110|2.7.1.186|2.7.1.185|4.1.1.99|2.7.1.36|2.3.1.9|5.3.3.2|2.3.3.10|2.3.1.16,2.7.4|1.1.1|1.1.1|4.1.1|2.7.1|2.7.1|4.1.1|2.7.1|2.3.1|5.3.3|2.3.3|2.3.1,1934
,ME.M00622,,,M00622,"Nicotinate degradation, nicotinate => fumarate",41213|41212|41215|41214|41216,1.14.13.114|3.5.1.107|3.5.1.106|1.13.11.9|1.17.2.1,1.14.13|3.5.1|3.5.1|1.13.11|1.17.2,1938
,ME.M00128,,,M00128,"Ubiquinone biosynthesis, eukaryotes, 4-hydroxybenzoate + polyprenyl-PP => ubiquinol",41305|41307|41306|41304|41302|41303,1.14.99.60|2.1.1.201|2.1.1.114|2.5.1.93,1.14.99|2.1.1|2.1.1|2.5.1,1949
,ME.M00898,,,M00898,"Thiamine biosynthesis, pyridoxal-5P => TMP/thiamine/TPP",41395|41397|41400|41401|41399|41396|41398,2.7.6.2|2.7.4.7|2.5.1.3|3.1.3.100|2.4.2.60,2.7.6|2.7.4|2.5.1|3.1.3|2.4.2,1958
,ME.M00842,,,M00842,"Tetrahydrobiopterin biosynthesis, GTP => BH4",41489|41484|41488|41486|41487|41485,1.1.1.153|3.5.4.16|4.2.3.12,1.1.1|3.5.4|4.2.3,1965
,ME.M00065,,,M00065,"GPI-anchor biosynthesis, core oligosaccharide",41534|41532|41533,,,1974
,ME.M00375,,,M00375,Hydroxypropionate-hydroxybutylate cycle,41553|41552|41541|41541|41542|41543|41544|41545|41546|41547|41548|41549|41550|41551|41554|41555,6.2.1.36|2.3.1.9|2.3.1.16|1.2.1.75|6.4.1.2|5.4.99.2|1.3.1.84|6.4.1.3|1.1.1.35|4.2.1.150|4.2.1.116|6.2.1.40|1.2.1.76|1.1.1.298|4.2.1.120,6.2.1|2.3.1|2.3.1|1.2.1|6.4.1|5.4.99|1.3.1|6.4.1|1.1.1|4.2.1|4.2.1|6.2.1|1.2.1|1.1.1|4.2.1,1978
,ME.M00814,,,M00814,"Acarbose biosynthesis, sedoheptulopyranose-7P => acarbose",41606|41608|41609|41610|41602|41605|41603|41607|41604,4.2.3.152|2.7.1.188|2.7.7.91,4.2.3|2.7.1|2.7.7,1989
,ME.M00095,,,M00095,"C5 isoprenoid biosynthesis, mevalonate pathway",41641|41647|41642|41646|41645|41641|41644|41643,2.3.1.9|2.7.4.2|4.1.1.33|2.7.1.36|1.1.1.34|2.3.1.16|2.3.3.10|5.3.3.2,2.3.1|2.7.4|4.1.1|2.7.1|1.1.1|2.3.1|2.3.3|5.3.3,1996
,ME.M00141,,,M00141,"C1-unit interconversion, eukaryotes",41652|41655|41656|41654|41653,6.3.4.3|1.5.1.5|3.5.4.9|1.5.1.15|2.1.2.1,6.3.4|1.5.1|3.5.4|1.5.1|2.1.2,1998
,ME.M00794,,,M00794,dTDP-6-deoxy-D-allose biosynthesis,41772|41771,1.1.1.364|1.1.1.364,1.1.1|1.1.1,2019
,ME.M00878,,,M00878,"Phenylacetate degradation, phenylaxetate => acetyl-CoA/succinyl-CoA",41826|41827|41822|41823|41825|41828|41820|41821|41824,5.3.3.18|1.14.13.149|1.1.1.35|4.2.1.17|3.3.2.12|2.3.1.223|2.3.1.174|6.2.1.30|1.2.1.91,5.3.3|1.14.13|1.1.1|4.2.1|3.3.2|2.3.1|2.3.1|6.2.1|1.2.1,2029
,ME.M00844,,,M00844,"Arginine biosynthesis, ornithine => arginine",41846|41847|41845|41846|41846,3.5.3.12|6.3.4.5|4.3.2.1|2.1.3.3|2.1.3.6,3.5.3|6.3.4|4.3.2|2.1.3|2.1.3,2036
,ME.M00107,,,M00107,"Steroid hormone biosynthesis, cholesterol => prognenolone => progesterone",41853|41857|41856|41855|41854|41853|41853|41852,1.1.1.51|1.14.15.6|1.14.15.6|1.14.15.6|1.14.15.6|1.1.1.145|5.3.3.1|1.14.15.6,1.1.1|1.14.15|1.14.15|1.14.15|1.14.15|1.1.1|5.3.3|1.14.15,2039
,ME.M00308,,,M00308,"Semi-phosphorylative Entner-Doudoroff pathway, gluconate => glycerate-3P",41946|41947|41941|41942|41944|41943|41945|41945|41944|41946,4.1.2.55|1.2.1.3|1.2.1.90|1.2.1.12|4.2.1.39|2.7.2.3|2.7.1.178|2.7.1.45|4.2.1.140|4.1.2.14,4.1.2|1.2.1|1.2.1|1.2.1|4.2.1|2.7.2|2.7.1|2.7.1|4.2.1|4.1.2,2055
,ME.M00909,,,M00909,"UDP-N-acetyl-D-glucosamine biosynthesis, prokaryotes, glucose => UDP-GlcNAc",41956|41957|41958|41955|41955|41954|41953|41957,5.4.2.10|5.3.1.9|2.3.1.157|2.7.1.1|2.7.1.2|2.6.1.16|2.7.7.23|2.2.1.2,5.4.2|5.3.1|2.3.1|2.7.1|2.7.1|2.6.1|2.7.7|2.2.1,2057
,ME.M00007,,,M00007,"Pentose phosphate pathway, non-oxidative phase, fructose 6P => ribose 5P",42000|41998|41997|41999,2.2.1.1|2.2.1.1|5.3.1.6|2.2.1.2,2.2.1|2.2.1|5.3.1|2.2.1,2062
,ME.M00049,,,M00049,"Adenine ribonucleotide biosynthesis, IMP => ADP,ATP",42007|42004|42006|42008|42005,4.3.2.2|2.7.4.3|2.7.4.10|6.3.4.4|2.7.1.40,4.3.2|2.7.4|2.7.4|6.3.4|2.7.1,2065
,ME.M00775,,,M00775,"Oleandomycin biosynthesis, malonyl-CoA + methylmalonyl-CoA => 8,8a-deoxyoleandolide => oleandomycin",42050|42053|42052|42051|42049,2.4.1|2.1.1.239|2.4.1,2.4.1|2.1.1|2.4.1,2074
,ME.M00889,,,M00889,"Puromycin biosynthesis, ATP => puromycin",42071|42070|42077|42073|42072|42075|42079|42078|42074|42076,2.1.1.38,2.1.1,2078
,ME.M00372,,,M00372,"Abscisic acid biosynthesis, beta-carotene => abscisic acid",42116|42114|42117|42116|42115|42113|42117|42117|42109|42110|42111|42112|42116,1.14|1.1.1.288|1.14|1.14.13|1.2.3.14|1.13.11.51|1.14.13|1.14.15.24|1.14.15.21|1.14.15.21|5.3.99.9|1.13.11.51|1.14.15.24,1.14|1.1.1|1.14|1.14.13|1.2.3|1.13.11|1.14.13|1.14.15|1.14.15|1.14.15|5.3.99|1.13.11|1.14.15,2084
,ME.M00003,,,M00003,"Gluconeogenesis, oxaloacetate => fructose-6P",42186|42185|42184|42187|42188|42189|42179|42180|42181|42182|42183,4.1.2.13|1.2.1.59|1.2.1.12|2.7.2.3|5.4.2.11|3.1.3.11|4.1.1.49|4.1.1.32|4.2.1.11|4.1.1.32|5.3.1.1,4.1.2|1.2.1|1.2.1|2.7.2|5.4.2|3.1.3|4.1.1|4.1.1|4.2.1|4.1.1|5.3.1,2091
,ME.M00040,,,M00040,"Tyrosine biosynthesis, chorismate => arogenate => tyrosine",42291|42289|42288|42288|42288|42288|42290,2.6.1.78|1.3.1.78|1.3.1.43|1.3.1.78|1.3.1.12|1.3.1.79|5.4.99.5,2.6.1|1.3.1|1.3.1|1.3.1|1.3.1|1.3.1|5.4.99,2103
,ME.M00108,,,M00108,"C21-Steroid hormone biosynthesis, progesterone => corticosterone/aldosterone",42310|42311|42308|42309,1.14.15.5|1.14.15.4|1.14.14.16|1.14.15.5,1.14.15|1.14.15|1.14.14|1.14.15,2107
,ME.M00927,,,M00927,"Gibberellin A12 biosynthesis, GAPP => GA12",42352|42347|42354|42351|42350|42349|42348|42353,1.14.14.107|5.5.1.14|1.14.14.107|1.14.14.86|1.14.14.86|1.14.14.86|4.2.3.19|1.14.14.107,1.14.14|5.5.1|1.14.14|1.14.14|1.14.14|1.14.14|4.2.3|1.14.14,2113
,ME.M00102,,,M00102,"Ergocalciferol biosynthesis, squalene 2,3-epoxide => ergosterol/ergocalciferol",42429|42430|42419|42418|42420|42421|42423|42422|42424|42425|42417|42426|42427|42416|42428,1.1.1.170|1.1.1.270|1.3.1.70|2.1.1.41|1.14.14.154|1.3.1.71|1.1.1.270|1.1.1.170|5.3.3.5|1.14.19.20|1.14.19.41|1.14.18.9|5.4.99.7|1.14.18.9,1.1.1|1.1.1|1.3.1|2.1.1|1.14.14|1.3.1|1.1.1|1.1.1|5.3.3|1.14.19|1.14.19|1.14.18|5.4.99|1.14.18,2128
,ME.M00083,,,M00083,"Fatty acid biosynthesis, elongation",42497|42491|42499|42499|42499|42500|42501|42501|42502|42502|42502|42502|42502|42503|42504|42504|42505|42505|42505|42505|42505|42506|42506|42499|42498|42498|42507|42498|42507|42507|42497|42507|42507|42507|42497|42508|42508|42508|42508|42497|42509|42497|42496|42496|42496|42509|42496|42509|42496|42510|42481|42481|42510|42510|42510|42511|42512|42512|42513|42513|42513|42513|42513|42514|42515|42481|42481|42481|42483|42515|42484|42484|42495|42495|42485|42487|42482|42487|42494|42493|42486|42492|42490|42490|42490|42487|42489|42488|42487|42487,2.3.1.41|2.3.1.85|2.3.1.86|3.5.1.108|1.3.1.9|1.3.1.10|1.3.1.39|2.3.1.179|2.3.1.85|2.3.1.86|2.3.1.41|2.3.1|1.3.1.9|1.3.1.10|1.3.1.39|2.3.1.179|2.3.1.85|2.3.1.86|2.3.1.41|2.3.1|2.3.1|1.3.1.9|4.2.1.59|2.3.1.86|2.3.1.85|1.3.1|1.1.1.100|2.3.1.85|1.3.1.10|2.3.1|2.3.1.86|1.3.1.39|1.3.1.104|2.3.1.86|2.3.1.179|2.3.1.85|2.3.1.86|2.3.1.41|2.3.1.85|1.1.1.100|2.3.1.179|2.3.1|2.3.1.41|2.3.1.86|2.3.1.85|2.3.1.85|2.3.1.86|2.3.1.179|4.2.1.59|2.3.1.179|2.3.1.85|2.3.1.85|2.3.1.86|3.5.1.108|1.3.1.9|1.3.1.10|1.3.1.39|2.3.1.179|2.3.1.85|2.3.1.86|2.3.1.41|2.3.1|1.3.1.9|1.3.1.10|2.3.1.86|2.3.1.41|2.3.1|1.3.1.9|1.3.1.39|1.3.1.10|1.3.1.39|1.3.1.39|1.3.1.10|1.1.1.100|2.3.1.85|4.2.1|1.3.1.9|4.2.1.59|1.1.1.100|1.1.1.100|2.3.1.86|2.3.1.85|1.1.1.100|4.2.1.59|4.2.1.59|1.1.1.100|2.3.1|2.3.1.86,2.3.1|2.3.1|2.3.1|3.5.1|1.3.1|1.3.1|1.3.1|2.3.1|2.3.1|2.3.1|2.3.1|2.3.1|1.3.1|1.3.1|1.3.1|2.3.1|2.3.1|2.3.1|2.3.1|2.3.1|2.3.1|1.3.1|4.2.1|2.3.1|2.3.1|1.3.1|1.1.1|2.3.1|1.3.1|2.3.1|2.3.1|1.3.1|1.3.1|2.3.1|2.3.1|2.3.1|2.3.1|2.3.1|2.3.1|1.1.1|2.3.1|2.3.1|2.3.1|2.3.1|2.3.1|2.3.1|2.3.1|2.3.1|4.2.1|2.3.1|2.3.1|2.3.1|2.3.1|3.5.1|1.3.1|1.3.1|1.3.1|2.3.1|2.3.1|2.3.1|2.3.1|2.3.1|1.3.1|1.3.1|2.3.1|2.3.1|2.3.1|1.3.1|1.3.1|1.3.1|1.3.1|1.3.1|1.3.1|1.1.1|2.3.1|4.2.1|1.3.1|4.2.1|1.1.1|1.1.1|2.3.1|2.3.1|1.1.1|4.2.1|4.2.1|1.1.1|2.3.1|2.3.1,2140
,ME.M00097,,,M00097,"beta-Carotene biosynthesis, GGAP => beta-carotene",42557|42560|42559|42558|42554|42555|42556|42553|42553,1.3.5.5|1.3.5.6|1.3.5.6|1.3.5.5|5.5.1.19|2.5.1.32|5.5.1.19|2.5.1.148|2.5.1.32,1.3.5|1.3.5|1.3.5|1.3.5|5.5.1|2.5.1|5.5.1|2.5.1|2.5.1,2146
,ME.M00763,,,M00763,"Ornithine biosynthesis, mediated by LysW, glutamate => ornithine",42620|42623|42622|42623|42621,3.5.1.132|1.2.1.103|3.5.1.130|2.7.2.17,3.5.1|1.2.1|3.5.1|2.7.2,2157
,ME.M00899,,,M00899,"Thiamine salvage pathway, HMP/HET => TMP",42638|42639|42636|42637,2.7.1.50|2.7.4.7|2.5.1.3|2.7.1.49,2.7.1|2.7.4|2.5.1|2.7.1,2162
,ME.M00371,,,M00371,"Castasterone biosynthesis, campesterol => castasterone",42748|42744|42747|42746|42745|42742|42741|42743,1.14.14.147|1.14.13|1.3.1,1.14.14|1.14.13|1.3.1,2187
,ME.M00892,,,M00892,"UDP-N-acetyl-D-glucosamine biosynthesis, eukaryotes, glucose => UDP-GlcNAc",42776|42780|42779|42778|42777|42777|42779|42775,2.6.1.16|5.4.2.3|2.2.1.2|2.3.1.4|2.7.1.2|2.7.1.1|5.3.1.9|2.7.7.23,2.6.1|5.4.2|2.2.1|2.3.1|2.7.1|2.7.1|5.3.1|2.7.7,2193
,ME.M00840,,,M00840,"Tetrahydrofolate biosynthesis, mediated by ribA and trpF, GTP => THF",42795|42799|42798|42797|42800|42796|42795|42795|42791|42793|42794|42795|42792,2.5.1.15|3.6.1|4.1.2.25|2.7.6.3|4.2.1.160|2.5.1.15|4.1.2.25|2.7.6.3|3.5.4.25|1.5.1.3|6.3.2.12|6.3.2.12|1.5.1.3,2.5.1|3.6.1|4.1.2|2.7.6|4.2.1|2.5.1|4.1.2|2.7.6|3.5.4|1.5.1|6.3.2|6.3.2|1.5.1,2196
,ME.M00053,,,M00053,"Pyrimidine deoxyribonuleotide biosynthesis, CDP/CTP => dCDP/dCTP,dTDP/dTTP",42809|42808|42813|42810|42814|42810|42807|42815|42811|42811|42812|42807|42810,2.7.4.6|1.17.4.1|3.5.4.13|2.7.4.9|2.7.4.6|2.7.4.13|1.17.4.1|1.1.98.6|3.6.1.9|3.6.1.23|2.1.1.45|1.17.4.2|2.7.4.12,2.7.4|1.17.4|3.5.4|2.7.4|2.7.4|2.7.4|1.17.4|1.1.98|3.6.1|3.6.1|2.1.1|1.17.4|2.7.4,2199
,ME.M00120,,,M00120,"Coenzyme A biosynthesis, pantothenate => CoA",42857|42855|42856|42858|42859|42860,2.7.7.3|2.7.1.24|2.7.1.33|4.1.1.36|6.3.2.51|6.3.2.5,2.7.7|2.7.1|2.7.1|4.1.1|6.3.2|6.3.2,2211
,ME.M00877,,,M00877,"Kanosamine biosynthesis, glucose 6-phosphate => kanosamine",42929|42927|42928,2.6.1.104|1.1.1.361|3.1.3.92,2.6.1|1.1.1|3.1.3,2230
,ME.M00064,,,M00064,ADP-L-glycero-D-manno-heptose biosynthesis,42938|42939|42940|42937,5.3.1.28|2.7.1.167|3.1.3.82|2.7.7.70,5.3.1|2.7.1|3.1.3|2.7.7,2233
,ME.M00173,,,M00173,Reductive citrate cycle (Arnon-Buchanan cycle),43116|43110|43112|43113|43118|43125|43113|43113|43119|43113|43120|43113|43127|43126|43121|43126|43111|43122|43123|43124|43117|43115|43114|43113|43113|43113|43113|43124|43113|43113|43113,2.3.3.8|2.7.9.2|1.1.1.42|1.1.1.38|1.3.1.6|4.2.1.3|1.1.1.375|1.1.1.27|6.2.1.5|1.1.1.299|4.2.1.2|1.1.1.85|1.2.7.1|1.3.5.4|1.2.7.1|1.3.5.1|2.7.9.1|1.2.7.3|6.2.1.18|4.2.1.3|4.1.3.34|4.1.1.31|6.4.1.1|1.1.1.82|1.1.1.95|1.1.1.337|1.1.1.96|4.2.1.117|1.1.1.37|1.1.1.28|1.1.1.81,2.3.3|2.7.9|1.1.1|1.1.1|1.3.1|4.2.1|1.1.1|1.1.1|6.2.1|1.1.1|4.2.1|1.1.1|1.2.7|1.3.5|1.2.7|1.3.5|2.7.9|1.2.7|6.2.1|4.2.1|4.1.3|4.1.1|6.4.1|1.1.1|1.1.1|1.1.1|1.1.1|4.2.1|1.1.1|1.1.1|1.1.1,2262
,ME.M00061,,,M00061,"D-Glucuronate degradation, D-glucuronate => pyruvate + D-glyceraldehyde 3P",43169|43172|43170|43170|43171|43173|43172,5.3.1.12|4.1.2.14|2.7.1.178|2.7.1.45|1.1.1.57|4.2.1.8|4.1.2.55,5.3.1|4.1.2|2.7.1|2.7.1|1.1.1|4.2.1|4.1.2,2270
,ME.M00365,,,M00365,"C10-C20 isoprenoid biosynthesis, archaea",43186|43189|43187|43188,5.3.3.2|2.5.1|2.5.1.1|2.5.1.10,5.3.3|2.5.1|2.5.1|2.5.1,2274
,ME.M00029,,,M00029,Urea cycle,43312|43315|43314|43315|43316|43313|43315|43312,6.3.4.16|2.1.3.3|4.3.2.1|3.5.3.12|6.3.4.5|3.5.3.1|2.1.3.6|6.3.5.5,6.3.4|2.1.3|4.3.2|3.5.3|6.3.4|3.5.3|2.1.3|6.3.5,2301
,ME.M00133,,,M00133,"Polyamine biosynthesis, arginine => agmatine => putrescine => spermidine",43319|43320|43317|43318,3.5.3.11|2.5.1.16|4.1.1.50|4.1.1.19,3.5.3|2.5.1|4.1.1|4.1.1,2302
,ME.M00773,,,M00773,"Tylosin biosynthesis, methylmalonyl-CoA + malonyl-CoA => tylactone => tylosin",43388|43390|43384|43383|43385|43386|43387|43389,2.4.1.317|1.14.15.34|2.1.1.102|2.1.1.101|2.4.1.316|2.4.1.318,2.4.1|1.14.15|2.1.1|2.1.1|2.4.1|2.4.1,2312
,ME.M00661,,,M00661,"Paspaline biosynthesis, geranylgeranyl-PP + indoleglycerol phosphate => paspaline",43481|43478|43479|43480|43477,1.14.13|1.14.13,1.14.13|1.14.13,2332
,ME.M00919,,,M00919,"Ectoine degradation, ectoine => aspartate",43485|43482|43483|43484,2.6.1.76|3.5.4.44|3.5.1.125,2.6.1|3.5.4|3.5.1,2333
,ME.M00010,,,M00010,"Citrate cycle, first carbon oxidation, oxaloacetate => 2-oxoglutarate",43631|43633|43632|43631|43630|43629|43629|43628|43627|43626,4.2.1.3|4.2.1.3|1.1.1.42|4.2.1.117|4.2.1.3|1.1.1.41|1.1.1.286|2.3.3.3|1.1.1.42|1.1.1.42,4.2.1|4.2.1|1.1.1|4.2.1|4.2.1|1.1.1|1.1.1|2.3.3|1.1.1|1.1.1,2349
,ME.M00345,,,M00345,"Formaldehyde assimilation, ribulose monophosphate pathway",43721|43719|43718|43720,5.3.1.27|4.1.2.13|2.7.1.11|4.1.2.43,5.3.1|4.1.2|2.7.1|4.1.2,2368
,ME.M00376,,,M00376,3-Hydroxypropionate bi-cycle,43747|43746|43752|43746|43745|43744|43743|43742|43741|43740|43739|43738|43737|43749|43736|43750|43751|43748,4.2.1.116|1.3.5.4|1.1.1.298|1.3.5.1|6.4.1.3|4.2.1.2|4.1.3.24|1.3.1.84|5.4.99.2|6.4.1.2|1.2.1.75|4.1.3.24|2.8.3.22|4.2.1.153|4.1.3.25|5.4.1.3|6.2.1.36|4.2.1.148,4.2.1|1.3.5|1.1.1|1.3.5|6.4.1|4.2.1|4.1.3|1.3.1|5.4.99|6.4.1|1.2.1|4.1.3|2.8.3|4.2.1|4.1.3|5.4.1|6.2.1|4.2.1,2371
,ME.M00131,,,M00131,"Inositol phosphate metabolism, Ins(1,3,4,5)P4 => Ins(1,3,4)P3 => myo-inositol",43788|43786|43787|43789,3.1.3.56|3.1.3.25|3.1.3.57|3.1.3.66,3.1.3|3.1.3|3.1.3|3.1.3,2379
,ME.M00896,,,M00896,"Thiamine biosynthesis, archaea, AIR (+ NAD+) => TMP/TPP",43837|43838|43836|43833|43834|43835,2.5.1.3|2.4.2.59|2.7.4.16|4.1.99.17|2.7.4.7,2.5.1|2.4.2|2.7.4|4.1.99|2.7.4,2390
,ME.M00011,,,M00011,"Citrate cycle, second carbon oxidation, 2-oxoglutarate => oxaloacetate",43853|43852|43851|43850|43849|43849|43848|43847|43846|43845|43844|43843|43842|43841|43841|43841|43841|43841|43841|43841|43841|43841|43841|43841|43841,2.8.3.18|1.8.1.4|1.2.4.2|2.3.1.61|1.3.5.4|1.3.5.1|1.2.7.3|4.2.1.2|6.2.1.4|1.2.4.2|6.2.1.4|6.2.1.5|1.1.5.4|1.1.1.82|1.1.1.95|1.1.1.96|1.1.1.37|1.1.1.28|1.1.1.81|1.1.1.38|1.1.1.375|1.1.1.299|1.1.1.85|1.1.1.27|1.1.1.337,2.8.3|1.8.1|1.2.4|2.3.1|1.3.5|1.3.5|1.2.7|4.2.1|6.2.1|1.2.4|6.2.1|6.2.1|1.1.5|1.1.1|1.1.1|1.1.1|1.1.1|1.1.1|1.1.1|1.1.1|1.1.1|1.1.1|1.1.1|1.1.1|1.1.1,2392
,ME.M00778,,,M00778,"Type II polyketide backbone biosynthesis, acyl-CoA + malonyl-CoA => polyketide",43893|43902|43905|43906|43901|43896|43900|43897|43894|43899|43892|43895|43904|43907|43903|43898|43891,2.3.1.235|2.3.1.260|2.3.1.235,2.3.1|2.3.1|2.3.1,2396
,ME.M00799,,,M00799,dTDP-L-oleandrose biosynthesis,43926|43923|43925|43924,4.2.1.159,4.2.1,2402
,ME.M00116,,,M00116,"Menaquinone biosynthesis, chorismate (+ polyprenyl-PP) => menaquinol",43973|43971|43970|43976|43975|43974|43972|43977,3.1.2.28|6.2.1.26|5.4.4.2|2.1.1.163|4.2.99.20|2.2.1.9|4.2.1.113|2.5.1.74,3.1.2|6.2.1|5.4.4|2.1.1|4.2.99|2.2.1|4.2.1|2.5.1,2410
,ME.M00854,,,M00854,"Glycogen biosynthesis, glucose-1P => glycogen/starch",44002|44000|44000|44001,2.4.1.242|2.7.7.64|2.7.7.9|2.7.7.27,2.4.1|2.7.7|2.7.7|2.7.7,2414
,ME.M00014,,,M00014,Glucuronate pathway (uronate pathway),44018|44024|44024|44027|44019|44020|44021|44022|44023|44017|44024|44024|44024|44026|44024|44025,2.7.7.44|1.1.1.287|1.1.1.250|1.1.1.45|2.4.1.17|2.7.1.43|3.2.1.31|1.1.1.19|2.7.1.17|1.1.1.22|1.1.1.15|1.1.1.14|1.1.1.9|4.1.1.34|1.1.1.10|1.1.1.10,2.7.7|1.1.1|1.1.1|1.1.1|2.4.1|2.7.1|3.2.1|1.1.1|2.7.1|1.1.1|1.1.1|1.1.1|1.1.1|4.1.1|1.1.1|1.1.1,2418
,ME.M00837,,,M00837,"Prodigiosin biosynthesis, L-proline => prodigiosin",44049|44045|44050|44048|44051|44042|44043|44044|44047|44046,2.1.1|1.1.1|6.2.1.53|1.3.8.14|2.2.1.12|6.4.1,2.1.1|1.1.1|6.2.1|1.3.8|2.2.1|6.4.1,2424
,ME.M00374,,,M00374,Dicarboxylate-hydroxybutyrate cycle,44079|44083|44084|44090|44079|44078|44078|44077|44085|44089|44088|44085|44087|44086|44079|44079|44079|44079|44079|44080|44079|44079|44079|44081|44079|44082|44079,1.1.1.85|1.2.7.1|1.1.1.35|4.2.1.120|1.1.1.337|2.3.1.16|2.3.1.9|2.7.9.2|1.3.5.1|1.2.1.76|1.3.5.4|6.2.1.40|4.2.1.150|1.1.1.96|1.1.1.37|1.1.1.95|1.1.1.82|1.1.1.28|4.1.1.31|1.1.1.81|1.1.1.38|1.1.1.375|6.2.1.5|1.1.1.299|4.2.1.2|1.1.1.27,1.1.1|1.2.7|1.1.1|4.2.1|1.1.1|2.3.1|2.3.1|2.7.9|1.3.5|1.2.1|1.3.5|6.2.1|4.2.1|1.1.1|1.1.1|1.1.1|1.1.1|1.1.1|4.1.1|1.1.1|1.1.1|1.1.1|6.2.1|1.1.1|4.2.1|1.1.1,2430
,ME.M00828,,,M00828,"Maduropeptin beta-hydroxy acid moiety biosynthesis, tyrosine => 3-(4-hydroxyphenyl)-3-oxopropanoyl-PCP",44111|44112|44110,5.4.3.6,5.4.3,2435
,ME.M00043,,,M00043,"Thyroid hormone biosynthesis, tyrosine => triiodothyronine/thyroxine",44144|44146|44145|44143,1.11.1.8|1.11.1.8|1.11.1.8|1.11.1.8,1.11.1|1.11.1|1.11.1|1.11.1,2439
,ME.M00868,,,M00868,"Heme biosynthesis, animals and fungi, glycine => heme",44164|44168|44169|44163|44170|44165|44166|44167,2.5.1.61|4.1.1.37|1.3.3.3|4.2.1.24|1.3.3.4|4.99.1.1|2.3.1.37|4.2.1.75,2.5.1|4.1.1|1.3.3|4.2.1|1.3.3|4.99.1|2.3.1|4.2.1,2444
,ME.M00096,,,M00096,"C5 isoprenoid biosynthesis, non-mevalonate pathway",44171|44172|44173|44174|44175|44176|44177|44178|44179,5.3.3.2|2.7.7.60|2.7.1.148|2.2.1.7|4.6.1.12|1.1.1.267|1.17.7.4|1.17.7.1|1.17.7.3,5.3.3|2.7.7|2.7.1|2.2.1|4.6.1|1.1.1|1.17.7|1.17.7|1.17.7,2445
,ME.M00068,,,M00068,"Glycosphingolipid biosynthesis, globo-series, LacCer => Gb4Cer",44180|44181,2.4.1.228|2.4.1.79,2.4.1|2.4.1,2446
,ME.M00004,,,M00004,Pentose phosphate pathway (Pentose phosphate cycle),44260|44259|44252|44259|44261|44258|44257|44256|44255|44258|44253|44254|44258|44261|44261,1.1.1.343|2.2.1.2|5.3.1.6|5.3.1.9|1.1.1.49|1.1.1.49|3.1.1.31|2.2.1.1|2.2.1.2|1.1.1.47|1.1.1.44|2.2.1.1|1.1.1.363|1.1.1.363|1.1.1.388,1.1.1|2.2.1|5.3.1|5.3.1|1.1.1|1.1.1|3.1.1|2.2.1|2.2.1|1.1.1|1.1.1|2.2.1|1.1.1|1.1.1|1.1.1,2458
,ME.M00546,,,M00546,"Purine degradation, xanthine => urea",44289|44286|44288|44293|44291|44292|44290|44287,3.5.3.4|1.17.1.4|1.17.3.2|1.14.13.113|3.5.2.17|4.1.1.97|3.5.2.5|1.7.3.3,3.5.3|1.17.1|1.17.3|1.14.13|3.5.2|4.1.1|3.5.2|1.7.3,2463
,ME.M00539,,,M00539,"Cumate degradation, p-cumate => 2-oxopent-4-enoate + 2-methylpropanoate",44311|44315|44312|44314|44313,1.3.1.58|1.14.12.25,1.3.1|1.14.12,2468
,ME.M00568,,,M00568,"Catechol ortho-cleavage, catechol => 3-oxoadipate",44344|44345|44343|44342,5.5.1.1|5.3.3.4|3.1.1.24|1.13.11.1,5.5.1|5.3.3|3.1.1|1.13.11,2474
,ME.M00872,,,M00872,"O-glycan biosynthesis, mannose type (core M3)",44346,2.7.7.40,2.7.7,2475
,ME.M00570,,,M00570,"Isoleucine biosynthesis, threonine => 2-oxobutanoate => isoleucine",44384|44386|44385|44384|44383|44382|44381,5.4.99.3|2.2.1.6|4.2.1.9|1.1.1.86|1.1.1.86|2.6.1.42|4.3.1.19,5.4.99|2.2.1|4.2.1|1.1.1|1.1.1|2.6.1|4.3.1,2482
,ME.M00100,,,M00100,Sphingosine degradation,44410|44409,4.3.2|2.7.1.91,4.3.2|2.7.1,2486
,ME.M00019,,,M00019,"Valine/isoleucine biosynthesis, pyruvate => valine / 2-oxobutanoate => isoleucine",44517|44518|44516|44512|44519|44511|44514|44510|44515|44513|44520|44517|44519|44513,5.4.99.3|4.2.1.9|1.1.1.86|2.6.1.42|5.4.99.3|2.6.1.42|1.1.1.86|2.2.1.6|4.2.1.9|1.1.1.86|2.2.1.6|1.1.1.86|1.1.1.86|1.1.1.383,5.4.99|4.2.1|1.1.1|2.6.1|5.4.99|2.6.1|1.1.1|2.2.1|4.2.1|1.1.1|2.2.1|1.1.1|1.1.1|1.1.1,2496
,ME.M00087,,,M00087,beta-Oxidation,44558|44547|44546|44546|44546|44545|44544|44543|44542|44542|44541|44541|44541|44541|44540|44557|44557|44556|44557|44557|44555|44554|44558|44553|44558|44552|44551|44550|44549|44548|44548|44534|44533|44533|44532|44532|44532|44532|44532|44531|44531|44557|44557|44557|44539|44539|44539|44538|44537|44537|44537|44536|44535|44534|44534|44534,1.3.8.8|4.2.1.17|1.1.1.211|4.2.1.17|1.1.1.35|4.2.1.17|1.1.1.211|4.2.1.17|2.3.1.16|2.3.1.155|1.3.3.6|1.3.8.9|1.3.8.8|1.3.8.7|2.3.1.16|1.3.8.4|1.3.8.7|4.2.1.150|1.3.8.1|1.3.99|1.1.1.35|2.3.1.16|1.3.8.7|4.2.1.17|1.3.3.6|1.1.1.35|4.2.1.17|1.1.1.35|2.3.1.16|1.1.1.211|1.1.1.35|1.3.8.7|2.3.1.16|2.3.1.9|1.3.99|1.3.8.1|1.3.3.6|1.3.8.4|1.3.8.7|2.3.1.16|2.3.1.9|1.3.8.5|1.3.3.6|1.3.8.8|1.3.8.8|1.3.3.6|1.3.8.7|2.3.1.16|1.3.8.8|1.3.3.6|1.3.8.7|4.2.1.150|1.1.1.35|1.3.3.6|1.3.8.9|1.3.8.8,1.3.8|4.2.1|1.1.1|4.2.1|1.1.1|4.2.1|1.1.1|4.2.1|2.3.1|2.3.1|1.3.3|1.3.8|1.3.8|1.3.8|2.3.1|1.3.8|1.3.8|4.2.1|1.3.8|1.3.99|1.1.1|2.3.1|1.3.8|4.2.1|1.3.3|1.1.1|4.2.1|1.1.1|2.3.1|1.1.1|1.1.1|1.3.8|2.3.1|2.3.1|1.3.99|1.3.8|1.3.3|1.3.8|1.3.8|2.3.1|2.3.1|1.3.8|1.3.3|1.3.8|1.3.8|1.3.3|1.3.8|2.3.1|1.3.8|1.3.3|1.3.8|4.2.1|1.1.1|1.3.3|1.3.8|1.3.8,2499
,ME.M00543,,,M00543,"Biphenyl degradation, biphenyl => 2-oxopent-4-enoate + benzoate",44608|44609|44604|44610|44605|44607|44607|44610|44603|44602|44606|44608|44611,1.18.1.3|1.14.12.18|1.3.1.56|1.14.12.22|1.3.1.56|1.14.12.18|1.18.1.3|1.14.12.18|1.13.11.39|3.7.1.8|1.13.11.39|1.14.12.18|3.7.1.8,1.18.1|1.14.12|1.3.1|1.14.12|1.3.1|1.14.12|1.18.1|1.14.12|1.13.11|3.7.1|1.13.11|1.14.12|3.7.1,2507
,ME.M00633,,,M00633,"Semi-phosphorylative Entner-Doudoroff pathway, gluconate/galactonate => glycerate-3P",44629|44630|44629|44628|44628|44627|44627|44626|44626|44625|44625|44624|44624|44623,4.1.2.55|1.2.1.3|4.1.2.14|2.7.1.58|2.7.1.178|4.2.1.140|4.2.1.6|2.7.1.178|2.7.1.45|4.2.1.140|4.2.1.39|4.1.2.55|4.1.2.21|1.2.1.90,4.1.2|1.2.1|4.1.2|2.7.1|2.7.1|4.2.1|4.2.1|2.7.1|2.7.1|4.2.1|4.2.1|4.1.2|4.1.2|1.2.1,2511
,ME.M00119,,,M00119,"Pantothenate biosynthesis, valine/L-aspartate => pantothenate",44754|44755|44753|44756|44757,2.6.1.42|2.1.2.11|4.1.1.11|1.1.1.169|6.3.2.1,2.6.1|2.1.2|4.1.1|1.1.1|6.3.2,2536
,ME.M00843,,,M00843,"L-threo-Tetrahydrobiopterin biosynthesis, GTP => L-threo-BH4",44819|44818|44821|44821|44820|44817|44816,3.5.4.16|1.1.1.325|1.1.1.153|4.2.3.12,3.5.4|1.1.1|1.1.1|4.2.3,2545
,ME.M00140,,,M00140,"C1-unit interconversion, prokaryotes",44833|44834|44832|44831,1.5.1.5|3.5.4.9|2.1.2.1|6.3.4.3,1.5.1|3.5.4|2.1.2|6.3.4,2548
,ME.M00052,,,M00052,"Pyrimidine ribonucleotide biosynthesis, UMP => UDP/UTP,CDP/CTP",44836|44837|44839|44835|44838|44836,2.7.4.14|2.7.4.6|6.3.4.2|2.7.4.6|6.3.4.2|2.7.4.22,2.7.4|2.7.4|6.3.4|2.7.4|6.3.4|2.7.4,2549
,ME.M00060,,,M00060,"KDO2-lipid A biosynthesis, Raetz pathway, LpxL-LpxM type",44959|44956|44957|44958|44955|44951|44952|44953|44960|44954,2.3.1.243|2.7.1.130|2.4.99.12|2.4.99.13|2.4.1.182|3.6.1.54|2.3.1.191|2.3.1.129|2.3.1.241|3.5.1.108,2.3.1|2.7.1|2.4.99|2.4.99|2.4.1|3.6.1|2.3.1|2.3.1|2.3.1|3.5.1,2582
,ME.M00884,,,M00884,"Lipoic acid biosynthesis, octanoyl-CoA => dihydrolipoyl-E2",45002|45001,2.8.1.8,2.8.1,2590
,ME.M00549,,,M00549,"Nucleotide sugar biosynthesis, glucose => UDP-glucose",45096|45096|45095|45096|45096|45097|45095|45096|45096|45098|45097,5.4.2.2|5.4.2.5|2.7.7.64|5.4.2.10|5.4.2.6|2.7.1.1|2.7.7.9|5.4.2.3|5.4.2.8|2.7.1.63|2.7.1.2,5.4.2|5.4.2|2.7.7|5.4.2|5.4.2|2.7.1|2.7.7|5.4.2|5.4.2|2.7.1|2.7.1,2608
,ME.M00358,,,M00358,Coenzyme M biosynthesis,45113|45111|45112|45113|45115|45113|45114,1.1.1.375|4.1.1.79|3.1.3.71|1.1.1.337|1.1.1.37|4.4.1.19,1.1.1|4.1.1|3.1.3|1.1.1|1.1.1|4.4.1,2612
,ME.M00911,,,M00911,"Riboflavin biosynthesis, fungi, GTP => riboflavin/FMN/FAD",45197|45198|45204|45196|45199|45202|45200|45201|45203|45205,2.7.7.2|3.5.4.25|1.1.1.302|2.5.1.9|2.7.1.26|4.1.99.12|2.5.1.78|3.1.3.104|1.1.1.302|3.5.4.26,2.7.7|3.5.4|1.1.1|2.5.1|2.7.1|4.1.99|2.5.1|3.1.3|1.1.1|3.5.4,2622
,ME.M00567,,,M00567,"Methanogenesis, CO2 => methane",45225|45217|45222|45219|45226|45224|45223|45220|45221|45214|45215|45218|45216,1.8.98.5|2.1.1.86|2.8.4.1|1.5.98.1|1.8.98.6|1.8.7.3|1.8.98.4|1.5.98.2|1.8.98.1|1.2.7.12|2.3.1.101|1.12.98.2|3.5.4.27,1.8.98|2.1.1|2.8.4|1.5.98|1.8.98|1.8.7|1.8.98|1.5.98|1.8.98|1.2.7|2.3.1|1.12.98|3.5.4,2626
,ME.M00903,,,M00903,"Fosfomycin biosynthesis, phosphoenolpyruvate => fosfomycin",45335|45336|45337|45334,4.1.1.82|1.1.1.309|1.11.1.23|5.4.2.9,4.1.1|1.1.1|1.11.1|5.4.2,2642
,ME.M00780,,,M00780,"Tetracycline/oxytetracycline biosynthesis, pretetramide => tetracycline/oxytetracycline",45359|45363|45361|45362|45360|45358|45359|45357|45356|45355|45354,1.14.13.232|1.14.13.234|1.3.98.4|2.1.1.335|1.14.13.233|1.14.13.232|1.14.13.233|1.3.98.4|1.14.13.38,1.14.13|1.14.13|1.3.98|2.1.1|1.14.13|1.14.13|1.14.13|1.3.98|1.14.13,2647
,ME.M00638,,,M00638,"Salicylate degradation, salicylate => gentisate",45533|45534,1.14.13.172|1.14.13.172,1.14.13|1.14.13,2671
,ME.M00533,,,M00533,"Homoprotocatechuate degradation, homoprotocatechuate => 2-oxohept-3-enedioate",45552|45556|45555|45554|45553,1.13.11.15|1.2.1.60|4.1.1.68|5.3.3.10|4.1.1.68,1.13.11|1.2.1|4.1.1|5.3.3|4.1.1,2674
,ME.M00925,,,M00925,"Cobalamin biosynthesis, aerobic, uroporphyrinogen III => precorrin 2 => cobyrinate a,c-diamide",45777|45775|45780|45781|45776|45778|45779|45782|45774|45773|45772,2.1.1.131|1.3.1.54|2.1.1.152|6.3.5.9|5.4.99.61|2.1.1.133|1.14.13.83|6.6.1.2|2.1.1.132|2.1.1.130|2.1.1.107,2.1.1|1.3.1|2.1.1|6.3.5|5.4.99|2.1.1|1.14.13|6.6.1|2.1.1|2.1.1|2.1.1,2713
,ME.M00803,,,M00803,dTDP-D-angolosamine biosynthesis,45860|45859|45862|45861,4.2.1.159,4.2.1,2724
,ME.M00039,,,M00039,"Monolignol biosynthesis, phenylalanine/tyrosine => monolignol",45979|45989|45990|45991|45977|45977|45978|45978|45987|45980|45981|45982|45983|45984|45985|45985|45986|45988,1.2.1.44|1.14.14.96|2.3.1|1.1.1.195|4.3.1.25|4.3.1.24|4.3.1.25|4.3.1.23|6.2.1.12|2.1.1.104|1.2.1.44|1.14.14.91|2.3.1.133|1.1.1.195|1.1.1.194|1.1.1.195|2.1.1.68,1.2.1|1.14.14|2.3.1|1.1.1|4.3.1|4.3.1|4.3.1|4.3.1|6.2.1|2.1.1|1.2.1|1.14.14|2.3.1|1.1.1|1.1.1|1.1.1|2.1.1,2748
,ME.M00101,,,M00101,"Cholesterol biosynthesis, squalene 2,3-epoxide => cholesterol",45993|46003|46002|46005|45995|46000|45998|45994|45992|46001|46004|45997|45996|45999,1.3.1.21|1.14.18.9|1.14.18.9|1.1.1.270|5.3.3.5|1.1.1.270|1.14.19.20|5.4.99.7|1.3.1.21|1.3.1.72|1.1.1.170|1.14.14.154|1.3.1.70|1.1.1.170,1.3.1|1.14.18|1.14.18|1.1.1|5.3.3|1.1.1|1.14.19|5.4.99|1.3.1|1.3.1|1.1.1|1.14.14|1.3.1|1.1.1,2749
,ME.M00051,,,M00051,"Uridine monophosphate biosynthesis, glutamine (+ PRPP) => UMP",46089|46087|46085|46090|46086|46092|46088|46091,1.3.5.2|2.1.3.2|6.3.5.5|1.3.1.14|4.1.1.23|3.5.2.3|1.3.98.1|2.4.2.10,1.3.5|2.1.3|6.3.5|1.3.1|4.1.1|3.5.2|1.3.98|2.4.2,2767
,ME.M00569,,,M00569,"Catechol meta-cleavage, catechol => acetyl-CoA / 4-methylcatechol => propanoyl-CoA",46128|46137|46138|46139|46140|46140|46141|46142|46133|46132|46131|46130|46129|46128|46128|46127|46134|46137|46128|46136|46135|46136|46136,4.1.2.52|1.2.1.85|4.1.1.77|5.3.2.6|4.2.1.80|4.2.1.132|3.7.1.9|1.2.1.87|1.2.1.85|3.7.1.9|4.1.1.77|4.2.1.80|1.13.11.2|4.1.3.43|4.1.3.17|1.2.1.10|1.2.1.32|4.1.3.39|4.1.3.43|1.13.11.2|4.1.3.39|4.1.2.52,4.1.2|1.2.1|4.1.1|5.3.2|4.2.1|4.2.1|3.7.1|1.2.1|1.2.1|3.7.1|4.1.1|4.2.1|1.13.11|4.1.3|4.1.3|1.2.1|1.2.1|4.1.3|4.1.3|1.13.11|4.1.3|4.1.2,2774
,ME.M00124,,,M00124,"Pyridoxal-P biosynthesis, erythrose-4P => pyridoxal-P",46143|46148|46147|46146|46149|46144|46145,1.4.3.5|2.6.99.2|1.1.1.262|2.6.1.52|1.1.1.262|1.2.1.72|1.1.1.290,1.4.3|2.6.99|1.1.1|2.6.1|1.1.1|1.2.1|1.1.1,2775
,ME.M00070,,,M00070,"Glycosphingolipid biosynthesis, lacto-series, LacCer => Lc4Cer",46156|46155,2.4.1.275|2.4.1.206,2.4.1|2.4.1,2777
,ME.M00936,,,M00936,"Melatonin biosynthesis, plants, tryptophan => serotonin => melatonin",46200|46198|46199|46198,2.1.1.4|4.1.1.105|2.3.1.87|4.1.1.28,2.1.1|4.1.1|2.3.1|4.1.1,2784
,ME.M00085,,,M00085,Fatty acid elongation in mitochondria,46284|46259|46260|46260|46261|46262|46262|46262|46263|46264|46264|46264|46265|46266|46266|46266|46266|46267|46268|46268|46269|46269|46270|46271|46272|46273|46273|46273|46274|46275|46275|46276|46277|46278|46279|46280|46281|46282|46283|46284|46285|46285|46285|46285|46286,1.3.1.38|2.3.1.16|2.3.1.9|2.3.1.16|1.3.1.8|1.1.1.35|1.1.1.211|1.1.1.36|4.2.1.17|1.3.1.10|1.3.1.8|1.3.1.38|2.3.1.16|1.3.1.10|1.3.1.8|1.3.1.38|1.3.1.39|2.3.1.16|1.3.1.8|1.3.1.38|2.3.1.155|2.3.1.16|4.2.1.17|1.1.1.211|4.2.1.17|1.1.1.35|4.2.1.17|1.1.1.211|4.2.1.17|1.1.1.35|1.1.1.211|2.3.1.16|1.1.1.35|4.2.1.17|1.1.1.35|4.2.1.17|2.3.1.16|1.1.1.35|4.2.1.150|1.3.1.8|1.3.1.44|1.3.1.10|1.3.1.8|1.3.1.38|1.3.1.8,1.3.1|2.3.1|2.3.1|2.3.1|1.3.1|1.1.1|1.1.1|1.1.1|4.2.1|1.3.1|1.3.1|1.3.1|2.3.1|1.3.1|1.3.1|1.3.1|1.3.1|2.3.1|1.3.1|1.3.1|2.3.1|2.3.1|4.2.1|1.1.1|4.2.1|1.1.1|4.2.1|1.1.1|4.2.1|1.1.1|1.1.1|2.3.1|1.1.1|4.2.1|1.1.1|4.2.1|2.3.1|1.1.1|4.2.1|1.3.1|1.3.1|1.3.1|1.3.1|1.3.1|1.3.1,2796
,ME.M00928,,,M00928,"Gibberellin A4/A1 biosynthesis, GA12 => GA4 / GA53 => GA1",46372|46373|46376|46377|46374|46375|46370|46371,1.14.11|1.14.11|1.14.11.12|1.14.11|1.14.11|1.14.20|1.14.11.15|1.14.11.12,1.14.11|1.14.11|1.14.11|1.14.11|1.14.11|1.14.20|1.14.11|1.14.11,2807
,ME.M00797,,,M00797,dTDP-D-desosamine biosynthesis,46383|46380|46381|46382,4.3.1.30|2.6.1.33|2.6.1.106|2.1.1.234,4.3.1|2.6.1|2.6.1|2.1.1,2809
,ME.M00525,,,M00525,"Lysine biosynthesis, acetyl-DAP pathway, aspartate => lysine",46419|46418|46422|46421|46420|46417|46424|46423|46425,1.2.1.11|2.7.2.4|1.17.1.8|1.17.1.8|3.5.1.47|4.1.1.20|2.3.1.89|4.3.3.7,1.2.1|2.7.2|1.17.1|1.17.1|3.5.1|4.1.1|2.3.1|4.3.3,2817
,ME.M00829,,,M00829,"3,6-Dimethylsalicylyl-CoA biosynthesis, malonyl-CoA => 6-methylsalicylate => 3,6-dimethylsalicylyl-CoA",46465|46466|46464,2.3.1.165,2.3.1,2828
,ME.M00123,,,M00123,"Biotin biosynthesis, pimeloyl-ACP/CoA => biotin",46531|46532|46529|46533|46534|46530,2.3.1.47|2.6.1.62|2.8.1.6|2.3.1.47|2.6.1.105|6.3.3.3,2.3.1|2.6.1|2.8.1|2.3.1|2.6.1|6.3.3,2841
,ME.M00419,,,M00419,"Cymene degradation, p-cymene => p-cumate",46565|46566|46564,1.2.1.29|1.14.15.25,1.2.1|1.14.15,2846
,ME.M00779,,,M00779,"Dihydrokalafungin biosynthesis, octaketide => dihydrokalafungin",46692|46691|46689|46687|46686|46690|46688,1.5.1.42|5.5.1,1.5.1|5.5.1,2869
,ME.M00001,,,M00001,"Glycolysis (Embden-Meyerhof pathway), glucose => pyruvate",46737|46737|46736|46735|46734|46733|46733|46732|46731|46731|46730|46729|46728|46727|46726|46725|46724|46723,2.7.1.147|2.7.1.146|2.7.1.146|1.2.7.6|2.7.1.11|2.2.1.2|5.3.1.9|2.7.1.63|2.7.1.1|2.7.1.2|5.4.2.11|2.7.2.3|4.1.2.13|1.2.1.59|1.2.1.12|5.3.1.1|4.2.1.11|2.7.1.40,2.7.1|2.7.1|2.7.1|1.2.7|2.7.1|2.2.1|5.3.1|2.7.1|2.7.1|2.7.1|5.4.2|2.7.2|4.1.2|1.2.1|1.2.1|5.3.1|4.2.1|2.7.1,2876
,ME.M00046,,,M00046,"Pyrimidine degradation, uracil => beta-alanine, thymine => 3-aminoisobutanoate",46774|46772|46771|46770|46769|46768|46773|46775,3.5.1.6|3.5.2.2|1.3.1.2|1.3.1.2|1.3.1.1|3.5.1.6|1.3.1.1,3.5.1|3.5.2|1.3.1|1.3.1|1.3.1|3.5.1|1.3.1,2883
,ME.M00089,,,M00089,Triacylglycerol biosynthesis,46836|46839|46838|46837,2.3.1.15|2.3.1.20|2.3.1.51|3.1.3.4,2.3.1|2.3.1|2.3.1|3.1.3,2895
,ME.M00110,,,M00110,"C19/C18-Steroid hormone biosynthesis, pregnenolone => androstenedione => estrone",46845|46846|46844|46847|46844|46847|46848|46849|46844,1.14.14.14|1.14.14.14|1.1.1.51|1.14.14.32|1.1.1.145|1.14.14.19|1.14.14.14|1.14.14.32|5.3.3.1,1.14.14|1.14.14|1.1.1|1.14.14|1.1.1|1.14.14|1.14.14|1.14.14|5.3.3,2897
,ME.M00736,,,M00736,"Nocardicin A biosynthesis, L-pHPG + arginine + serine => nocardicin A",46850|46853|46851|46852|46854,2.5.1.38|2.5.1.38,2.5.1|2.5.1,2898
,ME.M00422,,,M00422,"Acetyl-CoA pathway, CO2 => acetyl-CoA",46948|46947|46948,2.1.1.245|1.2.7.4|2.3.1.169,2.1.1|1.2.7|2.3.1,2922
,ME.M00808,,,M00808,"Violacein biosynthesis, tryptophan => violacein",47182|47183|47184|47185|47186,1.4.3.23|1.14.13.224|1.14.13.224,1.4.3|1.14.13|1.14.13,2967
,ME.M00827,,,M00827,"C-1027 beta-amino acid moiety biosynthesis, tyrosine => 3-chloro-4,5-dihydroxy-beta-phenylalanyl-PCP",47187|47189|47188|47190,1.14.14.15|5.4.3.6,1.14.14|5.4.3,2968
,ME.M00551,,,M00551,"Benzoate degradation, benzoate => catechol / methylbenzoate => methylcatechol",47243|47242|47241|47240|47239|47238|47237|47236|47238,1.14.12.10|1.14.12.10|1.14.12.10|1.3.1.68|1.3.1.25|1.3.1.67|1.14.12.10|1.3.1.25|1.3.1.25,1.14.12|1.14.12|1.14.12|1.3.1|1.3.1|1.3.1|1.14.12|1.3.1|1.3.1,2978
,ME.M00104,,,M00104,"Bile acid biosynthesis, cholesterol => cholate/chenodeoxycholate",47277|47276|47275|47285|47274|47272|47273|47271|47292|47269|47268|47267|47266|47291|47270|47284|47283|47282|47286|47281|47280|47287|47288|47279|47278|47289|47290|47292,1.3.1.3|4.2.1.107|1.1.1|6.2.1.7|2.3.1.176|4.2.1.107|1.14.15.15|1.14.15.15|1.1.1.181|3.1.2.27|2.3.1.176|1.14.14.23|1.14.15.15|1.14.15.15|3.1.2.27|1.14.14.139|1.1.1.213|1.3.99|1.1.1.50|1.3.1.3|6.2.1.28|1.17.99.3|1.1.1.213|1.1.1.50|1.14.15.15|1.14.15.15|1.2.1.40,1.3.1|4.2.1|1.1.1|6.2.1|2.3.1|4.2.1|1.14.15|1.14.15|1.1.1|3.1.2|2.3.1|1.14.14|1.14.15|1.14.15|3.1.2|1.14.14|1.1.1|1.3.99|1.1.1|1.3.1|6.2.1|1.17.99|1.1.1|1.1.1|1.14.15|1.14.15|1.2.1,2983
,ME.M00098,,,M00098,Acylglycerol degradation,47484|47485|47483,3.1.1.3|3.1.1.79|3.1.1.79,3.1.1|3.1.1|3.1.1,3017
,ME.M00924,,,M00924,"Cobalamin biosynthesis, anaerobic, uroporphyrinogen III => sirohydrochlorin => cobyrinate a,c-diamide",47535|47548|47546|47545|47544|47543|47542|47541|47540|47539|47538|47537|47536|47534|47547,1.3.1.76|2.1.1.272|2.1.1.289|2.1.1.196|2.1.1.195|3.7.1.12|6.3.5.11|5.4.99.60|1.3.1.106|2.1.1.271|2.1.1.131|2.1.1.151|4.99.1.3|2.1.1.107,1.3.1|2.1.1|2.1.1|2.1.1|2.1.1|3.7.1|6.3.5|5.4.99|1.3.1|2.1.1|2.1.1|2.1.1|4.99.1|2.1.1,3026
,ME.M00169,,,M00169,"CAM (Crassulacean acid metabolism), light",47598|47599,2.7.9.1|1.1.1.40,2.7.9|1.1.1,3041
,ME.M00026,,,M00026,"Histidine biosynthesis, PRPP => histidine",47614|47618|47619|47615|47620|47616|47622|47617|47621|47623,2.4.2.17|2.6.1.9|4.2.1.19|1.1.1.23|3.6.1.31|1.1.1.23|4.3.2.10|3.1.3.15|3.5.4.19|5.3.1.16,2.4.2|2.6.1|4.2.1|1.1.1|3.6.1|1.1.1|4.3.2|3.1.3|3.5.4|5.3.1,3043
,ME.M00580,,,M00580,"Pentose phosphate pathway, archaea, fructose 6P => ribose 5P",47634|47636|47635,5.3.1.6|5.3.1.27|4.1.2.43,5.3.1|5.3.1|4.1.2,3048
,ME.M00933,,,M00933,"Plastoquinone biosynthesis, homogentisate + solanesyl-PP => plastoquinol",47724,2.1.1.295,2.1.1,3064
,ME.M00364,,,M00364,"C10-C20 isoprenoid biosynthesis, bacteria",47728|47726|47727|47725,2.5.1|2.5.1.1|2.5.1.10|5.3.3.2,2.5.1|2.5.1|2.5.1|5.3.3,3065
,ME.M00115,,,M00115,"NAD biosynthesis, aspartate => quinolinate => NAD",47738|47731|47732|47733|47734|47735|47736|47737,1.4.1.21|6.3.1.5|6.3.5.1|1.4.3.16|2.7.7.18|2.4.2.19|2.5.1.72|1.4.1.21,1.4.1|6.3.1|6.3.5|1.4.3|2.7.7|2.4.2|2.5.1|1.4.1,3067
,ME.M00861,,,M00861,"beta-Oxidation, peroxisome, VLCFA",47784|47786|47781|47782|47785|47783|47780|47779,4.2.1.119|2.3.1.16|2.3.1.16|1.3.3.6|4.2.1.119|1.3.3.6,4.2.1|2.3.1|2.3.1|1.3.3|4.2.1|1.3.3,3073
,ME.M00596,,,M00596,"Dissimilatory sulfate reduction, sulfate => H2S",47808|47807,1.8.99.2|2.7.7.4,1.8.99|2.7.7,3079
,ME.M00845,,,M00845,"Arginine biosynthesis, glutamate => acetylcitrulline => arginine",48091|48092|48093|48088|48094|48095|48090|48089,2.6.1.11|2.7.2.8|1.2.1.38|2.3.1.1|2.1.3.9|3.5.1.16|6.3.4.5|4.3.2.1,2.6.1|2.7.2|1.2.1|2.3.1|2.1.3|3.5.1|6.3.4|4.3.2,3138
,ME.M00862,,,M00862,"beta-Oxidation, peroxisome, tri/dihydroxycholestanoyl-CoA => choloyl/chenodeoxycholoyl-CoA",48098|48099|48101|48102|48100|48103|48104|48105,2.3.1.176|4.2.1.107|2.3.1.176|1.1.1|4.2.1.107|1.3.99|1.17.99.3,2.3.1|4.2.1|2.3.1|1.1.1|4.2.1|1.3.99|1.17.99,3140
,ME.M00841,,,M00841,"Tetrahydrofolate biosynthesis, mediated by PTPS, GTP => THF",48243|48247|48244|48245|48253|48251|48249|48246|48248|48252|48247|48250|48247|48247,6.3.2.12|1.5.1.3|1.5.1.3|4.1.2.60|3.5.4.16|2.7.6.3|6.3.2.12|2.5.1.15|2.7.6.3|2.5.1.15|4.1.2.25,6.3.2|1.5.1|1.5.1|4.1.2|3.5.4|2.7.6|6.3.2|2.5.1|2.7.6|2.5.1|4.1.2,3155
,ME.M00127,,,M00127,"Thiamine biosynthesis, prokaryotes, AIR (+ DXP/tyrosine) => TMP/TPP",48351|48354|48353|48352|48359|48358|48357|48356|48355|48355|48355|48354,2.7.4.16|2.7.7.73|2.7.4.7|4.1.99.17|2.5.1.3|2.8.1.10|4.1.99.19|5.3.99.10|2.7.7.80|2.8.1.4|2.8.1.11|2.7.7.80,2.7.4|2.7.7|2.7.4|4.1.99|2.5.1|2.8.1|4.1.99|5.3.99|2.7.7|2.8.1|2.8.1|2.7.7,3166
,ME.M00776,,,M00776,"Pikromycin/methymycin biosynthesis, methylmalonyl-CoA + malonyl-CoA => narbonolide/10-deoxymethynolide => pikromycin/methymycin",48368|48370|48373|48372|48369|48371,2.3.1.239|2.4.1.277|1.14.15.33|1.14.15.33|2.3.1.240|2.4.1.277,2.3.1|2.4.1|1.14.15|1.14.15|2.3.1|2.4.1,3170
,ME.M00091,,,M00091,"Phosphatidylcholine (PC) biosynthesis, PE => PC",48397|48398|48399,2.1.1.71|2.1.1.17|2.1.1.71,2.1.1|2.1.1|2.1.1,3176
,ME.M00432,,,M00432,"Leucine biosynthesis, 2-oxoisovalerate => 2-oxoisocaproate",48400|48403|48402|48401,2.3.3.13|1.1.1.85|4.2.1.33|1.1.1.85,2.3.3|1.1.1|4.2.1|1.1.1,3177
,ME.M00902,,,M00902,"Podophyllotoxin biosynthesis, coniferyl alcohol => podophyllotoxin",48515|48514|48513|48512|48511|48519|48520|48517|48516|48518,1.14.14.131|1.14.20.8|1.23.1.2|1.23.1.1|1.1.1.331|2.1.1.323|1.14.19.72|2.1.1.330,1.14.14|1.14.20|1.23.1|1.23.1|1.1.1|2.1.1|1.14.19|2.1.1,3199
,ME.M00545,,,M00545,"Trans-cinnamate degradation, trans-cinnamate => acetyl-CoA",48536|48538|48537|48543|48542|48536|48541|48536|48536|48540|48535|48539,4.1.3.17|4.2.1.80|3.7.1.14|1.13.11.16|4.1.3.43|1.14.13.127|4.1.3.39|4.1.2.52|1.3.1.87|1.2.1.10|1.14.12.19,4.1.3|4.2.1|3.7.1|1.13.11|4.1.3|1.14.13|4.1.3|4.1.2|1.3.1|1.2.1|1.14.12,3204
,ME.M00013,,,M00013,"Malonate semialdehyde pathway, propanoyl-CoA => acetyl-CoA",48726|48731|48729|48725|48727|48725|48728|48730,1.2.1.18|1.3.3.6|3.1.2.4|1.2.1.27|1.1.1.59|1.2.1.18|4.2.1.116|1.3.8.1,1.2.1|1.3.3|3.1.2|1.2.1|1.1.1|1.2.1|4.2.1|1.3.8,3234
,ME.M00876,,,M00876,"Staphyloferrin A biosynthesis, L-ornithine => staphyloferrin A",48749|48750,6.3.2.58|6.3.2.57,6.3.2|6.3.2,3238
,ME.M00811,,,M00811,"Nicotine degradation, pyrrolidine pathway, nicotine => succinate semialdehyde",48753|48752|48751|48755|48757|48754|48756,1.2.1.83|1.4.3.24|1.14.13.163|1.5.99,1.2.1|1.4.3|1.14.13|1.5.99,3239
,ME.M00171,,,M00171,"C4-dicarboxylic acid cycle, NAD - malic enzyme type",48767|48766|48767|48767|48767|48769|48767|48767|48767|48767|48767|48767|48767|48764|48767|48768|48765,1.1.1.337|2.6.1.2|1.1.1.299|1.1.1.95|1.1.1.375|2.6.1.1|1.1.1.96|1.1.1.37|1.1.1.38|1.1.1.81|1.1.1.28|1.1.1.27|1.1.1.82|2.7.9.1|1.1.1.85|4.1.1.31|1.1.1.39,1.1.1|2.6.1|1.1.1|1.1.1|1.1.1|2.6.1|1.1.1|1.1.1|1.1.1|1.1.1|1.1.1|1.1.1|1.1.1|2.7.9|1.1.1|4.1.1|1.1.1,3243
,ME.M00777,,,M00777,"Avermectin biosynthesis, 2-methylbutanoyl-CoA/isobutyryl-CoA => 6,8a-Seco-6,8a-deoxy-5-oxoavermectin 1a/1b aglycone => avermectin A1a/B1a/A1b/B1b",48871|48870|48867|48869|48882|48881|48879|48877|48874|48872|48880|48868|48873|48875|48876|48878,,,3260
,ME.M00930,,,M00930,"Menaquinone biosynthesis, futalosine pathway",48965|48962|48960|48961|48963|48964,3.5.4.40|3.2.2.26|1.21.98.1|4.2.1.151|2.5.1.120,3.5.4|3.2.2|1.21.98|4.2.1|2.5.1,3275
,ME.M00165,,,M00165,Reductive pentose phosphate cycle (Calvin cycle),49061|49060|49059|49051|49055|49056|49057|49054|49058|49053|49062|49052,4.1.2.13|2.2.1.1|2.7.1.19|4.1.1.39|1.2.1.59|2.2.1.1|4.1.2.13|1.2.1.12|2.7.2.3|5.3.1.6|3.1.3.37|3.1.3.11,4.1.2|2.2.1|2.7.1|4.1.1|1.2.1|2.2.1|4.1.2|1.2.1|2.7.2|5.3.1|3.1.3|3.1.3,3283
,ME.M00935,,,M00935,Methanofuran biosynthesis,49174|49175|49170|49173|49170|49171|49172,2.7.4.31|2.5.1.131|4.1.1.25|2.6.1.108|4.1.1.28|6.3.4.24|4.2.3.153,2.7.4|2.5.1|4.1.1|2.6.1|4.1.1|6.3.4|4.2.3,3308
,ME.M00036,,,M00036,"Leucine degradation, leucine => acetoacetate + acetyl-CoA",49271|49264|49264|49265|49266|49267|49267|49268|49269|49270|49272,1.2.4.4|2.6.1.42|2.6.1.6|4.1.3.4|4.2.1.18|1.3.8.4|1.3.8.7|2.3.1.168|6.4.1.4|1.2.4.4|1.8.1.4,1.2.4|2.6.1|2.6.1|4.1.3|4.2.1|1.3.8|1.3.8|2.3.1|6.4.1|1.2.4|1.8.1,3328
,ME.M00905,,,M00905,"Grixazone biosynthesis, aspartate 4-semialdehyde => grixazone B",49280|49281|49282,4.1.99.20|4.1.2.56|1.10.3.15,4.1.99|4.1.2|1.10.3,3331
,ME.M00135,,,M00135,"GABA biosynthesis, eukaryotes, putrescine => GABA",49396|49400|49397|49398|49399,2.3.1.57|1.2.1.3|3.5.1.62|3.5.1.63|1.4.3.4,2.3.1|1.2.1|3.5.1|3.5.1|1.4.3,3344
,ME.M00786,,,M00786,"Fumitremorgin alkaloid biosynthesis, tryptophan + proline => fumitremorgin C/A",49416|49417|49418|49413|49412|49411|49414|49415|49419,1.14.11.38|2.5.1.110|2.1.1.293|2.5.1.107|2.5.1.106|1.14.14.118|1.14.14.119|1.14.19.71,1.14.11|2.5.1|2.1.1|2.5.1|2.5.1|1.14.14|1.14.14|1.14.19,3346
,ME.M00918,,,M00918,"Aerobactin biosynthesis, lysine => aerobactin",49565|49563|49562|49564,6.3.2.39|2.3.1.102|1.14.13.59|6.3.2.38,6.3.2|2.3.1|1.14.13|6.3.2,3378
,ME.M00357,,,M00357,"Methanogenesis, acetate => methane",49639|49632|49638|49637|49636|49635|49633|49634|49632|49630|49631,1.8.98.6|2.7.2.1|1.8.98.5|1.8.7.3|1.8.98.4|2.8.4.1|2.1.1.86|1.8.98.1|2.7.2.15|2.3.1.8|6.2.1.1,1.8.98|2.7.2|1.8.98|1.8.7|1.8.98|2.8.4|2.1.1|1.8.98|2.7.2|2.3.1|6.2.1,3391
,ME.M00346,,,M00346,"Formaldehyde assimilation, serine pathway",49751|49751|49751|49751|49753|49751|49752|49751|49751|49755|49756|49751|49751|49757|49758|49758|49754|49758|49751|49758|49759|49751|49751,1.1.1.299|1.1.1.96|1.1.1.37|1.1.1.95|4.1.3.24|1.1.1.28|4.1.1.31|1.1.1.82|1.1.1.81|4.2.1.11|2.1.2.1|1.1.1.38|1.1.1.375|6.2.1.9|1.1.1.81|1.1.1.26|2.6.1.45|1.1.1.29|1.1.1.85|1.1.1.79|2.7.1.165|1.1.1.27|1.1.1.337,1.1.1|1.1.1|1.1.1|1.1.1|4.1.3|1.1.1|4.1.1|1.1.1|1.1.1|4.2.1|2.1.2|1.1.1|1.1.1|6.2.1|1.1.1|1.1.1|2.6.1|1.1.1|1.1.1|1.1.1|2.7.1|1.1.1|1.1.1,3407
,ME.M00847,,,M00847,"Heme biosynthesis, archaea, siroheme => heme",49816|49817|49815,1.3.98.6|4.1.1.111,1.3.98|4.1.1,3416
,ME.M00031,,,M00031,"Lysine biosynthesis, mediated by LysW, 2-aminoadipate => lysine",49868|49869|49870|49871|49867,2.7.2.17|1.2.1.103|2.6.1.118|3.5.1.130|6.3.2.43,2.7.2|1.2.1|2.6.1|3.5.1|6.3.2,3431
,ME.M00784,,,M00784,"Elloramycin biosynthesis, 8-demethyltetracenomycin C => elloramycin A",49874|49878|49877|49876|49875,2.4.1.331|2.1.1|2.1.1.307|2.1.1.306|2.1.1.305,2.4.1|2.1.1|2.1.1|2.1.1|2.1.1,3433
,ME.M00113,,,M00113,Jasmonic acid biosynthesis,49909|49908|49907|49899|49900|49901|49902|49907|49911|49911|49911|49906|49905|49904|49896|49903|49903|49903|49897|49910|49898|49910|49902|49907|49913|49912|49906,1.3.3.6|2.3.1.16|1.1.1.211|1.13.11.12|6.2.1|1.3.3.6|4.2.1.17|1.1.1.35|1.1.1.211|4.2.1.17|1.1.1.35|4.2.1.17|1.3.3.6|2.3.1.16|1.3.1.42|1.1.1.211|4.2.1.17|1.1.1.35|5.3.99.6|4.2.1.74|4.2.1.92|4.2.1.17|4.2.1.74|4.2.1.17|3.1.2.20|2.3.1.16|4.2.1.74,1.3.3|2.3.1|1.1.1|1.13.11|6.2.1|1.3.3|4.2.1|1.1.1|1.1.1|4.2.1|1.1.1|4.2.1|1.3.3|2.3.1|1.3.1|1.1.1|4.2.1|1.1.1|5.3.99|4.2.1|4.2.1|4.2.1|4.2.1|4.2.1|3.1.2|2.3.1|4.2.1,3436
,ME.M00595,,,M00595,"Thiosulfate oxidation by SOX complex, thiosulfate => sulfate",49921|49921|49921,3.1.6.20|2.8.5.2|1.8.2.6,3.1.6|2.8.5|1.8.2,3438
,ME.M00527,,,M00527,"Lysine biosynthesis, DAP aminotransferase pathway, aspartate => lysine",49927|49928|49924|49925|49926|49922|49923,2.6.1.83|4.3.3.7|1.2.1.11|1.17.1.8|1.17.1.8|4.1.1.20|2.7.2.4,2.6.1|4.3.3|1.2.1|1.17.1|1.17.1|4.1.1|2.7.2,3439
,ME.M00674,,,M00674,"Clavaminate biosynthesis, arginine + glyceraldehyde-3P => clavaminate",50064|50063|50066|50065|50067|50068,2.5.1.66|3.5.3.22|6.3.3.4|1.14.11.21|1.14.11.21|1.14.11.21,2.5.1|3.5.3|6.3.3|1.14.11|1.14.11|1.14.11,3456
,ME.M00838,,,M00838,"Undecylprodigiosin biosynthesis, L-proline => undecylprodigiosin",50121|50121|50122|50123|50128|50130|50131|50126|50125|50124|50129|50127,3.1.2.21|3.1.2.14|6.2.1.53|1.3.8.14|1.1.1|2.1.1|6.4.1,3.1.2|3.1.2|6.2.1|1.3.8|1.1.1|2.1.1|6.4.1,3470
,ME.M00176,,,M00176,"Assimilatory sulfate reduction, sulfate => H2S",50323|50322|50325|50324,2.7.7.4|2.7.1.25|1.8.4.8|1.8.1.2,2.7.7|2.7.1|1.8.4|1.8.1,3496
,ME.M00804,,,M00804,"Complete nitrification, comammox, ammonia => nitrite => nitrate",50326|50328|50327|50326|50328|50327|50327|50328|50327,1.14.18.3|1.7.2.6|1.9.6.1|1.14.99.39|1.7.2.2|1.7.7.2|1.5.1.20|1.7.99.1|1.7.99,1.14.18|1.7.2|1.9.6|1.14.99|1.7.2|1.7.7|1.5.1|1.7.99|1.7.99,3497
,ME.M00009,,,M00009,"Citrate cycle (TCA cycle, Krebs cycle)",50391|50392|50393|50394|50395|50395|50396|50397|50398|50407|50406|50399|50400|50403|50405|50404|50400|50401|50389|50403|50402|50389|50389|50389|50389|50389|50389|50388|50389|50387|50389|50389|50390|50389|50389,1.1.5.4|6.2.1.5|6.2.1.4|1.2.4.2|1.1.1.286|1.1.1.41|6.2.1.4|4.2.1.2|1.2.7.3|2.8.3.18|1.8.1.4|4.2.1.3|4.2.1.3|1.3.5.4|1.2.4.2|2.3.1.61|4.2.1.117|1.1.1.42|1.1.1.38|1.3.5.1|4.2.1.3|1.1.1.375|1.1.1.299|1.1.1.37|1.1.1.85|1.1.1.27|1.1.1.337|1.1.1.42|1.1.1.96|1.1.1.42|1.1.1.95|1.1.1.82|2.3.3.3|1.1.1.28|1.1.1.81,1.1.5|6.2.1|6.2.1|1.2.4|1.1.1|1.1.1|6.2.1|4.2.1|1.2.7|2.8.3|1.8.1|4.2.1|4.2.1|1.3.5|1.2.4|2.3.1|4.2.1|1.1.1|1.1.1|1.3.5|4.2.1|1.1.1|1.1.1|1.1.1|1.1.1|1.1.1|1.1.1|1.1.1|1.1.1|1.1.1|1.1.1|1.1.1|2.3.3|1.1.1|1.1.1,3508
,ME.M00795,,,M00795,dTDP-beta-L-noviose biosynthesis,50413|50412,1.1.1,1.1.1,3510
,ME.M00005,,,M00005,"PRPP biosynthesis, ribose 5P => PRPP",50432,2.7.6.1,2.7.6,3516
,ME.M00309,,,M00309,"Non-phosphorylative Entner-Doudoroff pathway, gluconate/galactonate => glycerate",50444|50445|50444|50444|50445|50439|50439|50440|50440|50441|50442|50443|50444|50444|50445|50445|50444|50445,1.2.1.89|4.1.2.23|1.2.1.4|1.2.1.5|4.1.2.55|4.2.1.39|4.2.1.140|4.2.1.6|4.2.1.140|4.1.2.51|1.2.7.5|1.2.99.8|1.2.1.26|1.2.1.19|4.1.2.51|4.1.2.21|1.2.1.8|4.1.2.14,1.2.1|4.1.2|1.2.1|1.2.1|4.1.2|4.2.1|4.2.1|4.2.1|4.2.1|4.1.2|1.2.7|1.2.99|1.2.1|1.2.1|4.1.2|4.1.2|1.2.1|4.1.2,3519
,ME.M00122,,,M00122,"Cobalamin biosynthesis, cobyrinate a,c-diamide => cobalamin",50516|50518|50517|50510|50511|50512|50509|50513|50514|50515,2.7.1.156|2.5.1.17|6.3.1.10|3.1.3.73|2.7.1.156|2.7.7.62|2.4.2.21|2.7.8.26|6.3.5.10|6.3.1.10,2.7.1|2.5.1|6.3.1|3.1.3|2.7.1|2.7.7|2.4.2|2.7.8|6.3.5|6.3.1,3521
,MA.1003,,,,cinnabaramide a biosynthesis,26609|26614|26610|26611|26613|26612,,,3531
,MA.1007,,,,fredericamycin a biosynthesis,26620|26618|26615|26617|26616|26619,,,3532
,MA.1010,,,,communesin-a biosynthesis,26627|26622|26625|26626|26623|26624|26621,,,3533
,MA.1012,,,,frankiamicin a biosynthesis,26628|26631|26630|26629,,,3534
,MA.1014,,,,rhabduscin biosynthesis,26632|26634|26633,,,3535
,MA.1015,,,,bisucaberin biosynthesis,26639|26636|26638|26635|26637,,,3536
,MA.1016,,,,actinorhodin biosynthesis,26645|26644|26647|26642|26646|26641|26649|26643|26640|26648,,,3537
,MA.1019,,,,a201a biosynthesis,26664|26653|26665|26652|26659|26655|26658|26651|26663|26657|26668|26661|26660|26667|26650|26656|26654|26666|26662,,,3538
,MA.1027,,,,fd-594 biosynthesis,26681|26672|26673|26684|26679|26674|26686|26670|26677|26669|26678|26680|26675|26685|26682|26683|26671|26676,,,3539
,MA.1029,,,,pigment i biosynthesis,26688|26691|26687|26692|26693|26689|26690,,,3540
,MA.1037,,,,arixanthomycin a biosynthesis,26695|26698|26702|26704|26700|26699|26697|26696|26703|26694|26701,,,3541
,MA.1057,,,,sangivamycin biosynthesis,26712|26710|26711|26705|26708|26709|26706|26707,,,3542
,MA.1062,,,,a-21101-ii biosynthesis,26724|26717|26722|26715|26726|26720|26723|26716|26714|26713|26725|26721|26719|26718,,,3543
,MA.1069,,,,gentamicin c1 biosynthesis,26727|26735|26732|26736|26738|26734|26731|26733|26728|26730|26729|26737,,,3544
,MA.1073,,,,hexaricin a biosynthesis,26744|26743|26740|26742|26745|26741|26746|26739,,,3545
,MA.1088,,,,hydroxysporine biosynthesis,26750|26751|26749|26747|26748,,,3546
,MA.1095,,,,a-102395 biosynthesis,26759|26755|26758|26762|26756|26760|26761|26753|26757|26763|26754|26752,,,3547
,MA.1101,,,,ascamycin biosynthesis,26766|26769|26764|26767|26768|26765,,,3548
,MA.1109,,,,undecylprodigiosin biosynthesis,26772|26780|26770|26778|26779|26776|26774|26775|26773|26771|26777,,,3549
,MA.1114,,,,lomofungin biosynthesis,26783|26781|26782,,,3550
,MA.1116,,,,antibiotic a 74528 biosynthesis,26784|26789|26785|26788|26786|26787|26791|26790,,,3551
,MA.1123,,,,caprazamycin f biosynthesis,26801|26798|26795|26793|26794|26799|26796|26800|26792|26797,,,3552
,MA.1143,,,,rubrolone a biosynthesis,26814|26804|26802|26812|26809|26806|26805|26807|26813|26811|26803|26808|26810,,,3553
,MA.1146,,,,cladoniamide a biosynthesis,26817|26816|26815|26822|26820|26818|26819|26821,,,3554
,MA.1152,,,,steffimycin-a biosynthesis,26828|26830|26829|26833|26824|26823|26825|26831|26832|26827|26826,,,3555
,MA.1155,,,,u 68204 biosynthesis,26834|26835|26837|26836|26838,,,3556
,MA.1163,,,,cystothiazole a biosynthesis,26842|26839|26843|26845|26840|26841|26846|26844,,,3557
,MA.1164,,,,deferroferroverdin biosynthesis,26852|26848|26847|26851|26853|26849|26850,,,3558
,MA.1169,,,,nikkomycin lx biosynthesis,26856|26858|26861|26859|26863|26864|26862|26860|26857|26854|26855|26865,,,3559
,MA.1171,,,,albonursin biosynthesis,26867|26866,,,3560
,MA.1177,,,,ro-5-9000 biosynthesis,26877|26881|26878|26872|26868|26876|26880|26870|26873|26879|26875|26874|26869|26871,,,3561
,MA.1185,,,,pactamycin biosynthesis,26898|26893|26887|26882|26892|26884|26883|26895|26889|26894|26891|26888|26886|26897|26890|26885|26896,,,3562
,MA.1187,,,,gilvocarcin m biosynthesis,26905|26902|26907|26899|26908|26901|26903|26906|26900|26904,,,3563
,MA.1196,,,,6 (3 methyl 2 butenyl) 1 phenazine carboxylic acid biosynthesis,26917|26915|26914|26919|26909|26916|26913|26910|26912|26918|26911,,,3564
,MA.1198,,,,rubradirin biosynthesis,26930|26944|26927|26939|26933|26937|26932|26931|26920|26924|26945|26946|26938|26941|26942|26929|26921|26922|26947|26943|26923|26936|26935|26940|26928|26926|26925|26934,,,3565
,MA.1207,,,,diothioclapururine biosynthesis,26949|26948|26950,,,3566
,MA.1212,,,,3-n-methylparomomycin i biosynthesis,26956|26951|26957|26953|26955|26959|26958|26952|26954,,,3567
,MA.1217,,,,lactonamycin biosynthesis,26970|26961|26977|26969|26966|26975|26963|26971|26973|26976|26965|26962|26968|26972|26974|26960|26964|26967,,,3568
,MA.1223,,,,dapdiamide a biosynthesis,26981|26980|26979|26978|26982,,,3569
,MA.1234,,,,le-pyrrolopyrazines a biosynthesis,26985|26984|26983|26986,,,3570
,MA.1235,,,,"10a-(1,1-dimethyl-2-propenyl)-3-(imidazol-4- ylmethylene)-5a,10a,11,11a-tetrahydro-2h-pyrazinol[1,2:1,5]- pyrrolo-[2,3-b]indole-1,4-(3h,6h)-dione biosynthesis",26989|26987|26988,,,3571
,MA.1237,,,,pyocyanine biosynthesis,26993|26991|26992|26994|26990,,,3572
,MA.1242,,,,bialaphos biosynthesis,27002|26997|26995|27006|27001|27013|27010|27015|27005|27000|27012|27014|26999|27011|27009|26996|27004|27003|27008|27007|26998,,,3573
,MA.1245,,,,lupinacidin a biosynthesis,27029|27016|27027|27020|27024|27026|27023|27022|27018|27017|27021|27028|27019|27025,,,3574
,MA.1248,,,,cephamycin c biosynthesis,27037|27038|27031|27033|27035|27036|27039|27034|27030|27032,,,3575
,MA.1249,,,,murayaquinone biosynthesis,27048|27049|27050|27045|27041|27053|27046|27044|27043|27052|27040|27047|27051|27042,,,3576
,MA.1255,,,,toyocamycin biosynthesis,27056|27058|27057|27055|27054|27059|27060,,,3577
,MA.1259,,,,fostomycin biosynthesis,27063|27065|27064|27062|27061,,,3578
,MA.1273,,,,phevalin biosynthesis,27066|27067,,,3579
,MA.1281,,,,gentamicin c1 biosynthesis,27077|27072|27079|27070|27071|27074|27068|27078|27069|27076|27073|27075,,,3580
,MA.1283,,,,chromomycin b biosynthesis,27084|27089|27086|27082|27088|27091|27085|27081|27087|27090|27080|27083,,,3581
,MA.1286,,,,mycemycin d biosynthesis,27096|27094|27093|27099|27098|27095|27097|27100|27092,,,3582
,MA.1294,,,,cytorhodin n biosynthesis,27115|27103|27123|27106|27121|27114|27111|27110|27117|27125|27113|27124|27107|27105|27108|27104|27126|27112|27118|27119|27109|27102|27120|27101|27116|27122,,,3583
,MA.1295,,,,chlorobiocin biosynthesis,27144|27133|27138|27136|27132|27143|27142|27137|27139|27127|27128|27129|27141|27135|27130|27134|27140|27131,,,3584
,MA.1309,,,,salinipostin g biosynthesis,27150|27147|27148|27152|27146|27149|27151|27145,,,3585
,MA.1311,,,,kanamycin-a biosynthesis,27153|27157|27158|27160|27156|27159|27154|27155,,,3586
,MA.1320,,,,enterocin biosynthesis,27163|27169|27165|27166|27161|27167|27162|27164|27168,,,3587
,MA.1321,,,,fischerindole l biosynthesis,27172|27171|27170,,,3588
,MA.1325,,,,esmeraldin b biosynthesis,27174|27173|27181|27180|27183|27182|27178|27176|27179|27177|27175,,,3589
,MA.1330,,,,lincomycin a biosynthesis,27184|27192|27191|27193|27187|27189|27196|27195|27197|27185|27186|27188|27194|27190,,,3590
,MA.1343,,,,rishirilide b biosynthesis,27198|27200|27199|27201,,,3591
,MA.1347,,,,collismycin b biosynthesis,27215|27210|27213|27205|27204|27206|27217|27207|27208|27214|27218|27202|27211|27209|27212|27216|27203,,,3592
,MA.1359,,,,"(18s,19s)-azinomycin b biosynthesis",27237|27234|27221|27226|27227|27220|27235|27233|27229|27225|27224|27230|27219|27223|27222|27236|27231|27239|27232|27238|27228,,,3593
,MA.1361,,,,afq-b biosynthesis,27240|27241,,,3594
,MA.1372,,,,mithramycin biosynthesis,27247|27248|27250|27251|27246|27253|27243|27244|27252|27254|27245|27242|27249,,,3595
,MA.1373,,,,erdasporine-a biosynthesis,27257|27258|27255|27256,,,3596
,MA.1378,,,,resistomycin biosynthesis,27260|27259,,,3597
,MA.1383,,,,kasugamycin biosynthesis,27263|27264|27261|27266|27262|27265|27267,,,3598
,MA.1394,,,,(+)-leinamycin biosynthesis,27279|27271|27270|27268|27269|27272|27277|27278|27273|27276|27274|27275,,,3599
,MA.1395,,,,leporin b biosynthesis,27280|27283|27281|27282|27284,,,3600
,MA.1397,,,,merochlorin a biosynthesis,27287|27288|27286|27285,,,3601
,MA.1399,,,,marineosin a biosynthesis,27290|27289|27291|27293|27292,,,3602
,MA.1401,,,,curvupallide-a biosynthesis,27296|27295|27294|27297,,,3603
,MA.1409,,,,lactonamycin z biosynthesis,27307|27306|27298|27302|27303|27308|27300|27301|27305|27304|27299,,,3604
,MA.1411,,,,6-deoxytetracycline biosynthesis,27312|27311|27315|27314|27321|27310|27316|27313|27319|27317|27320|27318|27309,,,3605
,MA.1425,,,,mildiomycin biosynthesis,27325|27330|27329|27324|27322|27327|27326|27328|27323,,,3606
,MA.1435,,,,pretomeimycin biosynthesis,27335|27341|27337|27332|27333|27342|27336|27340|27331|27338|27334|27339,,,3607
,MA.1440,,,,ectoine biosynthesis,27345|27347|27343|27346|27344,,,3608
,MA.1444,,,,landomycin a biosynthesis,27349|27354|27348|27355|27353|27352|27350|27356|27351,,,3609
,MA.1446,,,,coumermycin a1 biosynthesis,27361|27374|27360|27369|27366|27367|27363|27365|27372|27371|27368|27359|27358|27357|27373|27362|27370|27364|27375,,,3610
,MA.1447,,,,sirodesmin-g biosynthesis,27379|27381|27376|27377|27380|27382|27378,,,3611
,MA.1448,,,,fostomycin biosynthesis,27384|27386|27387|27385|27383,,,3612
,MA.1449,,,,nocazine a biosynthesis,27391|27388|27393|27392|27390|27389,,,3613
,MA.1451,,,,glufosinate bsi biosynthesis,27396|27404|27395|27401|27398|27406|27405|27397|27410|27394|27402|27400|27408|27407|27403|27399|27409,,,3614
,MA.1454,,,,grixazone b biosynthesis,27414|27419|27413|27418|27415|27416|27417|27412|27411,,,3615
,MA.1460,,,,kinamycin d biosynthesis,27422|27420|27421|27423,,,3616
,MA.1468,,,,albacarcin v biosynthesis,27437|27436|27424|27426|27438|27429|27428|27431|27425|27432|27435|27434|27433|27427|27430,,,3617
,MA.1471,,,,erdacin biosynthesis,27439|27441|27443|27440|27442,,,3618
,MA.1475,,,,hedamycin biosynthesis,27449|27448|27446|27444|27451|27450|27447|27452|27445,,,3619
,MA.1476,,,,benastatin-a biosynthesis,27453|27455|27456|27454,,,3620
,MA.1488,,,,deacetyl 890 a3 biosynthesis,27458|27459|27461|27460|27457,,,3621
,MA.1494,,,,myxothiazol biosynthesis,27462|27468|27470|27471|27469|27463|27466|27465|27467|27464,,,3622
,MA.1497,,,,bromo-dechloroaspirochlorine biosynthesis,27474|27476|27473|27472|27475,,,3623
,MA.1505,,,,apramycin biosynthesis,27479|27477|27478|27481|27480,,,3624
,MA.1506,,,,lactoquinomycin a biosynthesis,27483|27493|27485|27495|27484|27486|27497|27489|27496|27490|27491|27482|27494|27492|27488|27487,,,3625
,MA.1514,,,,1-carbapen-2-em-3-carboxylate biosynthesis,27501|27499|27500|27498,,,3626
,MA.1516,,,,fortimicin a biosynthesis,27513|27508|27510|27506|27515|27516|27509|27511|27502|27517|27507|27505|27504|27503|27512|27514,,,3627
,MA.1524,,,,reductasporine biosynthesis,27518|27522|27521|27519|27520|27523,,,3628
,MA.1530,,,,3-deoxyaquayamycin glycoside a biosynthesis,27524|27530|27529|27527|27531|27526|27533|27525|27528|27532,,,3629
,MA.1537,,,,fumitremorgin biosynthesis,27536|27535|27541|27538|27539|27537|27542|27540|27534,,,3630
,MA.1539,,,,ravidomycin biosynthesis,27549|27555|27547|27550|27546|27553|27552|27551|27557|27556|27548|27544|27543|27545|27554,,,3631
,MA.1541,,,,blasticidin-s biosynthesis,27561|27558|27560|27566|27565|27562|27564|27567|27563|27559,,,3632
,MA.1546,,,,gliovirin biosynthesis,27573|27574|27571|27569|27572|27570|27568|27575|27576,,,3633
,MA.1555,,,,muraminomicin f biosynthesis,27582|27584|27579|27585|27581|27578|27577|27583|27586|27580,,,3634
,MA.1583,,,,hygromycin b biosynthesis,27592|27587|27591|27588|27589|27590,,,3635
,MA.1591,,,,streptomycin biosynthesis,27611|27605|27610|27607|27604|27600|27597|27595|27599|27603|27593|27606|27594|27612|27598|27608|27602|27596|27609|27613|27601,,,3636
,MA.1592,,,,showdomycin biosynthesis,27619|27621|27620|27615|27616|27618|27614|27617,,,3637
,MA.1604,,,,"2,6,8-trihydroxy-3-methylbenz[a]anthracene-1,4,7,12-tetrone biosynthesis",27623|27624|27626|27625|27622,,,3638
,MA.1611,,,,"2,3-dehydrouwm 6 biosynthesis",27629|27628|27627|27630,,,3639
,MA.1612,,,,griseoviridin biosynthesis,27634|27639|27640|27637|27631|27635|27636|27632|27638|27633,,,3640
,MA.1617,,,,platencin biosynthesis,27645|27647|27642|27650|27646|27648|27641|27644|27649|27643|27651,,,3641
,MA.1621,,,,kiamycin biosynthesis,27652|27659|27656|27658|27657|27654|27653|27655,,,3642
,MA.1628,,,,saquayamycin z biosynthesis,27671|27670|27666|27682|27664|27675|27667|27668|27672|27681|27683|27673|27660|27665|27679|27669|27676|27662|27678|27663|27661|27674|27680|27677,,,3643
,MA.1640,,,,hexose-palythine-serine biosynthesis,27688|27685|27686|27684|27687,,,3644
,MA.1646,,,,at2433-a1 biosynthesis,27689|27693|27692|27697|27699|27701|27691|27700|27690|27695|27702|27694|27696|27698,,,3645
,MA.1652,,,,coelimycin p1 biosynthesis,27714|27705|27712|27710|27706|27708|27717|27718|27713|27716|27709|27711|27707|27715|27703|27704,,,3646
,MA.1672,,,,aurachin a biosynthesis,27723|27719|27726|27727|27722|27720|27721|27725|27724,,,3647
,MA.1674,,,,kanamycin-a biosynthesis,27729|27732|27731|27735|27728|27733|27734|27730,,,3648
,MA.1679,,,,tunicamycin biosynthesis,27739|27738|27744|27742|27743|27736|27737|27741|27740,,,3649
,MA.1688,,,,formicamycins a biosynthesis,27749|27747|27745|27748|27750|27746|27751,,,3650
,MA.1689,,,,fluostatins m biosynthesis,27757|27754|27759|27758|27753|27756|27755|27752,,,3651
,MA.1699,,,,(cyano(hydroxy)methyl)phosphonic acid biosynthesis,27762|27763|27760|27761,,,3652
,MA.1701,,,,neocarzinostatin chromophore biosynthesis,27770|27764|27769|27776|27775|27774|27771|27772|27767|27768|27766|27773|27765,,,3653
,MA.1718,,,,tilivalline biosynthesis,27778|27777|27779,,,3654
,MA.1722,,,,hygromycin-c biosynthesis,27786|27784|27789|27788|27783|27782|27781|27785|27792|27791|27780|27787|27790|27793,,,3655
,MA.1725,,,,cytorhodin y biosynthesis,27809|27800|27816|27796|27807|27802|27811|27812|27798|27797|27799|27803|27813|27805|27814|27810|27815|27817|27795|27794|27808|27806|27804|27801,,,3656
,MA.1729,,,,elloramycin biosynthesis,27826|27824|27822|27825|27823|27827|27819|27820|27818|27821,,,3657
,MA.1733,,,,melanin biosynthesis,27830|27829|27828|27831,,,3658
,MA.1736,,,,saquayamycin a biosynthesis,27838|27839|27837|27833|27834|27832|27835|27836,,,3659
,MA.1761,,,,porothramycin biosynthesis,27846|27840|27845|27849|27848|27844|27854|27853|27847|27852|27850|27851|27841|27842|27843,,,3660
,MA.1762,,,,nsc-70845 biosynthesis,27874|27859|27864|27869|27870|27858|27866|27860|27862|27856|27863|27861|27865|27871|27873|27855|27868|27857|27872|27867,,,3661
,MA.1774,,,,bicyclomycin biosynthesis,27876|27877|27880|27879|27881|27875|27878,,,3662
,MA.1775,,,,mycocyclosin biosynthesis,27882|27883,,,3663
,MA.1776,,,,tpu-0025 a biosynthesis,27893|27899|27884|27886|27896|27900|27891|27903|27904|27897|27890|27887|27901|27889|27885|27902|27895|27894|27898|27888|27905|27892,,,3664
,MA.1786,,,,neomycin b biosynthesis,27907|27909|27911|27915|27910|27914|27912|27906|27908|27913,,,3665
,MA.1788,,,,bartoloside-d biosynthesis,27916|27921|27919|27920|27922|27917|27918,,,3666
,MA.1796,,,,10381a1 biosynthesis,27923|27931|27935|27927|27934|27929|27933|27924|27925|27926|27928|27930|27932,,,3667
,MA.1807,,,,nataxazole biosynthesis,27941|27942|27936|27940|27939|27937|27938,,,3668
,MA.1809,,,,bagremycin b biosynthesis,27951|27949|27946|27945|27948|27950|27947|27944|27943,,,3669
,MA.1822,,,,rhizocticine b biosynthesis,27953|27955|27954|27958|27957|27956|27952,,,3670
,MA.1826,,,,tetarimycin b biosynthesis,27961|27960|27959,,,3671
,MA.1831,,,,pyripyropene a biosynthesis,27963|27971|27964|27965|27962|27967|27968|27969|27966|27970,,,3672
,MA.1837,,,,ambiguine a biosynthesis,27976|27977|27972|27973|27974|27975,,,3673
,MA.1850,,,,borregomycin a biosynthesis,27985|27984|27981|27983|27978|27982|27980|27986|27979,,,3674
,MA.1851,,,,paerucumarin biosynthesis,27990|27988|27989|27987,,,3675
,MA.1852,,,,rebeccamycin biosynthesis,27992|27994|27991|27993|27995,,,3676
,MA.1856,,,,kanamycin-a biosynthesis,28001|28000|28003|27998|27999|28002|27996|27997,,,3677
,MA.1858,,,,obafluorin biosynthesis,28004|28008|28012|28005|28010|28006|28007|28013|28015|28011|28014|28009|28016,,,3678
,MA.1859,,,,prodigiosin biosynthesis,28020|28018|28025|28021|28019|28024|28017|28023|28022,,,3679
,MA.1865,,,,indolmycin biosynthesis,28031|28028|28029|28030|28026|28027,,,3680
,MA.1871,,,,barbamide biosynthesis,28038|28034|28033|28032|28037|28035|28039|28040|28036,,,3681
,MA.1873,,,,tryptoquialanine a biosynthesis,28043|28041|28050|28049|28045|28042|28044|28048|28051|28047|28046,,,3682
,MA.1874,,,,pseudomonic acid c biosynthesis,28065|28054|28058|28060|28059|28063|28053|28052|28056|28066|28061|28055|28062|28057|28064,,,3683
,MA.1879,,,,divergolide c biosynthesis,28078|28077|28070|28071|28080|28076|28079|28075|28074|28068|28067|28073|28072|28069,,,3684
,MA.1886,,,,cyclo-ww-2m biosynthesis,28082|28081,,,3685
,MA.1891,,,,cosmomycin d biosynthesis,28086|28083|28088|28087|28085|28089|28084,,,3686
,MA.1899,,,,bicyclomycin biosynthesis,28090|28092|28093|28096|28091|28094|28095,,,3687
,MA.1900,,,,chrysogine biosynthesis,28100|28099|28098|28097,,,3688
,MA.1916,,,,trabectedin biosynthesis,28111|28105|28108|28118|28114|28117|28101|28112|28110|28107|28115|28103|28102|28113|28106|28116|28109|28104,,,3689
,MA.1918,,,,pigment i biosynthesis,28119|28120|28121|28123|28122,,,3690
,MA.1921,,,,nocardicin a biosynthesis,28126|28137|28124|28135|28132|28136|28125|28130|28134|28128|28133|28129|28127|28131,,,3691
,MA.1923,,,,cephalosporin-c biosynthesis,28144|28141|28139|28143|28138|28142|28145|28140,,,3692
,MA.1924,,,,paraherquamide a biosynthesis,28149|28150|28148|28156|28153|28146|28152|28160|28154|28159|28155|28157|28147|28158|28161|28151,,,3693
,MA.1928,,,,liposidomycin b biosynthesis,28169|28168|28170|28171|28167|28166|28164|28163|28165|28162,,,3694
,MA.1930,,,,aspyridone a biosynthesis,28172|28179|28177|28174|28178|28176|28173|28175,,,3695
,MA.1931,,,,salinosporamide_a biosynthesis,28189|28184|28185|28191|28186|28183|28181|28187|28182|28190|28180|28188|28192,,,3696
,MA.1935,,,,nebramycin-6 biosynthesis,28197|28194|28196|28193|28199|28198|28195,,,3697
,MA.1941,,,,dactylocyclin-e biosynthesis,28207|28205|28212|28202|28210|28203|28211|28200|28216|28204|28209|28215|28213|28214|28208|28201|28206,,,3698
,MA.1942,,,,neomycin b biosynthesis,28218|28217|28227|28226|28232|28220|28219|28221|28222|28223|28225|28228|28229|28230|28224|28231,,,3699
,MA.1945,,,,k-252a biosynthesis,28236|28233|28240|28238|28239|28234|28237|28235,,,3700
,MA.1964,,,,dihydroisoflavupucine biosynthesis,28241|28244|28248|28247|28243|28245|28246|28242,,,3701
,MA.1972,,,,lysolipin i biosynthesis,28252|28250|28253|28254|28249|28257|28256|28255|28251|28258,,,3702
,MA.1975,,,,4-hydroxy-3-nitrosobenzamide biosynthesis,28260|28264|28262|28261|28259|28263,,,3703
,MA.1980,,,,desalicetin biosynthesis,28276|28278|28277|28279|28269|28270|28268|28282|28281|28271|28275|28274|28273|28272|28266|28280|28265|28267,,,3704
,MA.522,,,,ectoine biosynthesis,28283|28284|28285,,,3705
,MA.526,,,,nenestatin a biosynthesis,28299|28298|28297|28300|28302|28286|28292|28289|28290|28295|28291|28287|28301|28293|28294|28288|28296,,,3706
,MA.531,,,,jadomycin biosynthesis,28305|28303|28310|28307|28304|28306|28308|28309|28311,,,3707
,MA.561,,,,muraymycin biosynthesis,28313|28321|28314|28317|28322|28324|28312|28318|28323|28315|28316|28320|28319,,,3708
,MA.567,,,,lazarimide a biosynthesis,28333|28325|28332|28330|28329|28334|28336|28327|28331|28328|28335|28326,,,3709
,MA.572,,,,a-factor biosynthesis,28337|28338|28341|28340|28339,,,3710
,MA.576,,,,prodigiosin biosynthesis,28349|28346|28352|28345|28343|28347|28348|28344|28350|28342|28351,,,3711
,MA.578,,,,mayamycin b biosynthesis,28362|28355|28357|28361|28360|28356|28353|28354|28358|28359,,,3712
,MA.582,,,,nebramycin-6 biosynthesis,28369|28366|28363|28367|28371|28365|28368|28370|28364,,,3713
,MA.589,,,,sf-773 biosynthesis,28379|28376|28378|28375|28374|28372|28377|28373,,,3714
,MA.592,,,,ergovaline biosynthesis,28387|28384|28385|28383|28386|28380|28382|28381,,,3715
,MA.596,,,,3-methylarginine biosynthesis,28388|28389,,,3716
,MA.599,,,,bacilysin biosynthesis,28395|28394|28390|28392|28391|28393|28396,,,3717
,MA.607,,,,be-54017 biosynthesis,28406|28411|28409|28405|28410|28401|28397|28400|28399|28398|28403|28407|28408|28402|28404,,,3718
,MA.610,,,,melithiazol a biosynthesis,28419|28421|28412|28413|28414|28420|28418|28416|28415|28417,,,3719
,MA.612,,,,fluostatin c biosynthesis,28426|28427|28424|28425|28422|28423|28428,,,3720
,MA.613,,,,arenimycin biosynthesis,28441|28437|28431|28438|28433|28435|28442|28440|28439|28430|28434|28432|28436|28429,,,3721
,MA.619,,,,carbapenem mm 4550 biosynthesis,28448|28453|28446|28445|28443|28451|28454|28452|28450|28444|28449|28447,,,3722
,MA.623,,,,lomaiviticin a biosynthesis,28458|28468|28467|28459|28466|28461|28465|28456|28463|28469|28457|28460|28462|28464|28455,,,3723
,MA.624,,,,deacetoxycephalosporin c biosynthesis,28472|28474|28471|28470|28473|28475,,,3724
,MA.626,,,,simocyclinone d4 biosynthesis,28486|28479|28495|28482|28477|28494|28492|28487|28496|28490|28499|28498|28480|28478|28483|28491|28484|28481|28489|28500|28485|28488|28493|28497|28476,,,3725
,MA.632,,,,pigment i biosynthesis,28505|28502|28504|28503|28501,,,3726
,MA.634,,,,pseudomonic acid c biosynthesis,28520|28506|28514|28509|28511|28510|28519|28507|28516|28508|28512|28515|28518|28517|28513,,,3727
,MA.638,,,,fosfazinomycin a biosynthesis,28522|28525|28524|28530|28523|28529|28528|28531|28521|28527|28526,,,3728
,MA.639,,,,tetracenomycin c biosynthesis,28536|28538|28532|28535|28533|28537|28534,,,3729
,MA.642,,,,sf-767-a biosynthesis,28546|28544|28543|28539|28540|28542|28541|28545,,,3730
,MA.661,,,,5-butylpyridine-2-carboxylic acid biosynthesis,28550|28549|28551|28556|28547|28557|28548|28554|28552|28553|28555,,,3731
,MA.662,,,,siia-c 2191a biosynthesis,28576|28564|28570|28566|28579|28560|28562|28580|28572|28558|28573|28574|28571|28567|28563|28575|28578|28569|28565|28568|28559|28561|28577,,,3732
,MA.664,,,,puromycin biosynthesis,28586|28583|28584|28581|28582|28587|28585|28589|28588,,,3733
,MA.666,,,,methylenomycin biosynthesis,28590|28592|28593|28591,,,3734
,MA.670,,,,welwitindolinone a isonitrile biosynthesis,28597|28594|28598|28599|28596|28595|28600,,,3735
,MA.673,,,,clavulanic acid biosynthesis,28606|28602|28601|28603|28605|28607|28604,,,3736
,MA.678,,,,griseorhodin a biosynthesis,28608|28613|28612|28611|28610|28609,,,3737
,MA.681,,,,ambiguine a biosynthesis,28616|28614|28615|28617|28618,,,3738
,MA.685,,,,sf-773 biosynthesis,28620|28626|28621|28624|28625|28623|28619|28622,,,3739
,MA.687,,,,valclavam biosynthesis,28627|28630|28635|28631|28634|28636|28628|28633|28629|28632,,,3740
,MA.698,,,,polyoxin h biosynthesis,28643|28645|28650|28648|28640|28647|28653|28639|28652|28642|28638|28641|28637|28649|28651|28646|28644,,,3741
,MA.700,,,,arimetamycin b biosynthesis,28658|28662|28659|28657|28654|28661|28656|28660|28655,,,3742
,MA.714,,,,rubidomycin biosynthesis,28663|28675|28674|28667|28669|28671|28670|28676|28665|28673|28664|28668|28677|28672|28666,,,3743
,MA.716,,,,phosphonoacetic acid biosynthesis,28680|28679|28678,,,3744
,MA.718,,,,alnumycin biosynthesis,28689|28681|28687|28684|28691|28688|28690|28685|28682|28683|28686,,,3745
,MA.730,,,,apramycin biosynthesis,28699|28698|28693|28694|28697|28696|28695|28692,,,3746
,MA.752,,,,dehydrophos biosynthesis,28709|28700|28702|28708|28705|28706|28703|28701|28704|28707|28710,,,3747
,MA.771,,,,phosacetamycin biosynthesis,28715|28711|28716|28712|28713|28714,,,3748
,MA.790,,,,cacibiocin b biosynthesis,28718|28721|28723|28720|28722|28717|28719,,,3749
,MA.792,,,,ce-33-b biosynthesis,28728|28724|28727|28726|28730|28725|28729,,,3750
,MA.794,,,,showdomycin biosynthesis,28732|28734|28737|28731|28736|28733|28735,,,3751
,MA.797,,,,amicetin biosynthesis,28747|28753|28743|28741|28745|28751|28752|28755|28750|28739|28738|28742|28754|28749|28744|28746|28740|28748,,,3752
,MA.800,,,,gliotoxin biosynthesis,28764|28761|28757|28760|28762|28759|28756|28758|28763,,,3753
,MA.802,,,,actinorhodin biosynthesis,28768|28765|28767|28769|28766|28771|28772|28770,,,3754
,MA.806,,,,benzylpenicillin biosynthesis,28774|28775|28773,,,3755
,MA.810,,,,pradimicin a biosynthesis,28781|28776|28778|28777|28780|28779,,,3756
,MA.811,,,,herbicolin i biosynthesis,28782|28786|28783|28784|28785,,,3757
,MA.814,,,,azicemicin-a biosynthesis,28792|28787|28791|28789|28790|28788,,,3758
,MA.827,,,,bartoloside i biosynthesis,28794|28793|28795|28796,,,3759
,MA.828,,,,saframycin a biosynthesis,28803|28799|28804|28797|28806|28809|28802|28808|28805|28801|28807|28800|28798,,,3760
,MA.832,,,,fr-900098 biosynthesis,28814|28816|28818|28811|28817|28815|28819|28813|28812|28810,,,3761
,MA.834,,,,antibiotic be 24566b (-)-form biosynthesis,28820|28821|28822,,,3762
,MA.836,,,,sf2575 biosynthesis,28823|28845|28843|28829|28827|28835|28832|28838|28837|28826|28824|28836|28830|28840|28841|28844|28846|28842|28839|28831|28828|28834|28825|28833,,,3763
,MA.838,,,,istamycin a biosynthesis,28849|28853|28854|28851|28847|28852|28850|28855|28848,,,3764
,MA.839,,,,caerulomycin-a biosynthesis,28859|28868|28866|28862|28860|28870|28865|28857|28867|28863|28864|28871|28861|28869|28856|28858,,,3765
,MA.860,,,,phosalacine biosynthesis,28873|28886|28883|28889|28875|28881|28882|28876|28879|28888|28872|28890|28878|28892|28887|28891|28877|28884|28880|28874|28885,,,3766
,MA.861,,,,pyrronazol b biosynthesis,28898|28900|28896|28897|28893|28895|28894|28899,,,3767
,MA.863,,,,tilivalline biosynthesis,28903|28906|28902|28904|28901|28907|28905,,,3768
,MA.864,,,,wildfire toxin biosynthesis,28914|28913|28912|28910|28911|28916|28915|28908|28909,,,3769
,MA.866,,,,pulcherrimin biosynthesis,28918|28917,,,3770
,MA.890,,,,d-4-amino-3-isoxazolidinone biosynthesis,28922|28919|28923|28921|28920,,,3771
,MA.900,,,,lambdamycin biosynthesis,28924|28938|28937|28927|28939|28933|28926|28929|28936|28931|28928|28925|28934|28940|28942|28935|28941|28932|28930,,,3772
,MA.904,,,,rubidomycin biosynthesis,28943|28949|28944|28952|28950|28957|28945|28951|28953|28955|28956|28954|28948|28946|28947,,,3773
,MA.915,,,,penigequinolone b biosynthesis,28967|28962|28960|28966|28969|28961|28958|28964|28968|28959|28965|28963,,,3774
,MA.918,,,,isosulfazecin biosynthesis,28970|28972|28971|28973|28975|28974,,,3775
,MA.921,,,,butirosin b biosynthesis,28986|28977|28982|28985|28978|28976|28980|28984|28987|28983|28979|28988|28981,,,3776
,MA.923,,,,jbir-76 biosynthesis,28997|28994|28999|28996|28998|28989|28992|28993|28995|28991|28990,,,3777
,MA.925,,,,neomycin b biosynthesis,29003|29008|29006|29009|29002|29007|29004|29000|29005|29001,,,3778
,MA.926,,,,simocyclinone a biosynthesis,29021|29033|29026|29010|29011|29027|29034|29023|29030|29035|29015|29031|29013|29020|29018|29029|29014|29016|29017|29025|29024|29022|29019|29028|29012|29032,,,3779
,MA.931,,,,be 7585 a biosynthesis,29050|29038|29040|29044|29036|29053|29051|29037|29043|29049|29045|29046|29052|29039|29047|29048|29041|29042,,,3780
,MA.933,,,,pyrrolizixenamide a biosynthesis,29056|29058|29054|29055|29057,,,3781
,MA.938,,,,chelocardin biosynthesis,29061|29059|29060|29063|29064|29062,,,3782
,MA.943,,,,k-252a biosynthesis,29072|29066|29071|29067|29068|29069|29065|29070,,,3783
,MA.944,,,,staurosporine biosynthesis,29078|29077|29080|29082|29084|29074|29076|29073|29075|29083|29081|29079,,,3784
,MA.959,,,,"1,3,6-trihydroxy-8-methylanthraquinone biosynthesis",29087|29088|29085|29086|29089,,,3785
,MA.962,,,,novobiocin biosynthesis,29096|29092|29097|29093|29098|29091|29094|29095|29099|29090|29100,,,3786
,MA.964,,,,a-90289a biosynthesis,29102|29105|29110|29103|29104|29101|29111|29107|29109|29106|29108,,,3787
,MA.972,,,,yunnanmycin biosynthesis,29112|29116|29119|29118|29115|29121|29120|29113|29122|29114|29117,,,3788
,MA.979,,,,mensacarcin biosynthesis,29125|29126|29128|29123|29124|29127,,,3789
,MA.991,,,,sybiromycin biosynthesis,29142|29150|29147|29132|29146|29129|29133|29152|29148|29143|29139|29141|29140|29138|29131|29145|29144|29135|29136|29137|29153|29151|29149|29130|29134,,,3790
,MA.992,,,,lycopersin biosynthesis,29159|29155|29160|29154|29158|29157|29156,,,3791
,MA.659081,,,,argyrin a2 biosynthesis,29166|29167|29165|29177|29168|29172|29175|29178|29181|29162|29173|29170|29182|29171|29174|29179|29185|29184|29183|29169|29180|29176|29161|29163|29164,,,3792
,MA.659082,,,,ambomycin biosynthesis,29188|29194|29192|29189|29195|29187|29191|29186|29193|29190,,,3793
,MA.659084,,,,tasikamide b biosynthesis,29251|29200|29237|29208|29219|29247|29248|29246|29238|29245|29262|29222|29239|29221|29240|29225|29218|29261|29214|29254|29249|29242|29224|29250|29232|29204|29241|29215|29236|29252|29257|29267|29217|29223|29230|29260|29264|29228|29196|29243|29216|29205|29259|29226|29212|29210|29199|29233|29203|29198|29231|29207|29220|29202|29255|29201|29256|29197|29244|29265|29227|29211|29258|29263|29206|29268|29209|29235|29253|29266|29234|29229|29213,,,3794
,MA.659086,,,,t-36496 biosynthesis,29276|29279|29275|29289|29285|29284|29288|29282|29286|29280|29271|29274|29278|29277|29269|29287|29272|29281|29283|29273|29270,,,3795
,MA.659107,,,,aristeromycin biosynthesis,29300|29301|29299|29294|29291|29290|29295|29298|29292|29293|29296|29297,,,3796
,MA.659033,,,,streptozotocin biosynthesis,29303|29308|29304|29310|29306|29302|29307|29309|29305,,,3797
,MA.659034,,,,cyanogramide biosynthesis,29315|29314|29313|29312|29316|29317|29311|29318,,,3798
,MA.659035,,,,carquinostatin-a biosynthesis,29324|29323|29319|29322|29325|29321|29320|29326,,,3799
,MA.659036,,,,sb-203207 biosynthesis,29341|29338|29330|29336|29337|29328|29332|29329|29331|29327|29334|29333|29340|29335|29339,,,3800
,MA.659040,,,,loonamycin b biosynthesis,29351|29346|29347|29343|29356|29344|29354|29355|29348|29353|29352|29345|29342|29350|29349,,,3801
,MA.659041,,,,tjipanazole-j biosynthesis,29377|29378|29375|29396|29388|29363|29372|29367|29358|29393|29371|29362|29386|29382|29395|29374|29379|29373|29368|29383|29389|29364|29381|29360|29392|29394|29366|29380|29357|29369|29384|29370|29385|29361|29387|29365|29390|29359|29376|29391,,,3802
,MA.659046,,,,luzopeptin biosynthesis,29398|29405|29404|29400|29403|29397|29399|29401|29402,,,3803
,MA.659048,,,,anthelvencin-b biosynthesis,29410|29408|29412|29406|29409|29407|29411,,,3804
,MA.659053,,,,cochinmicin-i biosynthesis,29418|29426|29414|29419|29424|29428|29427|29425|29421|29423|29420|29416|29413|29429|29417|29422|29415,,,3805
,MA.659060,,,,longicatenamide d biosynthesis,29430|29450|29444|29457|29442|29454|29436|29440|29451|29452|29432|29431|29434|29456|29445|29435|29447|29448|29438|29433|29439|29453|29443|29437|29446|29449|29455|29441,,,3806
,MA.659061,,,,pentaminomycin g biosynthesis,29467|29468|29479|29462|29472|29478|29465|29474|29475|29473|29458|29471|29464|29460|29463|29470|29469|29477|29476|29461|29466|29459,,,3807
,MA.659089,,,,amicoumacin a biosynthesis,29480|29484|29482|29481|29483|29486|29487|29488|29485,,,3808
,MA.659090,,,,pateamine a biosynthesis,29489|29496|29499|29491|29492|29497|29493|29498|29490|29494|29495,,,3809
,MA.659092,,,,detoxin n2 biosynthesis,29505|29500|29502|29504|29506|29501|29503,,,3810
,MA.659093,,,,thaxteramide b2 biosynthesis,29508|29513|29515|29509|29510|29507|29511|29512|29514,,,3811
,MA.659095,,,,oxazolepoxidomycin a biosynthesis,29528|29527|29531|29524|29518|29529|29520|29522|29530|29519|29517|29516|29525|29526|29521|29523,,,3812
,MA.659096,,,,myxolipoxazole a biosynthesis,29545|29532|29536|29544|29540|29541|29546|29539|29533|29549|29537|29548|29538|29551|29543|29534|29542|29547|29535|29550,,,3813
,MA.659097,,,,chitinimide c biosynthesis,29577|29567|29555|29557|29581|29559|29563|29571|29572|29569|29556|29574|29552|29582|29579|29580|29561|29553|29558|29576|29566|29565|29578|29568|29575|29562|29573|29554|29564|29570|29560,,,3814
,MA.659100,,,,fulvuthiacene a biosynthesis,29583|29599|29593|29584|29585|29604|29595|29586|29594|29587|29602|29589|29598|29600|29590|29596|29591|29605|29588|29597|29601|29603|29592,,,3815
,MA.659103,,,,a-94964 biosynthesis,29613|29609|29607|29608|29611|29610|29612|29606,,,3816
,MA.659104,,,,angustmycin a biosynthesis,29616|29617|29615|29620|29621|29618|29622|29619|29614,,,3817
,MA.659105,,,,formycin-a biosynthesis,29636|29640|29626|29642|29625|29638|29627|29645|29628|29637|29623|29632|29643|29624|29633|29646|29630|29629|29641|29639|29634|29644|29631|29635|29647,,,3818
,MA.659106,,,,coformycin biosynthesis,29657|29656|29653|29652|29648|29654|29650|29649|29655|29651,,,3819
,MA.659108,,,,herbicidin a biosynthesis,29661|29662|29665|29663|29658|29660|29659|29664,,,3820
,MA.659110,,,,8-azaxanthine biosynthesis,29669|29667|29668|29670|29666,,,3821
,MA.659109,,,,aureonuclemycin biosynthesis,29671|29674|29673|29672,,,3822
,MA.659113,,,,beta-d-pyrazofurin biosynthesis,29693|29676|29689|29688|29682|29685|29701|29675|29680|29686|29697|29695|29696|29677|29681|29687|29683|29679|29699|29702|29684|29700|29698|29691|29690|29692|29678|29694,,,3823
,MA.659114,,,,minimycin biosynthesis,29706|29703|29705|29704|29708|29709|29707,,,3824
,MA.659116,,,,bagremycin a biosynthesis,29711|29713|29718|29716|29714|29717|29712|29710|29715,,,3825
,MA.659118,,,,detoxin p2 biosynthesis,29736|29739|29719|29721|29720|29729|29726|29730|29731|29722|29723|29734|29735|29727|29738|29732|29725|29728|29724|29737|29733,,,3826
,MA.659119,,,,malonomicin biosynthesis,29741|29742|29743|29745|29744|29740,,,3827
,MA.659123,,,,armeniaspirol c biosynthesis,29765|29748|29758|29769|29761|29759|29771|29772|29778|29749|29763|29754|29753|29767|29768|29770|29776|29762|29774|29766|29773|29756|29757|29755|29775|29760|29746|29777|29751|29752|29764|29747|29750,,,3828
,MA.659124,,,,pantocin a biosynthesis,29781|29779|29780,,,3829
,MA.659137,,,,zeaxanthin biosynthesis,29784|29782|29786|29785|29787|29783,,,3830
,MA.659139,,,,brasilicardin b biosynthesis,29790|29794|29792|29789|29804|29800|29802|29793|29807|29797|29795|29806|29791|29796|29805|29810|29808|29809|29803|29788|29798|29801|29799,,,3831
,MA.659138,,,,lavanduquinocin biosynthesis,29813|29817|29814|29818|29815|29811|29816|29812,,,3832
,MA.659141,,,,2-hydroxysorangiadenosine biosynthesis,29823|29832|29831|29833|29819|29825|29820|29826|29821|29828|29824|29829|29822|29830|29827,,,3833
,MA.659142,,,,marinoterpin a biosynthesis,29852|29837|29848|29845|29840|29846|29844|29854|29855|29841|29843|29839|29849|29838|29836|29856|29847|29850|29851|29853|29834|29835|29842,,,3834
,MA.659144,,,,"3,6,8-trimethoxy naphthalen-1-ol biosynthesis",29864|29860|29865|29862|29857|29866|29858|29859|29869|29868|29861|29867|29863,,,3835
,MA.659145,,,,metathramycin biosynthesis,29874|29883|29881|29872|29884|29873|29878|29882|29880|29871|29876|29870|29875|29879|29877,,,3836
,MA.659143,,,,venemycin biosynthesis,29888|29895|29896|29894|29899|29890|29887|29900|29893|29897|29901|29886|29889|29898|29885|29891|29892,,,3837
,MA.659146,,,,streptoketide a biosynthesis,29904|29911|29902|29908|29914|29906|29910|29907|29912|29915|29913|29903|29916|29909|29905,,,3838
,MA.659147,,,,ll-d49194α1 biosynthesis,29931|29926|29928|29918|29924|29935|29937|29927|29923|29941|29942|29933|29932|29921|29925|29929|29917|29934|29943|29922|29936|29940|29920|29919|29938|29930|29939,,,3839
,MA.659155,,,,5athq-8i biosynthesis,29980|29961|29956|29960|29953|29964|29989|29957|29954|29981|29993|29967|29987|29959|29977|29966|29992|29983|29988|29955|29974|29962|29990|29958|29948|29973|29972|29947|29985|29976|29950|29949|29979|29969|29946|29982|29944|29971|29952|29968|29945|29951|29986|29965|29994|29984|29970|29991|29963|29978|29975|29995,,,3840
,MA.659170,,,,scopranone b biosynthesis,30009|29999|30002|30003|30000|30001|29996|30008|29998|30006|30005|29997|30007|30004,,,3841
,MA.659191,,,,coprisamide b biosynthesis,30018|30017|30012|30016|30010|30013|30011|30014|30015,,,3842
,MA.659044_D,,,,sungeidine g biosynthesis,30021|30026|30019|30023|30024|30022|30027|30020|30028|30025,,,3843
,MA.659156_A,,,,pentacyclic isomer 1 biosynthesis,30029|30033|30032|30036|30034|30037|30035|30031|30030,,,3844
,MA.659044_B,,,,sungeidine g biosynthesis,30044|30049|30038|30047|30048|30045|30043|30040|30041|30039|30046|30042,,,3845
,MA.659150_B,,,,julichrome q6 biosynthesis,30052|30050|30053|30051,,,3846
,MA.659102_B,,,,necroxime d biosynthesis,30064|30066|30062|30068|30069|30056|30071|30059|30060|30067|30063|30065|30057|30061|30070|30058|30054|30055,,,3847
,MA.659148_G,,,,sf2315a biosynthesis,30075|30072|30073|30076|30074|30077,,,3848
,MA.659156_E,,,,pentacyclic isomer 1 biosynthesis,30086|30088|30078|30082|30089|30083|30079|30091|30087|30084|30090|30081|30085|30080|30093|30092,,,3849
,MA.659044_G,,,,sungeidine g biosynthesis,30104|30105|30102|30095|30100|30096|30099|30097|30101|30098|30103|30094,,,3850
,MA.659091_B,,,,microcyctin-hphhty biosynthesis,30109|30108|30106|30116|30112|30111|30115|30107|30113|30110|30114,,,3851
,MA.659148_B,,,,sf2315a biosynthesis,30121|30118|30120|30123|30126|30122|30127|30124|30125|30117|30119,,,3852
,MA.659151_B,,,,neoenterocin b biosynthesis,30135|30133|30136|30130|30128|30147|30142|30143|30132|30138|30137|30146|30139|30129|30140|30141|30131|30134|30148|30144|30145,,,3853
,MA.659148_E,,,,sf2315a biosynthesis,30157|30158|30155|30151|30154|30150|30149|30152|30156|30153,,,3854
,MA.659150_E,,,,julichrome q6 biosynthesis,30161|30167|30165|30163|30162|30159|30164|30168|30170|30166|30160|30169,,,3855
,MA.659150_A,,,,julichrome q6 biosynthesis,30172|30173|30174|30171,,,3856
,MA.659091_D,,,,microcyctin-hphhty biosynthesis,30180|30184|30183|30177|30175|30181|30182|30178|30176|30185|30179,,,3857
,MA.659102_A,,,,necroxime d biosynthesis,30199|30198|30191|30193|30195|30192|30187|30194|30196|30188|30203|30200|30189|30197|30201|30190|30202|30186,,,3858
,MA.659148_A,,,,sf2315a biosynthesis,30204|30208|30211|30206|30212|30209|30210|30207|30205|30213,,,3859
,MA.659150_D,,,,julichrome q6 biosynthesis,30218|30214|30223|30222|30220|30216|30217|30215|30219|30221,,,3860
,MA.659151_A,,,,neoenterocin b biosynthesis,30231|30227|30242|30226|30234|30241|30230|30225|30240|30233|30238|30232|30229|30224|30243|30228|30236|30237|30235|30239,,,3861
,MA.659154_B,,,,cervinomycin b1 biosynthesis,30248|30252|30245|30251|30249|30250|30253|30244|30246|30247|30255|30254,,,3862
,MA.659148_D,,,,sf2315a biosynthesis,30256|30262|30259|30258|30261|30260|30257,,,3863
,MA.659091_E,,,,microcyctin-hphhty biosynthesis,30264|30273|30268|30265|30272|30267|30271|30270|30266|30269|30263,,,3864
,MA.659044_H,,,,sungeidine g biosynthesis,30275|30283|30274|30278|30280|30282|30284|30277|30281|30276|30285|30279,,,3865
,MA.659148_C,,,,sf2315a biosynthesis,30291|30288|30289|30287|30286|30290,,,3866
,MA.659087,,,,miharamycin-b biosynthesis,30301|30312|30315|30306|30297|30317|30322|30310|30295|30311|30303|30316|30298|30305|30296|30307|30308|30314|30302|30320|30319|30304|30299|30309|30318|30324|30323|30292|30325|30293|30321|30313|30294|30300,,,3867
,MA.659148_H,,,,sf2315a biosynthesis,30329|30332|30327|30328|30333|30326|30331|30330,,,3868
,MA.659156_B,,,,pentacyclic isomer 1 biosynthesis,30339|30335|30340|30342|30336|30334|30338|30337|30341,,,3869
,MA.659156_F,,,,pentacyclic isomer 1 biosynthesis,30349|30343|30345|30351|30352|30355|30353|30354|30348|30356|30346|30350|30358|30357|30344|30347,,,3870
,MA.659148_I,,,,sf2315a biosynthesis,30361|30367|30365|30366|30363|30360|30364|30362|30359,,,3871
,MA.659156_H,,,,pentacyclic isomer 1 biosynthesis,30375|30369|30380|30371|30381|30382|30372|30373|30379|30376|30378|30374|30368|30377|30370,,,3872
,MA.659156_G,,,,pentacyclic isomer 1 biosynthesis,30385|30387|30388|30392|30397|30398|30386|30393|30390|30396|30395|30389|30394|30383|30391|30384,,,3873
,MA.659091_A,,,,microcyctin-hphhty biosynthesis,30400|30399|30404|30401|30408|30405|30409|30403|30402|30407|30406,,,3874
,MA.659154_A,,,,cervinomycin b1 biosynthesis,30414|30424|30411|30417|30415|30410|30412|30423|30421|30413|30419|30422|30416|30418|30420,,,3875
,MA.659044_A,,,,sungeidine g biosynthesis,30436|30437|30435|30427|30433|30426|30429|30431|30430|30428|30434|30432|30425,,,3876
,MA.659156_C,,,,pentacyclic isomer 1 biosynthesis,30445|30453|30452|30454|30438|30446|30451|30449|30444|30450|30442|30441|30448|30440|30439|30447|30443,,,3877
,MA.659148_F,,,,sf2315a biosynthesis,30461|30455|30456|30460|30459|30457|30458,,,3878
,MA.659102_C,,,,necroxime d biosynthesis,30473|30467|30472|30463|30465|30462|30475|30477|30470|30469|30468|30466|30476|30471|30464|30474,,,3879
,MA.659156_D,,,,pentacyclic isomer 1 biosynthesis,30486|30490|30485|30488|30484|30487|30489|30481|30483|30494|30478|30493|30491|30492|30479|30480|30482,,,3880
,MA.659091_C,,,,microcyctin-hphhty biosynthesis,30497|30501|30496|30500|30502|30504|30495|30503|30505|30498|30499,,,3881
,MA.659150_C,,,,julichrome q6 biosynthesis,30510|30506|30512|30509|30507|30513|30508|30511,,,3882
,MA.659117,,,,diastaphenazine biosynthesis,30515|30514|30517|30539|30536|30516|30541|30529|30532|30544|30528|30518|30534|30527|30525|30520|30535|30533|30542|30522|30540|30538|30531|30519|30523|30526|30537|30543|30524|30530|30521,,,3883
